14.91   8.16___15:0:14  1       0     1     2.01    +++   1     
2.92    8.16___15:0:34  2       0     2     2.04    +++   2     
1.42    8.16___15:0:48  3       1     2     2.01    ---   1     
1.15    8.16___15:1:1   4       2     2     1.99    ---   0     
2.95    8.16___15:1:21  5       2     3     2.01    +++   1     
17.21   8.16___15:1:57  6       2     4     2.04    +++   2     
4.6     8.16___15:2:19  7       2     5     2.04    +++   3     
1.65    8.16___15:2:35  8       3     5     2.04    ---   2     
1.06    8.16___15:2:47  9       4     5     2.01    ---   1     
14.51   8.16___15:3:21  10      4     6     2.04    +++   2     
1.12    8.16___15:3:34  11      5     6     2.01    ---   1     
1.15    8.16___15:3:47  12      6     6     1.99    ---   0     
1.57    8.16___15:4:2   13      7     6     1.97    ---   -1    
1.18    8.16___15:4:16  14      8     6     1.95    ---   -2    
2.4     8.16___15:4:34  15      8     7     1.97    +++   -1    
1.08    8.16___15:4:46  16      9     7     1.95    ---   -2    
2.82    8.16___15:5:5   17      9     8     1.97    +++   -1    
1.5     8.16___15:5:20  18      10    8     1.95    ---   -2    
3.35    8.16___15:5:40  19      10    9     1.97    +++   -1    
33.21   8.16___15:6:27  20      10    10    1.99    +++   0     
1.12    8.16___15:6:39  21      11    10    1.97    ---   -1    
10.68   8.16___15:7:10  22      11    11    1.99    +++   0     
1.69    8.16___15:7:25  23      12    11    1.97    ---   -1    
1       8.16___15:7:36  24      13    11    1.95    ---   -2    
4.77    8.16___15:7:59  25      13    12    1.97    +++   -1    
3.65    8.16___15:8:20  26      13    13    1.99    +++   0     
4.73    8.16___15:8:42  27      13    14    2.01    +++   1     
1.71    8.16___15:8:58  28      14    14    1.99    ---   0     
4.25    8.16___15:9:20  29      14    15    2.01    +++   1     
1.01    8.16___15:9:31  30      15    15    1.99    ---   0     
9.22    8.16___15:10:0  31      15    16    2.01    +++   1     
1.31    8.16___15:10:14 32      16    16    1.99    ---   0     
29.73   8.16___15:10:59 33      16    17    2.01    +++   1     
2.14    8.16___15:11:16 34      16    18    2.04    +++   2     
2.15    8.16___15:11:33 35      16    19    2.04    +++   3     
2.15    8.16___15:11:51 36      16    20    2.04    +++   4     
1.96    8.16___15:12:7  37      17    20    2.04    ---   3     
1.26    8.16___15:12:21 38      18    20    2.04    ---   2     
1.15    8.16___15:12:34 39      19    20    2.01    ---   1     
1.52    8.16___15:12:49 40      20    20    1.99    ---   0     
1.01    8.16___15:13:1  41      21    20    1.97    ---   -1    
1.69    8.16___15:13:16 42      22    20    1.96    ---   -2    
1.82    8.16___15:13:33 43      23    20    1.95    ---   -3    
1.27    8.16___15:13:47 44      24    20    1.95    ---   -4    
6.04    8.16___15:14:11 45      24    21    1.95    +++   -3    
2.06    8.16___15:14:28 46      24    22    1.96    +++   -2    
1.24    8.16___15:14:42 47      25    22    1.95    ---   -3    
3.67    8.16___15:15:3  48      25    23    1.96    +++   -2    
2.79    8.16___15:15:22 49      25    24    1.97    +++   -1    
10.17   8.16___15:15:52 50      25    25    1.99    +++   0     
1.87    8.16___15:16:8  51      26    25    1.97    ---   -1    
1.54    8.16___15:16:23 52      27    25    1.96    ---   -2    
1.31    8.16___15:16:37 53      28    25    1.95    ---   -3    
2.81    8.16___15:16:56 54      28    26    1.96    +++   -2    
1.22    8.16___15:17:10 55      29    26    1.95    ---   -3    
1.29    8.16___15:17:24 56      30    26    1.95    ---   -4    
1.47    8.16___15:17:39 57      31    26    1.94    ---   -5    
4.17    8.16___15:18:1  58      31    27    1.95    +++   -4    
1.3     8.16___15:18:15 59      32    27    1.94    ---   -5    
1       8.16___15:18:25 60      33    27    1.93    ---   -6    
1.23    8.16___15:18:39 61      34    27    1.91    ---   -7    
1.07    8.16___15:18:51 62      35    27    1.9     ---   -8    
27.61   8.16___15:19:34 63      35    28    1.91    +++   -7    
1.28    8.16___15:19:48 64      36    28    1.9     ---   -8    
1.09    8.16___15:20:1  65      37    28    1.88    ---   -9    
1.11    8.16___15:20:14 66      38    28    1.87    ---   -10   
1.05    8.16___15:20:25 67      39    28    1.87    ---   -11   
1.56    8.16___15:20:41 68      40    28    1.87    ---   -12   
27.46   8.16___15:21:24 69      40    29    1.87    +++   -11   
1       8.16___15:21:34 70      41    29    1.87    ---   -12   
1.44    8.16___15:21:49 71      42    29    1.87    ---   -13   
25.8    8.16___15:22:31 72      42    30    1.87    +++   -12   
2.72    8.16___15:22:50 73      42    31    1.87    +++   -11   
3.64    8.16___15:23:11 74      42    32    1.87    +++   -10   
8.36    8.16___15:23:38 75      42    33    1.88    +++   -9    
2.87    8.16___15:23:58 76      42    34    1.9     +++   -8    
13.15   8.16___15:24:30 77      42    35    1.91    +++   -7    
1.58    8.16___15:24:46 78      43    35    1.9     ---   -8    
1.79    8.16___15:25:2  79      44    35    1.88    ---   -9    
1.61    8.16___15:25:17 80      45    35    1.87    ---   -10   
1.1     8.16___15:25:30 81      46    35    1.87    ---   -11   
4.95    8.16___15:25:53 82      46    36    1.87    +++   -10   
3.19    8.16___15:26:13 83      46    37    1.88    +++   -9    
1       8.16___15:26:24 84      47    37    1.87    ---   -10   
20.5    8.16___15:27:2  85      47    38    1.88    +++   -9    
21.42   8.16___15:27:41 86      47    39    1.9     +++   -8    
1.15    8.16___15:27:54 87      48    39    1.88    ---   -9    
1.93    8.16___15:28:11 88      49    39    1.9     ---   -10   
1.02    8.16___15:28:22 89      50    39    1.88    ---   -11   
2.54    8.16___15:28:41 90      50    40    1.9     +++   -10   
1.91    8.16___15:28:57 91      51    40    1.9     ---   -11   
1.56    8.16___15:29:12 92      52    40    1.9     ---   -12   
1.72    8.16___15:29:28 93      53    40    1.88    ---   -13   
31.13   8.16___15:30:14 94      53    41    1.9     +++   -12   
1.75    8.16___15:30:30 95      54    41    1.88    ---   -13   
1.99    8.16___15:30:47 96      55    41    1.9     ---   -14   
2.43    8.16___15:31:5  97      55    42    1.9     +++   -13   
1.34    8.16___15:31:19 98      56    42    1.9     ---   -14   
8.97    8.16___15:31:47 99      56    43    1.9     +++   -13   
1       8.16___15:31:58 100     57    43    1.9     ---   -14   
1.71    8.16___15:32:14 101     58    43    1.88    ---   -15   
1.53    8.16___15:32:29 102     59    43    1.87    ---   -16   
1.06    8.16___15:32:41 103     60    43    1.87    ---   -17   
3.92    8.16___15:33:2  104     60    44    1.87    +++   -16   
1.16    8.16___15:33:16 105     61    44    1.87    ---   -17   
1.28    8.16___15:33:29 106     62    44    1.87    ---   -18   
5.27    8.16___15:33:53 107     62    45    1.87    +++   -17   
1.57    8.16___15:34:8  108     63    45    1.87    ---   -18   
1.61    8.16___15:34:24 109     64    45    1.87    ---   -19   
1.13    8.16___15:34:37 110     65    45    1.87    ---   -20   
1.13    8.16___15:34:50 111     66    45    1.86    ---   -21   
2.17    8.16___15:35:7  112     66    46    1.87    +++   -20   
3.19    8.16___15:35:27 113     66    47    1.87    +++   -19   
23.1    8.16___15:36:7  114     66    48    1.87    +++   -18   
1.1     8.16___15:36:20 115     67    48    1.87    ---   -19   
3.84    8.16___15:36:41 116     67    49    1.87    +++   -18   
1.04    8.16___15:36:53 117     68    49    1.87    ---   -19   
1.35    8.16___15:37:7  118     69    49    1.87    ---   -20   
3.5     8.16___15:37:28 119     69    50    1.87    +++   -19   
2.48    8.16___15:37:46 120     69    51    1.87    +++   -18   
11.83   8.16___15:38:17 121     69    52    1.87    +++   -17   
5.6     8.16___15:38:41 122     69    53    1.87    +++   -16   
1.48    8.16___15:38:56 123     70    53    1.87    ---   -17   
9.58    8.16___15:39:25 124     70    54    1.87    +++   -16   
1.38    8.16___15:39:40 125     71    54    1.87    ---   -17   
1.49    8.16___15:39:55 126     72    54    1.87    ---   -18   
1.26    8.16___15:40:9  127     73    54    1.87    ---   -19   
1.37    8.16___15:40:23 128     74    54    1.87    ---   -20   
1.15    8.16___15:40:36 129     75    54    1.86    ---   -21   
1.77    8.16___15:40:52 130     76    54    1.85    ---   -22   
1.14    8.16___15:41:5  131     77    54    1.84    ---   -23   
2.09    8.16___15:41:22 132     77    55    1.85    +++   -22   
7.03    8.16___15:41:48 133     77    56    1.86    +++   -21   
4.44    8.16___15:42:11 134     77    57    1.87    +++   -20   
2.38    8.16___15:42:29 135     77    58    1.87    +++   -19   
24.21   8.16___15:43:10 136     77    59    1.87    +++   -18   
1.94    8.16___15:43:26 137     78    59    1.87    ---   -19   
1.24    8.16___15:43:40 138     79    59    1.87    ---   -20   
1.5     8.16___15:43:55 139     80    59    1.87    ---   -21   
1.38    8.16___15:44:9  140     81    59    1.87    ---   -22   
24.6    8.16___15:44:51 141     81    60    1.87    +++   -21   
1.02    8.16___15:45:2  142     82    60    1.87    ---   -22   
1.06    8.16___15:45:14 143     83    60    1.86    ---   -23   
1.69    8.16___15:45:30 144     84    60    1.85    ---   -24   
6.16    8.16___15:45:55 145     84    61    1.86    +++   -23   
5.43    8.16___15:46:19 146     84    62    1.87    +++   -22   
1.1     8.16___15:46:31 147     85    62    1.86    ---   -23   
1.18    8.16___15:46:45 148     86    62    1.85    ---   -24   
1.07    8.16___15:46:57 149     87    62    1.84    ---   -25   
2       8.16___15:47:14 150     87    63    1.85    +++   -24   
2.25    8.16___15:47:31 151     87    64    1.86    +++   -23   
1.14    8.16___15:47:44 152     88    64    1.85    ---   -24   
1       8.16___15:47:55 153     89    64    1.84    ---   -25   
1.56    8.16___15:48:10 154     90    64    1.83    ---   -26   
2.9     8.16___15:48:30 155     90    65    1.84    +++   -25   
2.33    8.16___15:48:47 156     90    66    1.85    +++   -24   
1.4     8.16___15:49:2  157     91    66    1.84    ---   -25   
1.89    8.16___15:49:19 158     92    66    1.85    ---   -26   
2.2     8.16___15:49:36 159     92    67    1.86    +++   -25   
2.13    8.16___15:49:53 160     92    68    1.87    +++   -24   
1.9     8.16___15:50:10 161     93    68    1.87    ---   -25   
2.52    8.16___15:50:28 162     93    69    1.87    +++   -24   
1.2     8.16___15:50:42 163     94    69    1.87    ---   -25   
3.23    8.16___15:51:2  164     94    70    1.87    +++   -24   
6.49    8.16___15:51:27 165     94    71    1.87    +++   -23   
7.39    8.16___15:51:54 166     94    72    1.87    +++   -22   
1.8     8.16___15:52:10 167     95    72    1.87    ---   -23   
1.46    8.16___15:52:25 168     96    72    1.87    ---   -24   
1.54    8.16___15:52:40 169     97    72    1.87    ---   -25   
1.33    8.16___15:52:54 170     98    72    1.87    ---   -26   
21.96   8.16___15:53:34 171     98    73    1.87    +++   -25   
1.91    8.16___15:53:50 172     99    73    1.87    ---   -26   
1.32    8.16___15:54:4  173     100   73    1.87    ---   -27   
2.35    8.16___15:54:22 174     100   74    1.87    +++   -26   
4.3     8.16___15:54:44 175     100   75    1.87    +++   -25   
1.08    8.16___15:54:57 176     101   75    1.87    ---   -26   
1.95    8.16___15:55:13 177     102   75    1.87    ---   -27   
1.65    8.16___15:55:29 178     103   75    1.87    ---   -28   
1.69    8.16___15:55:45 179     104   75    1.87    ---   -29   
34.85   8.16___15:56:32 180     104   76    1.87    +++   -28   
1.25    8.16___15:56:46 181     105   76    1.87    ---   -29   
1       8.16___15:56:56 182     106   76    1.87    ---   -30   
7.18    8.16___15:57:23 183     106   77    1.87    +++   -29   
2.01    8.16___15:57:40 184     106   78    1.87    +++   -28   
3.82    8.16___15:58:1  185     106   79    1.87    +++   -27   
4.7     8.16___15:58:41 186     106   80    1.87    +++   -26   
1.07    8.16___15:58:54 187     107   80    1.87    ---   -27   
1       8.16___15:59:4  188     108   80    1.87    ---   -28   
1.54    8.16___15:59:19 189     109   80    1.87    ---   -29   
1.34    8.16___15:59:34 190     110   80    1.87    ---   -30   
1.27    8.16___15:59:47 191     111   80    1.86    ---   -31   
