1.75    8.16___16:0:3   1       1     0     1.85    ---   -1    
1.2     8.16___16:0:17  2       2     0     1.84    ---   -2    
2.64    8.16___16:0:36  3       2     1     1.85    +++   -1    
1.07    8.16___16:0:48  4       3     1     1.84    ---   -2    
1.02    8.16___16:0:59  5       4     1     1.83    ---   -3    
1.03    8.16___16:1:11  6       5     1     1.82    ---   -4    
1.57    8.16___16:1:26  7       6     1     1.82    ---   -5    
1.51    8.16___16:1:41  8       7     1     1.81    ---   -6    
5.31    8.16___16:2:5   9       7     2     1.82    +++   -5    
2.57    8.16___16:2:23  10      7     3     1.82    +++   -4    
2.36    8.16___16:2:42  11      7     4     1.83    +++   -3    
1.31    8.16___16:2:55  12      8     4     1.82    ---   -4    
1.12    8.16___16:3:8   13      9     4     1.82    ---   -5    
3.32    8.16___16:3:28  14      9     5     1.82    +++   -4    
3.85    8.16___16:3:49  15      9     6     1.83    +++   -3    
1.98    8.16___16:4:6   16      10    6     1.84    ---   -4    
8.92    8.16___16:4:35  17      10    7     1.85    +++   -3    
1.16    8.16___16:4:48  18      11    7     1.84    ---   -4    
1.71    8.16___16:5:4   19      12    7     1.83    ---   -5    
1.62    8.16___16:5:19  20      13    7     1.82    ---   -6    
1.38    8.16___16:5:34  21      14    7     1.82    ---   -7    
7.71    8.16___16:6:1   22      14    8     1.82    +++   -6    
1.27    8.16___16:6:14  23      15    8     1.82    ---   -7    
1.65    8.16___16:6:30  24      16    8     1.81    ---   -8    
1.91    8.16___16:6:47  25      17    8     1.82    ---   -9    
2.71    8.16___16:7:6   26      17    9     1.82    +++   -8    
3       8.16___16:7:25  27      17    10    1.83    +++   -7    
1.26    8.16___16:7:39  28      18    10    1.82    ---   -8    
2.48    8.16___16:7:57  29      18    11    1.83    +++   -7    
1.01    8.16___16:8:8   30      19    11    1.82    ---   -8    
1.28    8.16___16:8:22  31      20    11    1.82    ---   -9    
1.08    8.16___16:8:34  32      21    11    1.81    ---   -10   
11.88   8.16___16:9:6   33      21    12    1.82    +++   -9    
1.79    8.16___16:9:22  34      22    12    1.81    ---   -10   
3.76    8.16___16:9:43  35      22    13    1.82    +++   -9    
1.99    8.16___16:10:0  36      23    13    1.82    ---   -10   
2.87    8.16___16:10:19 37      23    14    1.83    +++   -9    
4.75    8.16___16:10:42 38      23    15    1.84    +++   -8    
1       8.16___16:10:52 39      24    15    1.83    ---   -9    
1.42    8.16___16:11:7  40      25    15    1.82    ---   -10   
2.1     8.16___16:11:24 41      25    16    1.83    +++   -9    
1.35    8.16___16:11:39 42      26    16    1.82    ---   -10   
3.35    8.16___16:11:59 43      26    17    1.83    +++   -9    
2.04    8.16___16:12:16 44      26    18    1.84    +++   -8    
1.06    8.16___16:12:28 45      27    18    1.83    ---   -9    
27.19   8.16___16:13:11 46      27    19    1.84    +++   -8    
1.61    8.16___16:13:26 47      28    19    1.83    ---   -9    
8.4     8.16___16:13:54 48      28    20    1.84    +++   -8    
2.51    8.16___16:14:12 49      28    21    1.85    +++   -7    
1.14    8.16___16:14:25 50      29    21    1.84    ---   -8    
1.82    8.16___16:14:42 51      30    21    1.83    ---   -9    
21.05   8.16___16:15:20 52      30    22    1.84    +++   -8    
1.09    8.16___16:15:33 53      31    22    1.83    ---   -9    
2.12    8.16___16:15:50 54      31    23    1.84    +++   -8    
6.14    8.16___16:16:15 55      31    24    1.85    +++   -7    
1.96    8.16___16:16:32 56      32    24    1.86    ---   -8    
3.63    8.16___16:16:52 57      32    25    1.87    +++   -7    
3.07    8.16___16:17:12 58      32    26    1.87    +++   -6    
2.87    8.16___16:17:31 59      32    27    1.87    +++   -5    
3.52    8.16___16:17:52 60      32    28    1.87    +++   -4    
3.54    8.16___16:18:13 61      32    29    1.87    +++   -3    
2.19    8.16___16:18:30 62      32    30    1.88    +++   -2    
1.51    8.16___16:18:45 63      33    30    1.87    ---   -3    
1.17    8.16___16:18:58 64      34    30    1.87    ---   -4    
1.05    8.16___16:19:10 65      35    30    1.87    ---   -5    
2.73    8.16___16:19:29 66      35    31    1.87    +++   -4    
1.02    8.16___16:19:40 67      36    31    1.87    ---   -5    
1.96    8.16___16:19:57 68      37    31    1.87    ---   -6    
4.03    8.16___16:20:19 69      37    32    1.87    +++   -5    
20.67   8.16___16:20:57 70      37    33    1.88    +++   -4    
15.41   8.16___16:21:32 71      37    34    1.89    +++   -3    
1.56    8.16___16:21:47 72      38    34    1.88    ---   -4    
1.5     8.16___16:22:2  73      39    34    1.87    ---   -5    
1.72    8.16___16:22:18 74      40    34    1.87    ---   -6    
1.79    8.16___16:22:34 75      41    34    1.87    ---   -7    
1.29    8.16___16:22:48 76      42    34    1.87    ---   -8    
5.86    8.16___16:23:13 77      42    35    1.87    +++   -7    
1.03    8.16___16:23:24 78      43    35    1.87    ---   -8    
1.23    8.16___16:23:38 79      44    35    1.87    ---   -9    
3.57    8.16___16:23:59 80      44    36    1.87    +++   -8    
1.72    8.16___16:24:15 81      45    36    1.87    ---   -9    
1.69    8.16___16:24:30 82      46    36    1.86    ---   -10   
3.13    8.16___16:24:50 83      46    37    1.87    +++   -9    
1.38    8.16___16:25:5  84      47    37    1.86    ---   -10   
9.9     8.16___16:25:34 85      47    38    1.87    +++   -9    
1.77    8.16___16:25:50 86      48    38    1.86    ---   -10   
2.12    8.16___16:26:7  87      48    39    1.87    +++   -9    
1.42    8.16___16:26:22 88      49    39    1.86    ---   -10   
1.12    8.16___16:26:35 89      50    39    1.85    ---   -11   
1       8.16___16:26:45 90      51    39    1.84    ---   -12   
1.08    8.16___16:26:58 91      52    39    1.83    ---   -13   
6.82    8.16___16:27:24 92      52    40    1.84    +++   -12   
1.44    8.16___16:27:38 93      53    40    1.83    ---   -13   
1       8.16___16:27:49 94      54    40    1.82    ---   -14   
1.19    8.16___16:28:2  95      55    40    1.82    ---   -15   
1.1     8.16___16:28:15 96      56    40    1.82    ---   -16   
23      8.16___16:28:55 97      56    41    1.82    +++   -15   
3.22    8.16___16:29:15 98      56    42    1.82    +++   -14   
1.26    8.16___16:29:29 99      57    42    1.82    ---   -15   
2.06    8.16___16:29:46 100     57    43    1.82    +++   -14   
2.18    8.16___16:30:3  101     57    44    1.83    +++   -13   
23.89   8.16___16:30:44 102     57    45    1.84    +++   -12   
1.49    8.16___16:30:59 103     58    45    1.83    ---   -13   
1.25    8.16___16:31:13 104     59    45    1.82    ---   -14   
26.53   8.16___16:31:55 105     59    46    1.83    +++   -13   
3.99    8.16___16:32:17 106     59    47    1.84    +++   -12   
2.29    8.16___16:32:34 107     59    48    1.85    +++   -11   
1       8.16___16:32:45 108     60    48    1.84    ---   -12   
1.2     8.16___16:32:58 109     61    48    1.83    ---   -13   
1.27    8.16___16:33:12 110     62    48    1.82    ---   -14   
1.35    8.16___16:33:26 111     63    48    1.82    ---   -15   
2.01    8.16___16:33:43 112     63    49    1.82    +++   -14   
1.06    8.16___16:33:55 113     64    49    1.82    ---   -15   
1.45    8.16___16:34:10 114     65    49    1.82    ---   -16   
1.5     8.16___16:34:25 115     66    49    1.82    ---   -17   
23.27   8.16___16:35:6  116     66    50    1.82    +++   -16   
25.21   8.16___16:35:47 117     66    51    1.82    +++   -15   
1.16    8.16___16:36:0  118     67    51    1.82    ---   -16   
1.14    8.16___16:36:13 119     68    51    1.82    ---   -17   
1.78    8.16___16:36:29 120     69    51    1.81    ---   -18   
1.3     8.16___16:36:43 121     70    51    1.8     ---   -19   
1.76    8.16___16:37:0  122     71    51    1.79    ---   -20   
1.13    8.16___16:37:12 123     72    51    1.79    ---   -21   
1.91    8.16___16:37:29 124     73    51    1.79    ---   -22   
1.05    8.16___16:37:41 125     74    51    1.79    ---   -23   
1.5     8.16___16:37:56 126     75    51    1.79    ---   -24   
1.16    8.16___16:38:9  127     76    51    1.79    ---   -25   
3.64    8.16___16:38:30 128     76    52    1.79    +++   -24   
2.11    8.16___16:38:47 129     76    53    1.79    +++   -23   
1.39    8.16___16:39:2  130     77    53    1.79    ---   -24   
28.22   8.16___16:39:45 131     77    54    1.79    +++   -23   
1.22    8.16___16:39:59 132     78    54    1.79    ---   -24   
1.2     8.16___16:40:12 133     79    54    1.79    ---   -25   
1.41    8.16___16:40:27 134     80    54    1.79    ---   -26   
1.03    8.16___16:40:38 135     81    54    1.79    ---   -27   
9.85    8.16___16:41:8  136     81    55    1.79    +++   -26   
2.94    8.16___16:41:27 137     81    56    1.79    +++   -25   
1.08    8.16___16:41:39 138     82    56    1.79    ---   -26   
1.3     8.16___16:41:53 139     83    56    1.79    ---   -27   
1       8.16___16:42:4  140     84    56    1.78    ---   -28   
2.03    8.16___16:42:21 141     84    57    1.79    +++   -27   
11.7    8.16___16:42:52 142     84    58    1.79    +++   -26   
3.28    8.16___16:43:12 143     84    59    1.79    +++   -25   
1.09    8.16___16:43:25 144     85    59    1.79    ---   -26   
1.4     8.16___16:43:39 145     86    59    1.79    ---   -27   
1       8.16___16:43:50 146     87    59    1.78    ---   -28   
1.19    8.16___16:44:3  147     88    59    1.78    ---   -29   
1.38    8.16___16:44:17 148     89    59    1.77    ---   -30   
9.08    8.16___16:44:46 149     89    60    1.78    +++   -29   
2.83    8.16___16:45:5  150     89    61    1.78    +++   -28   
2.06    8.16___16:45:22 151     89    62    1.79    +++   -27   
1.11    8.16___16:45:35 152     90    62    1.78    ---   -28   
2.11    8.16___16:45:52 153     90    63    1.79    +++   -27   
15.11   8.16___16:46:26 154     90    64    1.79    +++   -26   
4.26    8.16___16:46:48 155     90    65    1.79    +++   -25   
1.09    8.16___16:47:1  156     91    65    1.79    ---   -26   
5.69    8.16___16:47:25 157     91    66    1.79    +++   -25   
1.39    8.16___16:47:39 158     92    66    1.79    ---   -26   
21.85   8.16___16:48:19 159     92    67    1.79    +++   -25   
11.03   8.16___16:48:49 160     92    68    1.79    +++   -24   
1.13    8.16___16:49:2  161     93    68    1.79    ---   -25   
1.85    8.16___16:49:19 162     94    68    1.79    ---   -26   
1.73    8.16___16:49:35 163     95    68    1.79    ---   -27   
1.2     8.16___16:49:48 164     96    68    1.79    ---   -28   
1.74    8.16___16:50:4  165     97    68    1.79    ---   -29   
1.35    8.16___16:50:18 166     98    68    1.78    ---   -30   
5.25    8.16___16:50:42 167     98    69    1.79    +++   -29   
1.82    8.16___16:50:58 168     99    69    1.79    ---   -30   
1.34    8.16___16:51:12 169     100   69    1.79    ---   -31   
1.06    8.16___16:51:25 170     101   69    1.78    ---   -32   
3.28    8.16___16:51:45 171     101   70    1.79    +++   -31   
7.56    8.16___16:52:11 172     101   71    1.79    +++   -30   
1.02    8.16___16:52:23 173     102   71    1.79    ---   -31   
1.35    8.16___16:52:37 174     103   71    1.78    ---   -32   
1       8.16___16:52:48 175     104   71    1.78    ---   -33   
2.43    8.16___16:53:6  176     104   72    1.78    +++   -32   
1.73    8.16___16:53:22 177     105   72    1.78    ---   -33   
1.92    8.16___16:53:38 178     106   72    1.78    ---   -34   
5.29    8.16___16:54:2  179     106   73    1.79    +++   -33   
4.17    8.16___16:54:25 180     106   74    1.79    +++   -32   
1.36    8.16___16:54:38 181     107   74    1.79    ---   -33   
3.31    8.16___16:54:58 182     107   75    1.79    +++   -32   
1.48    8.16___16:55:13 183     108   75    1.79    ---   -33   
1.01    8.16___16:55:25 184     109   75    1.78    ---   -34   
1.53    8.16___16:55:40 185     110   75    1.78    ---   -35   
1       8.16___16:55:50 186     111   75    1.77    ---   -36   
1.13    8.16___16:56:3  187     112   75    1.77    ---   -37   
1.29    8.16___16:56:17 188     113   75    1.77    ---   -38   
3.37    8.16___16:56:37 189     113   76    1.77    +++   -37   
6.67    8.16___16:57:3  190     113   77    1.77    +++   -36   
21.48   8.16___16:57:42 191     113   78    1.78    +++   -35   
3.03    8.16___16:58:2  192     113   79    1.78    +++   -34   
1.93    8.16___16:58:18 193     114   79    1.79    ---   -35   
25.8    8.16___16:59:0  194     114   80    1.79    +++   -34   
1.07    8.16___16:59:13 195     115   80    1.79    ---   -35   
2.33    8.16___16:59:30 196     115   81    1.79    +++   -34   
1.05    8.16___16:59:42 197     116   81    1.79    ---   -35   
