2.53    8.16___17:0:1   1       0     1     1.79    +++   1     
9.93    8.16___17:0:30  2       0     2     1.79    +++   2     
1.81    8.16___17:0:47  3       1     2     1.79    ---   1     
1.42    8.16___17:1:1   4       2     2     1.79    ---   0     
5.22    8.16___17:1:25  5       2     3     1.79    +++   1     
4.44    8.16___17:1:47  6       2     4     1.79    +++   2     
5.5     8.16___17:2:11  7       2     5     1.79    +++   3     
2.24    8.16___17:2:29  8       2     6     1.8     +++   4     
1.2     8.16___17:2:42  9       3     6     1.79    ---   3     
1.88    8.16___17:2:58  10      4     6     1.8     ---   2     
1.5     8.16___17:3:13  11      5     6     1.79    ---   1     
1.82    8.16___17:3:30  12      6     6     1.8     ---   0     
1       8.16___17:3:40  13      7     6     1.79    ---   -1    
7.07    8.16___17:4:6   14      7     7     1.8     +++   0     
2.03    8.16___17:4:23  15      7     8     1.8     +++   1     
7.83    8.16___17:4:51  16      7     9     1.81    +++   2     
1.15    8.16___17:5:4   17      8     9     1.8     ---   1     
15.24   8.16___17:5:38  18      8     10    1.81    +++   2     
5.34    8.16___17:6:2   19      8     11    1.81    +++   3     
1.13    8.16___17:6:15  20      9     11    1.81    ---   2     
1       8.16___17:6:25  21      10    11    1.8     ---   1     
1.03    8.16___17:6:37  22      11    11    1.8     ---   0     
11.41   8.16___17:7:8   23      11    12    1.8     +++   1     
1.43    8.16___17:7:22  24      12    12    1.8     ---   0     
2.82    8.16___17:7:42  25      12    13    1.8     +++   1     
12.23   8.16___17:8:13  26      12    14    1.81    +++   2     
5.54    8.16___17:8:52  27      12    15    1.81    +++   3     
2.54    8.16___17:9:10  28      12    16    1.82    +++   4     
1.44    8.16___17:9:25  29      13    16    1.81    ---   3     
1.14    8.16___17:9:38  30      14    16    1.81    ---   2     
7.46    8.16___17:10:5  31      14    17    1.81    +++   3     
28.91   8.16___17:10:49 32      14    18    1.82    +++   4     
1.73    8.16___17:11:5  33      15    18    1.81    ---   3     
1.16    8.16___17:11:18 34      16    18    1.81    ---   2     
1.14    8.16___17:11:31 35      17    18    1.8     ---   1     
2.87    8.16___17:11:50 36      17    19    1.81    +++   2     
1.52    8.16___17:12:5  37      18    19    1.8     ---   1     
7.18    8.16___17:12:31 38      18    20    1.81    +++   2     
1.84    8.16___17:12:48 39      19    20    1.81    ---   1     
6.64    8.16___17:13:13 40      19    21    1.82    +++   2     
2.01    8.16___17:13:30 41      19    22    1.82    +++   3     
2.15    8.16___17:13:47 42      19    23    1.82    +++   4     
3.27    8.16___17:14:8  43      19    24    1.82    +++   5     
1.71    8.16___17:14:23 44      20    24    1.82    ---   4     
8.05    8.16___17:14:51 45      20    25    1.82    +++   5     
1.44    8.16___17:15:5  46      21    25    1.82    ---   4     
1.46    8.16___17:15:20 47      22    25    1.82    ---   3     
1.44    8.16___17:15:35 48      23    25    1.82    ---   2     
1       8.16___17:15:46 49      24    25    1.81    ---   1     
4.45    8.16___17:16:9  50      24    26    1.82    +++   2     
1.53    8.16___17:16:23 51      25    26    1.81    ---   1     
1.02    8.16___17:16:35 52      26    26    1.81    ---   0     
1.88    8.16___17:16:51 53      27    26    1.81    ---   -1    
1.44    8.16___17:17:6  54      28    26    1.81    ---   -2    
5.03    8.16___17:17:29 55      28    27    1.81    +++   -1    
1.33    8.16___17:17:43 56      29    27    1.81    ---   -2    
1.59    8.16___17:17:59 57      30    27    1.8     ---   -3    
5.53    8.16___17:18:23 58      30    28    1.81    +++   -2    
8.8     8.16___17:18:51 59      30    29    1.81    +++   -1    
4.88    8.16___17:19:14 60      30    30    1.82    +++   0     
1.27    8.16___17:19:28 61      31    30    1.81    ---   -1    
1.57    8.16___17:19:43 62      32    30    1.81    ---   -2    
1.83    8.16___17:19:59 63      33    30    1.81    ---   -3    
1.05    8.16___17:20:11 64      34    30    1.81    ---   -4    
4.37    8.16___17:20:34 65      34    31    1.81    +++   -3    
1.52    8.16___17:20:49 66      35    31    1.81    ---   -4    
1.07    8.16___17:21:1  67      36    31    1.8     ---   -5    
1.34    8.16___17:21:15 68      37    31    1.8     ---   -6    
2.02    8.16___17:21:32 69      37    32    1.8     +++   -5    
3.67    8.16___17:21:53 70      37    33    1.81    +++   -4    
1.29    8.16___17:22:7  71      38    33    1.8     ---   -5    
2.93    8.16___17:22:26 72      38    34    1.81    +++   -4    
5.8     8.16___17:22:51 73      38    35    1.81    +++   -3    
5.17    8.16___17:23:14 74      38    36    1.82    +++   -2    
1.05    8.16___17:23:26 75      39    36    1.81    ---   -3    
1.13    8.16___17:23:39 76      40    36    1.81    ---   -4    
5.55    8.16___17:24:3  77      40    37    1.81    +++   -3    
1.17    8.16___17:24:16 78      41    37    1.81    ---   -4    
2.01    8.16___17:24:33 79      41    38    1.81    +++   -3    
1.03    8.16___17:24:45 80      42    38    1.81    ---   -4    
1.95    8.16___17:25:2  81      43    38    1.81    ---   -5    
1.23    8.16___17:25:15 82      44    38    1.81    ---   -6    
11.89   8.16___17:25:47 83      44    39    1.81    +++   -5    
1.78    8.16___17:26:3  84      45    39    1.81    ---   -6    
1.36    8.16___17:26:17 85      46    39    1.8     ---   -7    
1.01    8.16___17:26:29 86      47    39    1.8     ---   -8    
3.37    8.16___17:26:49 87      47    40    1.8     +++   -7    
2.12    8.16___17:27:6  88      47    41    1.81    +++   -6    
15.49   8.16___17:27:41 89      47    42    1.81    +++   -5    
1       8.16___17:27:51 90      48    42    1.81    ---   -6    
2.88    8.16___17:28:10 91      48    43    1.81    +++   -5    
1.11    8.16___17:28:23 92      49    43    1.81    ---   -6    
25.64   8.16___17:29:5  93      49    44    1.81    +++   -5    
4.59    8.16___17:29:28 94      49    45    1.82    +++   -4    
1.12    8.16___17:29:41 95      50    45    1.81    ---   -5    
3.01    8.16___17:30:0  96      50    46    1.82    +++   -4    
1.49    8.16___17:30:15 97      51    46    1.81    ---   -5    
4.13    8.16___17:30:37 98      51    47    1.82    +++   -4    
1.69    8.16___17:30:52 99      52    47    1.81    ---   -5    
1.48    8.16___17:31:7  100     53    47    1.81    ---   -6    
2       8.16___17:31:24 101     53    48    1.81    +++   -5    
4.89    8.16___17:31:47 102     53    49    1.82    +++   -4    
1.87    8.16___17:32:4  103     54    49    1.82    ---   -5    
1.51    8.16___17:32:19 104     55    49    1.82    ---   -6    
1.82    8.16___17:32:35 105     56    49    1.82    ---   -7    
12.03   8.16___17:33:7  106     56    50    1.82    +++   -6    
1.99    8.16___17:33:23 107     57    50    1.82    ---   -7    
1.88    8.16___17:33:40 108     58    50    1.82    ---   -8    
1.76    8.16___17:33:56 109     59    50    1.82    ---   -9    
9.53    8.16___17:34:25 110     59    51    1.82    +++   -8    
33.49   8.16___17:35:12 111     59    52    1.82    +++   -7    
1.78    8.16___17:35:28 112     60    52    1.82    ---   -8    
1.98    8.16___17:35:45 113     61    52    1.82    ---   -9    
6.82    8.16___17:36:11 114     61    53    1.82    +++   -8    
3.26    8.16___17:36:30 115     61    54    1.82    +++   -7    
8.59    8.16___17:36:58 116     61    55    1.82    +++   -6    
1.38    8.16___17:37:13 117     62    55    1.82    ---   -7    
3.91    8.16___17:37:34 118     62    56    1.82    +++   -6    
1.29    8.16___17:37:48 119     63    56    1.82    ---   -7    
1.01    8.16___17:37:59 120     64    56    1.82    ---   -8    
3.41    8.16___17:38:20 121     64    57    1.82    +++   -7    
1       8.16___17:38:30 122     65    57    1.82    ---   -8    
1.61    8.16___17:38:46 123     66    57    1.82    ---   -9    
1.36    8.16___17:39:0  124     67    57    1.82    ---   -10   
1.38    8.16___17:39:15 125     68    57    1.82    ---   -11   
1.34    8.16___17:39:29 126     69    57    1.82    ---   -12   
3.52    8.16___17:39:50 127     69    58    1.82    +++   -11   
3.15    8.16___17:40:9  128     69    59    1.82    +++   -10   
1.38    8.16___17:40:24 129     70    59    1.82    ---   -11   
3.92    8.16___17:40:45 130     70    60    1.82    +++   -10   
3.16    8.16___17:41:5  131     70    61    1.82    +++   -9    
22.81   8.16___17:41:45 132     70    62    1.82    +++   -8    
1.54    8.16___17:42:0  133     71    62    1.82    ---   -9    
15.02   8.16___17:42:35 134     71    63    1.82    +++   -8    
1.32    8.16___17:42:49 135     72    63    1.82    ---   -9    
4.27    8.16___17:43:11 136     72    64    1.82    +++   -8    
1.4     8.16___17:43:26 137     73    64    1.82    ---   -9    
6.48    8.16___17:43:51 138     73    65    1.82    +++   -8    
2.1     8.16___17:44:8  139     73    66    1.82    +++   -7    
4.65    8.16___17:44:31 140     73    67    1.82    +++   -6    
1.72    8.16___17:44:47 141     74    67    1.82    ---   -7    
1.36    8.16___17:45:1  142     75    67    1.82    ---   -8    
3.43    8.16___17:45:21 143     75    68    1.82    +++   -7    
1.14    8.16___17:45:35 144     76    68    1.82    ---   -8    
1.23    8.16___17:45:48 145     77    68    1.82    ---   -9    
1.04    8.16___17:46:0  146     78    68    1.82    ---   -10   
1.17    8.16___17:46:13 147     79    68    1.82    ---   -11   
3.33    8.16___17:46:33 148     79    69    1.82    +++   -10   
2.47    8.16___17:46:51 149     79    70    1.82    +++   -9    
1.23    8.16___17:47:5  150     80    70    1.82    ---   -10   
1.29    8.16___17:47:19 151     81    70    1.82    ---   -11   
3.91    8.16___17:47:40 152     81    71    1.82    +++   -10   
3.42    8.16___17:48:1  153     81    72    1.82    +++   -9    
1.23    8.16___17:48:14 154     82    72    1.82    ---   -10   
2.15    8.16___17:48:32 155     82    73    1.82    +++   -9    
1.31    8.16___17:48:46 156     83    73    1.82    ---   -10   
1.1     8.16___17:48:58 157     84    73    1.82    ---   -11   
1.25    8.16___17:49:12 158     85    73    1.82    ---   -12   
1.84    8.16___17:49:29 159     86    73    1.82    ---   -13   
2.5     8.16___17:49:47 160     86    74    1.82    +++   -12   
1.22    8.16___17:50:0  161     87    74    1.82    ---   -13   
15.45   8.16___17:50:35 162     87    75    1.82    +++   -12   
3.16    8.16___17:50:55 163     87    76    1.82    +++   -11   
1.14    8.16___17:51:8  164     88    76    1.82    ---   -12   
2.88    8.16___17:51:27 165     88    77    1.82    +++   -11   
2.24    8.16___17:51:45 166     88    78    1.82    +++   -10   
3.25    8.16___17:52:5  167     88    79    1.82    +++   -9    
2.19    8.16___17:52:22 168     88    80    1.82    +++   -8    
2.33    8.16___17:52:40 169     88    81    1.82    +++   -7    
13.96   8.16___17:53:13 170     88    82    1.83    +++   -6    
3.31    8.16___17:53:33 171     88    83    1.83    +++   -5    
3.08    8.16___17:53:54 172     88    84    1.83    +++   -4    
1.37    8.16___17:54:8  173     89    84    1.83    ---   -5    
1.17    8.16___17:54:21 174     90    84    1.83    ---   -6    
5.12    8.16___17:54:44 175     90    85    1.83    +++   -5    
1.12    8.16___17:54:57 176     91    85    1.83    ---   -6    
