2.69    8.17___14:0:1   1       0     1     1.94    +++   1     
1.06    8.17___14:0:13  2       1     1     1.93    ---   0     
1.59    8.17___14:0:28  3       2     1     1.93    ---   -1    
2.37    8.17___14:0:46  4       2     2     1.93    +++   0     
1.45    8.17___14:1:1   5       3     2     1.93    ---   -1    
2.09    8.17___14:1:18  6       3     3     1.93    +++   0     
1.38    8.17___14:1:33  7       4     3     1.93    ---   -1    
2.21    8.17___14:1:50  8       4     4     1.93    +++   0     
1.07    8.17___14:2:3   9       5     4     1.93    ---   -1    
1.22    8.17___14:2:16  10      6     4     1.93    ---   -2    
1.61    8.17___14:2:32  11      7     4     1.93    ---   -3    
5.6     8.17___14:2:56  12      7     5     1.93    +++   -2    
9.36    8.17___14:3:24  13      7     6     1.93    +++   -1    
4.46    8.17___14:3:47  14      7     7     1.93    +++   0     
1.83    8.17___14:4:3   15      8     7     1.93    ---   -1    
5.04    8.17___14:4:26  16      8     8     1.93    +++   0     
1.02    8.17___14:4:38  17      9     8     1.93    ---   -1    
1.19    8.17___14:4:51  18      10    8     1.93    ---   -2    
2.16    8.17___14:5:8   19      10    9     1.93    +++   -1    
1.89    8.17___14:5:25  20      11    9     1.93    ---   -2    
3.84    8.17___14:5:46  21      11    10    1.93    +++   -1    
1.91    8.17___14:6:3   22      12    10    1.93    ---   -2    
13.73   8.17___14:6:36  23      12    11    1.93    +++   -1    
1.11    8.17___14:6:51  24      13    11    1.93    ---   -2    
1.17    8.17___14:7:4   25      14    11    1.93    ---   -3    
2.28    8.17___14:7:22  26      14    12    1.93    +++   -2    
1       8.17___14:7:33  27      15    12    1.93    ---   -3    
1.84    8.17___14:7:49  28      16    12    1.93    ---   -4    
1       8.17___14:8:0   29      17    12    1.93    ---   -5    
1.54    8.17___14:8:15  30      18    12    1.92    ---   -6    
1.18    8.17___14:8:28  31      19    12    1.91    ---   -7    
1.25    8.17___14:8:42  32      20    12    1.91    ---   -8    
2.53    8.17___14:9:0   33      20    13    1.91    +++   -7    
1.56    8.17___14:9:15  34      21    13    1.91    ---   -8    
1.02    8.17___14:9:27  35      22    13    1.91    ---   -9    
8.45    8.17___14:9:55  36      22    14    1.91    +++   -8    
1.76    8.17___14:10:11 37      23    14    1.91    ---   -9    
1.34    8.17___14:10:25 38      24    14    1.91    ---   -10   
2.44    8.17___14:10:43 39      24    15    1.91    +++   -9    
1.48    8.17___14:10:58 40      25    15    1.91    ---   -10   
1.81    8.17___14:11:14 41      26    15    1.91    ---   -11   
1.58    8.17___14:11:30 42      27    15    1.9     ---   -12   
2.13    8.17___14:11:47 43      27    16    1.91    +++   -11   
3.43    8.17___14:12:7  44      27    17    1.91    +++   -10   
1.17    8.17___14:12:21 45      28    17    1.91    ---   -11   
1.32    8.17___14:12:35 46      29    17    1.9     ---   -12   
1.21    8.17___14:12:48 47      30    17    1.89    ---   -13   
1       8.17___14:12:59 48      31    17    1.88    ---   -14   
3.18    8.17___14:13:19 49      31    18    1.89    +++   -13   
1.42    8.17___14:13:33 50      32    18    1.88    ---   -14   
4.07    8.17___14:13:55 51      32    19    1.89    +++   -13   
1.05    8.17___14:14:7  52      33    19    1.88    ---   -14   
1.29    8.17___14:14:21 53      34    19    1.88    ---   -15   
5.38    8.17___14:14:45 54      34    20    1.88    +++   -14   
1.05    8.17___14:14:56 55      35    20    1.88    ---   -15   
1.09    8.17___14:15:9  56      36    20    1.88    ---   -16   
1.95    8.17___14:15:26 57      37    20    1.88    ---   -17   
8.91    8.17___14:15:54 58      37    21    1.88    +++   -16   
6.89    8.17___14:16:20 59      37    22    1.89    +++   -15   
1.31    8.17___14:16:34 60      38    22    1.88    ---   -16   
1.07    8.17___14:16:46 61      39    22    1.88    ---   -17   
1.35    8.17___14:17:0  62      40    22    1.88    ---   -18   
1.21    8.17___14:17:14 63      41    22    1.88    ---   -19   
1.83    8.17___14:17:30 64      42    22    1.88    ---   -20   
3.55    8.17___14:17:51 65      42    23    1.88    +++   -19   
1.44    8.17___14:18:6  66      43    23    1.88    ---   -20   
4.08    8.17___14:18:27 67      43    24    1.88    +++   -19   
1.43    8.17___14:18:42 68      44    24    1.88    ---   -20   
13.37   8.17___14:19:15 69      44    25    1.88    +++   -19   
2.36    8.17___14:19:33 70      44    26    1.88    +++   -18   
3.14    8.17___14:19:52 71      44    27    1.88    +++   -17   
2.62    8.17___14:20:11 72      44    28    1.88    +++   -16   
1.21    8.17___14:20:25 73      45    28    1.88    ---   -17   
2.39    8.17___14:20:43 74      45    29    1.88    +++   -16   
1.54    8.17___14:20:58 75      46    29    1.88    ---   -17   
5.01    8.17___14:21:21 76      46    30    1.88    +++   -16   
5.51    8.17___14:21:45 77      46    31    1.89    +++   -15   
5.55    8.17___14:22:9  78      46    32    1.9     +++   -14   
1.97    8.17___14:22:26 79      47    32    1.91    ---   -15   
26.16   8.17___14:23:8  80      47    33    1.91    +++   -14   
1.03    8.17___14:23:20 81      48    33    1.91    ---   -15   
2.27    8.17___14:23:37 82      48    34    1.91    +++   -14   
1.42    8.17___14:23:52 83      49    34    1.91    ---   -15   
5.97    8.17___14:24:17 84      49    35    1.91    +++   -14   
5.06    8.17___14:24:40 85      49    36    1.91    +++   -13   
1.37    8.17___14:24:54 86      50    36    1.91    ---   -14   
1.99    8.17___14:25:11 87      51    36    1.91    ---   -15   
2.71    8.17___14:25:30 88      51    37    1.91    +++   -14   
2.65    8.17___14:25:49 89      51    38    1.91    +++   -13   
2.69    8.17___14:26:7  90      51    39    1.92    +++   -12   
2.69    8.17___14:26:26 91      51    40    1.93    +++   -11   
1.14    8.17___14:26:39 92      52    40    1.92    ---   -12   
3.76    8.17___14:27:0  93      52    41    1.93    +++   -11   
1.14    8.17___14:27:13 94      53    41    1.92    ---   -12   
9.29    8.17___14:27:42 95      53    42    1.93    +++   -11   
2.46    8.17___14:28:0  96      53    43    1.93    +++   -10   
9.95    8.17___14:28:30 97      53    44    1.93    +++   -9    
1.33    8.17___14:28:44 98      54    44    1.93    ---   -10   
1.02    8.17___14:28:55 99      55    44    1.93    ---   -11   
1.84    8.17___14:29:12 100     56    44    1.92    ---   -12   
1.65    8.17___14:29:27 101     57    44    1.91    ---   -13   
1.12    8.17___14:29:58 102     58    44    1.91    ---   -14   
1       8.17___14:30:8  103     59    44    1.91    ---   -15   
1.55    8.17___14:30:23 104     60    44    1.91    ---   -16   
1.58    8.17___14:30:39 105     61    44    1.91    ---   -17   
1       8.17___14:30:49 106     62    44    1.9     ---   -18   
12.58   8.17___14:31:21 107     62    45    1.91    +++   -17   
1.67    8.17___14:31:37 108     63    45    1.9     ---   -18   
27.69   8.17___14:32:20 109     63    46    1.91    +++   -17   
2.6     8.17___14:32:39 110     63    47    1.91    +++   -16   
1.56    8.17___14:32:54 111     64    47    1.91    ---   -17   
5.6     8.17___14:33:18 112     64    48    1.91    +++   -16   
2.94    8.17___14:33:38 113     64    49    1.91    +++   -15   
11.76   8.17___14:34:9  114     64    50    1.91    +++   -14   
6.37    8.17___14:34:34 115     64    51    1.91    +++   -13   
1.9     8.17___14:34:51 116     65    51    1.91    ---   -14   
4.58    8.17___14:35:13 117     65    52    1.91    +++   -13   
1.71    8.17___14:35:29 118     66    52    1.91    ---   -14   
20.79   8.17___14:36:8  119     66    53    1.91    +++   -13   
1.52    8.17___14:36:23 120     67    53    1.91    ---   -14   
1.58    8.17___14:36:38 121     68    53    1.91    ---   -15   
2.07    8.17___14:36:55 122     68    54    1.91    +++   -14   
1.2     8.17___14:37:9  123     69    54    1.91    ---   -15   
1.89    8.17___14:37:25 124     70    54    1.91    ---   -16   
1.39    8.17___14:37:40 125     71    54    1.91    ---   -17   
1.17    8.17___14:37:53 126     72    54    1.9     ---   -18   
1.11    8.17___14:38:6  127     73    54    1.9     ---   -19   
1.24    8.17___14:38:19 128     74    54    1.89    ---   -20   
1.01    8.17___14:38:30 129     75    54    1.89    ---   -21   
3.16    8.17___14:38:50 130     75    55    1.89    +++   -20   
1.38    8.17___14:39:5  131     76    55    1.89    ---   -21   
2.24    8.17___14:39:22 132     76    56    1.89    +++   -20   
2.94    8.17___14:39:42 133     76    57    1.9     +++   -19   
1.45    8.17___14:39:56 134     77    57    1.89    ---   -20   
6.22    8.17___14:40:21 135     77    58    1.9     +++   -19   
1.4     8.17___14:40:36 136     78    58    1.89    ---   -20   
4.06    8.17___14:40:58 137     78    59    1.9     +++   -19   
2.29    8.17___14:41:15 138     78    60    1.9     +++   -18   
2.66    8.17___14:41:34 139     78    61    1.91    +++   -17   
6.38    8.17___14:41:59 140     78    62    1.91    +++   -16   
2.86    8.17___14:42:18 141     78    63    1.91    +++   -15   
3.52    8.17___14:42:39 142     78    64    1.91    +++   -14   
2.03    8.17___14:42:56 143     78    65    1.91    +++   -13   
12.88   8.17___14:43:28 144     78    66    1.92    +++   -12   
9.54    8.17___14:43:57 145     78    67    1.93    +++   -11   
1.26    8.17___14:44:11 146     79    67    1.92    ---   -12   
1.01    8.17___14:44:22 147     80    67    1.91    ---   -13   
1.42    8.17___14:44:37 148     81    67    1.91    ---   -14   
2.34    8.17___14:44:55 149     81    68    1.91    +++   -13   
1       8.17___14:45:5  150     82    68    1.91    ---   -14   
1.87    8.17___14:45:22 151     83    68    1.91    ---   -15   
1.18    8.17___14:45:35 152     84    68    1.91    ---   -16   
10.35   8.17___14:46:5  153     84    69    1.91    +++   -15   
4.07    8.17___14:46:27 154     84    70    1.91    +++   -14   
1       8.17___14:46:37 155     85    70    1.91    ---   -15   
1.32    8.17___14:46:51 156     86    70    1.91    ---   -16   
2.75    8.17___14:47:10 157     86    71    1.91    +++   -15   
3.21    8.17___14:47:30 158     86    72    1.91    +++   -14   
1.96    8.17___14:47:47 159     87    72    1.91    ---   -15   
10.05   8.17___14:48:16 160     87    73    1.92    +++   -14   
1.09    8.17___14:48:29 161     88    73    1.91    ---   -15   
1.17    8.17___14:48:42 162     89    73    1.91    ---   -16   
34.33   8.17___14:49:29 163     89    74    1.91    +++   -15   
1.3     8.17___14:49:43 164     90    74    1.91    ---   -16   
1.47    8.17___14:49:58 165     91    74    1.91    ---   -17   
4.53    8.17___14:50:20 166     91    75    1.91    +++   -16   
7.04    8.17___14:50:47 167     91    76    1.91    +++   -15   
27.15   8.17___14:51:29 168     91    77    1.92    +++   -14   
2.53    8.17___14:51:48 169     91    78    1.93    +++   -13   
1.25    8.17___14:52:2  170     92    78    1.92    ---   -14   
1       8.17___14:52:12 171     93    78    1.91    ---   -15   
2.86    8.17___14:52:31 172     93    79    1.92    +++   -14   
3.48    8.17___14:52:52 173     93    80    1.93    +++   -13   
1.2     8.17___14:53:5  174     94    80    1.92    ---   -14   
1.23    8.17___14:53:19 175     95    80    1.91    ---   -15   
6.03    8.17___14:53:44 176     95    81    1.92    +++   -14   
6.59    8.17___14:54:9  177     95    82    1.93    +++   -13   
1.09    8.17___14:54:21 178     96    82    1.92    ---   -14   
1.07    8.17___14:54:34 179     97    82    1.91    ---   -15   
2.77    8.17___14:54:53 180     97    83    1.92    +++   -14   
2.63    8.17___14:55:12 181     97    84    1.93    +++   -13   
1       8.17___14:55:22 182     98    84    1.92    ---   -14   
1.29    8.17___14:55:36 183     99    84    1.91    ---   -15   
6.19    8.17___14:56:1  184     99    85    1.92    +++   -14   
12.05   8.17___14:56:33 185     99    86    1.93    +++   -13   
4.12    8.17___14:56:54 186     99    87    1.93    +++   -12   
3.18    8.17___14:57:14 187     99    88    1.93    +++   -11   
3.22    8.17___14:57:35 188     99    89    1.93    +++   -10   
1.04    8.17___14:57:46 189     100   89    1.93    ---   -11   
1.69    8.17___14:58:2  190     101   89    1.93    ---   -12   
1.93    8.17___14:58:19 191     102   89    1.93    ---   -13   
2.6     8.17___14:58:51 192     102   90    1.93    +++   -12   
1.26    8.17___14:59:5  193     103   90    1.93    ---   -13   
7.34    8.17___14:59:31 194     103   91    1.93    +++   -12   
1.5     8.17___14:59:46 195     104   91    1.93    ---   -13   
