10.64   8.17___17:0:11  1       0     1     1.96    +++   1     
3.4     8.17___17:0:31  2       0     2     1.96    +++   2     
1.2     8.17___17:0:44  3       1     2     1.96    ---   1     
1.3     8.17___17:0:58  4       2     2     1.96    ---   0     
9.64    8.17___17:1:28  5       2     3     1.96    +++   1     
1.99    8.17___17:1:44  6       3     3     1.96    ---   0     
5.17    8.17___17:2:8   7       3     4     1.96    +++   1     
1.27    8.17___17:2:22  8       4     4     1.96    ---   0     
1.08    8.17___17:2:34  9       5     4     1.96    ---   -1    
1.49    8.17___17:2:49  10      6     4     1.96    ---   -2    
1.5     8.17___17:3:4   11      7     4     1.96    ---   -3    
1.55    8.17___17:3:20  12      8     4     1.96    ---   -4    
5.54    8.17___17:3:44  13      8     5     1.96    +++   -3    
2.25    8.17___17:4:1   14      8     6     1.96    +++   -2    
1.31    8.17___17:4:15  15      9     6     1.96    ---   -3    
1.35    8.17___17:4:30  16      10    6     1.96    ---   -4    
15.17   8.17___17:5:4   17      10    7     1.96    +++   -3    
1.81    8.17___17:5:20  18      11    7     1.96    ---   -4    
1       8.17___17:5:31  19      12    7     1.96    ---   -5    
4.11    8.17___17:5:52  20      12    8     1.96    +++   -4    
1.86    8.17___17:6:9   21      13    8     1.96    ---   -5    
3.84    8.17___17:6:31  22      13    9     1.96    +++   -4    
1       8.17___17:6:41  23      14    9     1.96    ---   -5    
1.06    8.17___17:6:53  24      15    9     1.96    ---   -6    
1.12    8.17___17:7:6   25      16    9     1.96    ---   -7    
2.96    8.17___17:7:25  26      16    10    1.96    +++   -6    
3.84    8.17___17:7:46  27      16    11    1.96    +++   -5    
1.68    8.17___17:8:2   28      17    11    1.96    ---   -6    
1.67    8.17___17:8:18  29      18    11    1.96    ---   -7    
1.6     8.17___17:8:33  30      19    11    1.96    ---   -8    
7.59    8.17___17:9:0   31      19    12    1.96    +++   -7    
3.16    8.17___17:9:20  32      19    13    1.96    +++   -6    
1.46    8.17___17:9:35  33      20    13    1.96    ---   -7    
1.77    8.17___17:9:51  34      21    13    1.96    ---   -8    
1.43    8.17___17:10:6  35      22    13    1.95    ---   -9    
3.04    8.17___17:10:25 36      22    14    1.96    +++   -8    
2.85    8.17___17:10:44 37      22    15    1.96    +++   -7    
20.84   8.17___17:11:23 38      22    16    1.96    +++   -6    
3.67    8.17___17:11:44 39      22    17    1.96    +++   -5    
2.68    8.17___17:12:3  40      22    18    1.96    +++   -4    
1.35    8.17___17:12:17 41      23    18    1.96    ---   -5    
1.56    8.17___17:12:33 42      24    18    1.96    ---   -6    
12.06   8.17___17:13:4  43      24    19    1.96    +++   -5    
1.36    8.17___17:13:18 44      25    19    1.96    ---   -6    
2.36    8.17___17:13:36 45      25    20    1.96    +++   -5    
2.25    8.17___17:13:54 46      25    21    1.96    +++   -4    
2.18    8.17___17:14:11 47      25    22    1.96    +++   -3    
10.44   8.17___17:14:41 48      25    23    1.96    +++   -2    
1.04    8.17___17:14:53 49      26    23    1.96    ---   -3    
3.67    8.17___17:15:14 50      26    24    1.96    +++   -2    
4.51    8.17___17:15:37 51      26    25    1.96    +++   -1    
1.83    8.17___17:15:53 52      27    25    1.96    ---   -2    
1.31    8.17___17:16:7  53      28    25    1.96    ---   -3    
1.33    8.17___17:16:21 54      29    25    1.96    ---   -4    
1.04    8.17___17:16:33 55      30    25    1.96    ---   -5    
2.79    8.17___17:16:52 56      30    26    1.96    +++   -4    
2.82    8.17___17:17:11 57      30    27    1.96    +++   -3    
1.68    8.17___17:17:27 58      31    27    1.96    ---   -4    
1       8.17___17:17:37 59      32    27    1.96    ---   -5    
2.41    8.17___17:17:56 60      32    28    1.96    +++   -4    
1.01    8.17___17:18:7  61      33    28    1.96    ---   -5    
1.08    8.17___17:18:19 62      34    28    1.96    ---   -6    
2.57    8.17___17:18:38 63      34    29    1.96    +++   -5    
7.65    8.17___17:19:5  64      34    30    1.96    +++   -4    
1.04    8.17___17:19:16 65      35    30    1.96    ---   -5    
1.09    8.17___17:19:29 66      36    30    1.96    ---   -6    
1.28    8.17___17:19:43 67      37    30    1.96    ---   -7    
1.3     8.17___17:19:57 68      38    30    1.96    ---   -8    
1       8.17___17:20:7  69      39    30    1.95    ---   -9    
1.34    8.17___17:20:22 70      40    30    1.95    ---   -10   
1.94    8.17___17:20:38 71      41    30    1.95    ---   -11   
3.75    8.17___17:20:59 72      41    31    1.95    +++   -10   
3.88    8.17___17:21:21 73      41    32    1.95    +++   -9    
3.37    8.17___17:21:41 74      41    33    1.96    +++   -8    
1.59    8.17___17:21:57 75      42    33    1.95    ---   -9    
1.13    8.17___17:22:9  76      43    33    1.95    ---   -10   
4.23    8.17___17:22:31 77      43    34    1.95    +++   -9    
1.42    8.17___17:22:46 78      44    34    1.95    ---   -10   
3.91    8.17___17:23:7  79      44    35    1.95    +++   -9    
1.24    8.17___17:23:21 80      45    35    1.95    ---   -10   
3.72    8.17___17:23:42 81      45    36    1.95    +++   -9    
1.51    8.17___17:23:57 82      46    36    1.95    ---   -10   
2.16    8.17___17:24:14 83      46    37    1.95    +++   -9    
1.25    8.17___17:24:28 84      47    37    1.95    ---   -10   
1.15    8.17___17:24:41 85      48    37    1.95    ---   -11   
2.46    8.17___17:24:59 86      48    38    1.95    +++   -10   
1.01    8.17___17:25:10 87      49    38    1.95    ---   -11   
24.41   8.17___17:25:51 88      49    39    1.95    +++   -10   
1.83    8.17___17:26:8  89      50    39    1.95    ---   -11   
7.08    8.17___17:26:34 90      50    40    1.95    +++   -10   
3.49    8.17___17:26:54 91      50    41    1.95    +++   -9    
7.72    8.17___17:27:21 92      50    42    1.96    +++   -8    
8.72    8.17___17:27:50 93      50    43    1.96    +++   -7    
1.88    8.17___17:28:6  94      51    43    1.96    ---   -8    
1.08    8.17___17:28:18 95      52    43    1.95    ---   -9    
1.81    8.17___17:28:35 96      53    43    1.95    ---   -10   
2.09    8.17___17:28:52 97      53    44    1.95    +++   -9    
2.31    8.17___17:29:10 98      53    45    1.96    +++   -8    
1.12    8.17___17:29:22 99      54    45    1.95    ---   -9    
1.91    8.17___17:29:39 100     55    45    1.95    ---   -10   
2.63    8.17___17:29:58 101     55    46    1.95    +++   -9    
1.68    8.17___17:30:13 102     56    46    1.95    ---   -10   
1.82    8.17___17:30:30 103     57    46    1.95    ---   -11   
1.53    8.17___17:30:45 104     58    46    1.95    ---   -12   
7.14    8.17___17:31:11 105     58    47    1.95    +++   -11   
1.03    8.17___17:31:23 106     59    47    1.95    ---   -12   
17.57   8.17___17:31:59 107     59    48    1.95    +++   -11   
1.32    8.17___17:32:13 108     60    48    1.95    ---   -12   
4       8.17___17:32:35 109     60    49    1.95    +++   -11   
1.05    8.17___17:32:46 110     61    49    1.95    ---   -12   
1.71    8.17___17:33:2  111     62    49    1.95    ---   -13   
2.05    8.17___17:33:19 112     62    50    1.95    +++   -12   
1.42    8.17___17:33:34 113     63    50    1.95    ---   -13   
1.35    8.17___17:33:48 114     64    50    1.95    ---   -14   
2.15    8.17___17:34:6  115     64    51    1.95    +++   -13   
1.22    8.17___17:34:19 116     65    51    1.95    ---   -14   
1.24    8.17___17:34:33 117     66    51    1.94    ---   -15   
1.51    8.17___17:34:48 118     67    51    1.94    ---   -16   
1.58    8.17___17:35:3  119     68    51    1.94    ---   -17   
5.8     8.17___17:35:28 120     68    52    1.94    +++   -16   
7.25    8.17___17:35:54 121     68    53    1.94    +++   -15   
1.61    8.17___17:36:10 122     69    53    1.94    ---   -16   
2.82    8.17___17:36:29 123     69    54    1.94    +++   -15   
3.83    8.17___17:36:50 124     69    55    1.95    +++   -14   
1.78    8.17___17:37:6  125     70    55    1.94    ---   -15   
2.31    8.17___17:37:24 126     70    56    1.95    +++   -14   
4.44    8.17___17:37:46 127     70    57    1.95    +++   -13   
2.13    8.17___17:38:3  128     70    58    1.95    +++   -12   
1       8.17___17:38:14 129     71    58    1.95    ---   -13   
1.19    8.17___17:38:27 130     72    58    1.95    ---   -14   
5.59    8.17___17:38:51 131     72    59    1.95    +++   -13   
1.76    8.17___17:39:7  132     73    59    1.95    ---   -14   
7.14    8.17___17:39:34 133     73    60    1.95    +++   -13   
1.48    8.17___17:39:49 134     74    60    1.95    ---   -14   
5.53    8.17___17:40:13 135     74    61    1.95    +++   -13   
7.73    8.17___17:40:40 136     74    62    1.95    +++   -12   
3.01    8.17___17:40:59 137     74    63    1.95    +++   -11   
1.17    8.17___17:41:12 138     75    63    1.95    ---   -12   
7.27    8.17___17:41:39 139     75    64    1.95    +++   -11   
2.71    8.17___17:41:57 140     75    65    1.95    +++   -10   
1.11    8.17___17:42:10 141     76    65    1.95    ---   -11   
23.63   8.17___17:42:51 142     76    66    1.95    +++   -10   
1.16    8.17___17:43:4  143     77    66    1.95    ---   -11   
1.88    8.17___17:43:20 144     78    66    1.95    ---   -12   
1.56    8.17___17:43:36 145     79    66    1.95    ---   -13   
1.14    8.17___17:43:49 146     80    66    1.95    ---   -14   
2.64    8.17___17:44:7  147     80    67    1.95    +++   -13   
4.52    8.17___17:44:30 148     80    68    1.95    +++   -12   
1.98    8.17___17:44:46 149     81    68    1.95    ---   -13   
9.12    8.17___17:45:15 150     81    69    1.95    +++   -12   
4.21    8.17___17:45:37 151     81    70    1.95    +++   -11   
1.42    8.17___17:45:52 152     82    70    1.95    ---   -12   
2.13    8.17___17:46:9  153     82    71    1.95    +++   -11   
1.3     8.17___17:46:23 154     83    71    1.95    ---   -12   
2.38    8.17___17:46:41 155     83    72    1.95    +++   -11   
2.22    8.17___17:46:58 156     83    73    1.96    +++   -10   
2.22    8.17___17:47:16 157     83    74    1.96    +++   -9    
7.77    8.17___17:47:43 158     83    75    1.96    +++   -8    
1.3     8.17___17:47:57 159     84    75    1.96    ---   -9    
1.75    8.17___17:48:13 160     85    75    1.96    ---   -10   
2.19    8.17___17:48:31 161     85    76    1.96    +++   -9    
2.16    8.17___17:48:48 162     85    77    1.96    +++   -8    
1.53    8.17___17:49:3  163     86    77    1.96    ---   -9    
1       8.17___17:49:14 164     87    77    1.96    ---   -10   
1.27    8.17___17:49:28 165     88    77    1.95    ---   -11   
1.58    8.17___17:49:43 166     89    77    1.95    ---   -12   
1.11    8.17___17:49:56 167     90    77    1.95    ---   -13   
1.22    8.17___17:50:9  168     91    77    1.95    ---   -14   
7.48    8.17___17:50:36 169     91    78    1.95    +++   -13   
1.73    8.17___17:50:52 170     92    78    1.95    ---   -14   
2.36    8.17___17:51:10 171     92    79    1.95    +++   -13   
1.34    8.17___17:51:24 172     93    79    1.95    ---   -14   
1.75    8.17___17:51:40 173     94    79    1.95    ---   -15   
1.44    8.17___17:51:55 174     95    79    1.95    ---   -16   
1.27    8.17___17:52:9  175     96    79    1.94    ---   -17   
1.96    8.17___17:52:25 176     97    79    1.95    ---   -18   
3.92    8.17___17:52:47 177     97    80    1.95    +++   -17   
1.13    8.17___17:53:0  178     98    80    1.95    ---   -18   
2.97    8.17___17:53:19 179     98    81    1.95    +++   -17   
2.48    8.17___17:53:37 180     98    82    1.95    +++   -16   
4.47    8.17___17:54:0  181     98    83    1.95    +++   -15   
3.53    8.17___17:54:20 182     98    84    1.95    +++   -14   
9.9     8.17___17:54:50 183     98    85    1.95    +++   -13   
2.38    8.17___17:55:8  184     98    86    1.96    +++   -12   
1.01    8.17___17:55:19 185     99    86    1.95    ---   -13   
1.24    8.17___17:55:32 186     100   86    1.95    ---   -14   
1.33    8.17___17:55:47 187     101   86    1.95    ---   -15   
2.35    8.17___17:56:4  188     101   87    1.95    +++   -14   
1.47    8.17___17:56:19 189     102   87    1.95    ---   -15   
1.08    8.17___17:56:32 190     103   87    1.95    ---   -16   
1.95    8.17___17:56:48 191     104   87    1.95    ---   -17   
1.36    8.17___17:57:3  192     105   87    1.95    ---   -18   
1.22    8.17___17:57:16 193     106   87    1.95    ---   -19   
8.49    8.17___17:57:44 194     106   88    1.95    +++   -18   
2.16    8.17___17:58:2  195     106   89    1.95    +++   -17   
2.29    8.17___17:58:19 196     106   90    1.95    +++   -16   
