1.75    8.17___16:0:4   1       1     0     1.95    ---   -1    
10.45   8.17___16:0:34  2       1     1     1.95    +++   0     
1.55    8.17___16:0:49  3       2     1     1.95    ---   -1    
5.72    8.17___16:1:13  4       2     2     1.95    +++   0     
3.79    8.17___16:1:34  5       2     3     1.95    +++   1     
1.9     8.17___16:1:51  6       3     3     1.95    ---   0     
1.26    8.17___16:2:5   7       4     3     1.95    ---   -1    
2.57    8.17___16:2:23  8       4     4     1.95    +++   0     
1.42    8.17___16:2:38  9       5     4     1.95    ---   -1    
1.31    8.17___16:2:52  10      6     4     1.94    ---   -2    
12.69   8.17___16:3:24  11      6     5     1.95    +++   -1    
1.14    8.17___16:3:37  12      7     5     1.94    ---   -2    
2.94    8.17___16:3:57  13      7     6     1.95    +++   -1    
1.58    8.17___16:4:12  14      8     6     1.94    ---   -2    
2.36    8.17___16:4:30  15      8     7     1.95    +++   -1    
2.39    8.17___16:4:48  16      8     8     1.95    +++   0     
6.65    8.17___16:5:13  17      8     9     1.95    +++   1     
1.29    8.17___16:5:27  18      9     9     1.95    ---   0     
1.02    8.17___16:5:39  19      10    9     1.95    ---   -1    
1.26    8.17___16:5:53  20      11    9     1.94    ---   -2    
6.67    8.17___16:6:18  21      11    10    1.95    +++   -1    
1.56    8.17___16:6:34  22      12    10    1.94    ---   -2    
3.16    8.17___16:6:53  23      12    11    1.95    +++   -1    
2.98    8.17___16:7:13  24      12    12    1.95    +++   0     
1.24    8.17___16:7:27  25      13    12    1.95    ---   -1    
3.78    8.17___16:7:48  26      13    13    1.95    +++   0     
4.81    8.17___16:8:11  27      13    14    1.95    +++   1     
1.75    8.17___16:8:27  28      14    14    1.95    ---   0     
1.24    8.17___16:8:40  29      15    14    1.95    ---   -1    
4.3     8.17___16:9:2   30      15    15    1.95    +++   0     
5.83    8.17___16:9:27  31      15    16    1.95    +++   1     
20.92   8.17___16:10:6  32      15    17    1.95    +++   2     
24.9    8.17___16:10:47 33      15    18    1.96    +++   3     
13.43   8.17___16:11:20 34      15    19    1.96    +++   4     
20.5    8.17___16:11:58 35      15    20    1.96    +++   5     
1.83    8.17___16:12:15 36      16    20    1.96    ---   4     
1       8.17___16:12:25 37      17    20    1.96    ---   3     
1.07    8.17___16:12:37 38      18    20    1.95    ---   2     
1.5     8.17___16:12:53 39      19    20    1.95    ---   1     
20.1    8.17___16:13:31 40      19    21    1.95    +++   2     
1       8.17___16:13:41 41      20    21    1.95    ---   1     
4.09    8.17___16:14:3  42      20    22    1.95    +++   2     
3.6     8.17___16:14:24 43      20    23    1.96    +++   3     
6.1     8.17___16:14:49 44      20    24    1.96    +++   4     
1.27    8.17___16:15:2  45      21    24    1.96    ---   3     
4.62    8.17___16:15:25 46      21    25    1.96    +++   4     
1.29    8.17___16:15:39 47      22    25    1.96    ---   3     
1.22    8.17___16:15:52 48      23    25    1.95    ---   2     
1.11    8.17___16:16:5  49      24    25    1.95    ---   1     
3.64    8.17___16:16:26 50      24    26    1.95    +++   2     
11.04   8.17___16:16:57 51      24    27    1.96    +++   3     
10.25   8.17___16:17:26 52      24    28    1.96    +++   4     
1.48    8.17___16:17:41 53      25    28    1.96    ---   3     
1.29    8.17___16:17:55 54      26    28    1.95    ---   2     
5.86    8.17___16:18:20 55      26    29    1.96    +++   3     
1.14    8.17___16:18:33 56      27    29    1.95    ---   2     
2.06    8.17___16:18:50 57      27    30    1.96    +++   3     
2.38    8.17___16:19:8  58      27    31    1.96    +++   4     
1.59    8.17___16:19:24 59      28    31    1.96    ---   3     
1.64    8.17___16:19:40 60      29    31    1.95    ---   2     
6.16    8.17___16:20:4  61      29    32    1.96    +++   3     
2.93    8.17___16:20:23 62      29    33    1.96    +++   4     
1.32    8.17___16:20:37 63      30    33    1.96    ---   3     
2.96    8.17___16:20:57 64      30    34    1.96    +++   4     
1.96    8.17___16:21:13 65      31    34    1.96    ---   3     
1.24    8.17___16:21:27 66      32    34    1.96    ---   2     
1.58    8.17___16:21:43 67      33    34    1.96    ---   1     
2.89    8.17___16:22:2  68      33    35    1.96    +++   2     
3.11    8.17___16:22:22 69      33    36    1.96    +++   3     
1.12    8.17___16:22:34 70      34    36    1.96    ---   2     
1.37    8.17___16:22:49 71      35    36    1.96    ---   1     
1.06    8.17___16:23:1  72      36    36    1.95    ---   0     
1.02    8.17___16:23:12 73      37    36    1.95    ---   -1    
7.95    8.17___16:23:40 74      37    37    1.95    +++   0     
1.09    8.17___16:23:52 75      38    37    1.95    ---   -1    
1.95    8.17___16:24:9  76      39    37    1.95    ---   -2    
1.06    8.17___16:24:21 77      40    37    1.95    ---   -3    
23.92   8.17___16:25:2  78      40    38    1.95    +++   -2    
3.05    8.17___16:25:21 79      40    39    1.95    +++   -1    
4.07    8.17___16:25:43 80      40    40    1.95    +++   0     
1.11    8.17___16:25:56 81      41    40    1.95    ---   -1    
11.08   8.17___16:26:26 82      41    41    1.95    +++   0     
1.59    8.17___16:26:42 83      42    41    1.95    ---   -1    
21.99   8.17___16:27:21 84      42    42    1.95    +++   0     
6.03    8.17___16:27:46 85      42    43    1.96    +++   1     
3.1     8.17___16:28:6  86      42    44    1.96    +++   2     
2.67    8.17___16:28:24 87      42    45    1.96    +++   3     
1.01    8.17___16:28:36 88      43    45    1.96    ---   2     
1.29    8.17___16:28:50 89      44    45    1.96    ---   1     
4.03    8.17___16:29:12 90      44    46    1.96    +++   2     
1.32    8.17___16:29:26 91      45    46    1.96    ---   1     
1.82    8.17___16:29:42 92      46    46    1.95    ---   0     
3.76    8.17___16:30:3  93      46    47    1.96    +++   1     
1.44    8.17___16:30:18 94      47    47    1.95    ---   0     
4.26    8.17___16:30:39 95      47    48    1.96    +++   1     
1.31    8.17___16:30:54 96      48    48    1.95    ---   0     
2.45    8.17___16:31:12 97      48    49    1.96    +++   1     
3.11    8.17___16:31:32 98      48    50    1.96    +++   2     
3.91    8.17___16:31:53 99      48    51    1.96    +++   3     
1.1     8.17___16:32:6  100     49    51    1.96    ---   2     
1.64    8.17___16:32:21 101     50    51    1.96    ---   1     
1.01    8.17___16:32:32 102     51    51    1.95    ---   0     
1.72    8.17___16:32:48 103     52    51    1.95    ---   -1    
13.89   8.17___16:33:22 104     52    52    1.95    +++   0     
4.11    8.17___16:33:43 105     52    53    1.96    +++   1     
2.44    8.17___16:34:1  106     52    54    1.96    +++   2     
1.35    8.17___16:34:16 107     53    54    1.96    ---   1     
3.42    8.17___16:34:36 108     53    55    1.96    +++   2     
3.26    8.17___16:34:56 109     53    56    1.96    +++   3     
23.98   8.17___16:35:37 110     53    57    1.96    +++   4     
1.78    8.17___16:35:53 111     54    57    1.96    ---   3     
2.75    8.17___16:36:12 112     54    58    1.96    +++   4     
4.6     8.17___16:36:35 113     54    59    1.96    +++   5     
1.65    8.17___16:36:51 114     55    59    1.96    ---   4     
2.91    8.17___16:37:10 115     55    60    1.96    +++   5     
33.39   8.17___16:37:56 116     55    61    1.96    +++   6     
1       8.17___16:38:7  117     56    61    1.96    ---   5     
4.05    8.17___16:38:28 118     56    62    1.96    +++   6     
1.08    8.17___16:38:41 119     57    62    1.96    ---   5     
1.47    8.17___16:38:56 120     58    62    1.96    ---   4     
2.27    8.17___16:39:13 121     58    63    1.96    +++   5     
3.18    8.17___16:39:33 122     58    64    1.96    +++   6     
1.76    8.17___16:39:49 123     59    64    1.96    ---   5     
1.36    8.17___16:40:4  124     60    64    1.96    ---   4     
3.86    8.17___16:40:25 125     60    65    1.96    +++   5     
1.19    8.17___16:40:38 126     61    65    1.96    ---   4     
1.31    8.17___16:40:53 127     62    65    1.96    ---   3     
1.32    8.17___16:41:7  128     63    65    1.96    ---   2     
1.74    8.17___16:41:23 129     64    65    1.96    ---   1     
4.51    8.17___16:41:45 130     64    66    1.96    +++   2     
1.18    8.17___16:41:58 131     65    66    1.96    ---   1     
9.64    8.17___16:42:27 132     65    67    1.96    +++   2     
1.36    8.17___16:42:42 133     66    67    1.96    ---   1     
9.02    8.17___16:43:10 134     66    68    1.96    +++   2     
2.94    8.17___16:43:30 135     66    69    1.96    +++   3     
2.41    8.17___16:43:48 136     66    70    1.96    +++   4     
1.7     8.17___16:44:4  137     67    70    1.96    ---   3     
4.71    8.17___16:44:26 138     67    71    1.96    +++   4     
1.16    8.17___16:44:39 139     68    71    1.96    ---   3     
1.18    8.17___16:44:53 140     69    71    1.96    ---   2     
1.34    8.17___16:45:7  141     70    71    1.96    ---   1     
1.99    8.17___16:45:24 142     71    71    1.96    ---   0     
2.62    8.17___16:45:42 143     71    72    1.96    +++   1     
1.85    8.17___16:45:59 144     72    72    1.96    ---   0     
1.39    8.17___16:46:13 145     73    72    1.96    ---   -1    
1.84    8.17___16:46:30 146     74    72    1.95    ---   -2    
1.56    8.17___16:46:45 147     75    72    1.95    ---   -3    
1.03    8.17___16:46:57 148     76    72    1.95    ---   -4    
1.06    8.17___16:47:9  149     77    72    1.95    ---   -5    
1.87    8.17___16:47:25 150     78    72    1.95    ---   -6    
2.06    8.17___16:47:42 151     78    73    1.95    +++   -5    
1.08    8.17___16:47:55 152     79    73    1.95    ---   -6    
1.94    8.17___16:48:11 153     80    73    1.95    ---   -7    
5.29    8.17___16:48:35 154     80    74    1.95    +++   -6    
1.1     8.17___16:48:48 155     81    74    1.95    ---   -7    
3.72    8.17___16:49:9  156     81    75    1.95    +++   -6    
1.73    8.17___16:49:25 157     82    75    1.95    ---   -7    
1.13    8.17___16:49:37 158     83    75    1.94    ---   -8    
23.92   8.17___16:50:18 159     83    76    1.95    +++   -7    
1.1     8.17___16:50:31 160     84    76    1.94    ---   -8    
2.37    8.17___16:50:49 161     84    77    1.95    +++   -7    
1.78    8.17___16:51:5  162     85    77    1.94    ---   -8    
1.01    8.17___16:51:16 163     86    77    1.94    ---   -9    
6.71    8.17___16:51:42 164     86    78    1.94    +++   -8    
1.88    8.17___16:51:58 165     87    78    1.94    ---   -9    
3.79    8.17___16:52:19 166     87    79    1.94    +++   -8    
1.54    8.17___16:52:35 167     88    79    1.94    ---   -9    
3.84    8.17___16:52:56 168     88    80    1.94    +++   -8    
4.03    8.17___16:53:17 169     88    81    1.95    +++   -7    
21.4    8.17___16:53:57 170     88    82    1.95    +++   -6    
2.09    8.17___16:54:14 171     88    83    1.95    +++   -5    
6.7     8.17___16:54:39 172     88    84    1.95    +++   -4    
31.45   8.17___16:55:25 173     88    85    1.95    +++   -3    
1.88    8.17___16:55:41 174     89    85    1.95    ---   -4    
17.54   8.17___16:56:18 175     89    86    1.95    +++   -3    
2.38    8.17___16:56:36 176     89    87    1.95    +++   -2    
2.57    8.17___16:56:54 177     89    88    1.96    +++   -1    
24.92   8.17___16:57:36 178     89    89    1.96    +++   0     
7.14    8.17___16:58:2  179     89    90    1.96    +++   1     
6.83    8.17___16:58:28 180     89    91    1.96    +++   2     
9.36    8.17___16:58:56 181     89    92    1.96    +++   3     
2.89    8.17___16:59:16 182     89    93    1.96    +++   4     
6.11    8.17___16:59:40 183     89    94    1.96    +++   5     
