8.5     8.17___13:0:21  1       0     1     1.94    +++   1     
1.07    8.17___13:0:33  2       1     1     1.94    ---   0     
1.08    8.17___13:0:45  3       2     1     1.93    ---   -1    
2.91    8.17___13:1:5   4       2     2     1.94    +++   0     
12.91   8.17___13:1:37  5       2     3     1.94    +++   1     
8.38    8.17___13:2:5   6       2     4     1.94    +++   2     
1       8.17___13:2:15  7       3     4     1.94    ---   1     
1.33    8.17___13:2:29  8       4     4     1.94    ---   0     
15.22   8.17___13:3:4   9       4     5     1.94    +++   1     
1.12    8.17___13:3:17  10      5     5     1.94    ---   0     
2       8.17___13:3:33  11      5     6     1.94    +++   1     
2.03    8.17___13:3:50  12      5     7     1.94    +++   2     
5.36    8.17___13:4:14  13      5     8     1.94    +++   3     
2.06    8.17___13:4:31  14      5     9     1.95    +++   4     
1.36    8.17___13:4:46  15      6     9     1.94    ---   3     
1.19    8.17___13:4:59  16      7     9     1.94    ---   2     
1.35    8.17___13:5:13  17      8     9     1.94    ---   1     
1.32    8.17___13:5:27  18      9     9     1.94    ---   0     
1.25    8.17___13:5:41  19      10    9     1.93    ---   -1    
6.81    8.17___13:6:7   20      10    10    1.94    +++   0     
3.1     8.17___13:6:27  21      10    11    1.94    +++   1     
1.99    8.17___13:6:43  22      11    11    1.94    ---   0     
1.42    8.17___13:6:58  23      12    11    1.94    ---   -1    
1.73    8.17___13:7:14  24      13    11    1.94    ---   -2    
1.45    8.17___13:7:29  25      14    11    1.93    ---   -3    
28.46   8.17___13:8:13  26      14    12    1.94    +++   -2    
2.18    8.17___13:8:30  27      14    13    1.94    +++   -1    
1.39    8.17___13:8:44  28      15    13    1.94    ---   -2    
5.18    8.17___13:9:8   29      15    14    1.94    +++   -1    
1.41    8.17___13:9:22  30      16    14    1.94    ---   -2    
2.75    8.17___13:9:41  31      16    15    1.94    +++   -1    
1.69    8.17___13:9:57  32      17    15    1.94    ---   -2    
25.91   8.17___13:10:39 33      17    16    1.94    +++   -1    
1.38    8.17___13:10:54 34      18    16    1.94    ---   -2    
1.22    8.17___13:11:7  35      19    16    1.93    ---   -3    
1.13    8.17___13:11:20 36      20    16    1.93    ---   -4    
1.07    8.17___13:11:32 37      21    16    1.93    ---   -5    
10.93   8.17___13:12:3  38      21    17    1.93    +++   -4    
2.19    8.17___13:12:20 39      21    18    1.93    +++   -3    
2.5     8.17___13:12:39 40      21    19    1.94    +++   -2    
1.8     8.17___13:12:55 41      22    19    1.93    ---   -3    
1.53    8.17___13:13:10 42      23    19    1.93    ---   -4    
3.64    8.17___13:13:31 43      23    20    1.93    +++   -3    
2.39    8.17___13:13:49 44      23    21    1.94    +++   -2    
2.31    8.17___13:14:7  45      23    22    1.94    +++   -1    
11.94   8.17___13:14:38 46      23    23    1.94    +++   0     
1       8.17___13:14:49 47      24    23    1.94    ---   -1    
1.43    8.17___13:15:3  48      25    23    1.94    ---   -2    
2.05    8.17___13:15:20 49      25    24    1.94    +++   -1    
17.62   8.17___13:15:57 50      25    25    1.94    +++   0     
3.16    8.17___13:16:17 51      25    26    1.94    +++   1     
2.69    8.17___13:16:35 52      25    27    1.95    +++   2     
2.31    8.17___13:16:53 53      25    28    1.95    +++   3     
1.06    8.17___13:17:5  54      26    28    1.95    ---   2     
1.08    8.17___13:17:18 55      27    28    1.94    ---   1     
1.04    8.17___13:17:29 56      28    28    1.94    ---   0     
1.63    8.17___13:17:45 57      29    28    1.94    ---   -1    
1.69    8.17___13:18:1  58      30    28    1.94    ---   -2    
11.93   8.17___13:18:32 59      30    29    1.94    +++   -1    
1.77    8.17___13:18:48 60      31    29    1.94    ---   -2    
2.41    8.17___13:19:6  61      31    30    1.94    +++   -1    
32.25   8.17___13:19:52 62      31    31    1.94    +++   0     
1.85    8.17___13:20:9  63      32    31    1.94    ---   -1    
1.83    8.17___13:20:25 64      33    31    1.94    ---   -2    
2.02    8.17___13:20:42 65      33    32    1.94    +++   -1    
3.38    8.17___13:21:2  66      33    33    1.94    +++   0     
9.33    8.17___13:21:31 67      33    34    1.94    +++   1     
9.79    8.17___13:22:0  68      33    35    1.95    +++   2     
26.3    8.17___13:22:43 69      33    36    1.95    +++   3     
5.57    8.17___13:23:7  70      33    37    1.96    +++   4     
1.38    8.17___13:23:21 71      34    37    1.95    ---   3     
1.74    8.17___13:23:37 72      35    37    1.95    ---   2     
1.57    8.17___13:23:52 73      36    37    1.94    ---   1     
1.08    8.17___13:24:5  74      37    37    1.94    ---   0     
2.28    8.17___13:24:22 75      37    38    1.94    +++   1     
1.91    8.17___13:24:39 76      38    38    1.94    ---   0     
3.53    8.17___13:25:0  77      38    39    1.94    +++   1     
10.59   8.17___13:25:30 78      38    40    1.95    +++   2     
7.42    8.17___13:25:56 79      38    41    1.95    +++   3     
2.22    8.17___13:26:14 80      38    42    1.96    +++   4     
1       8.17___13:26:24 81      39    42    1.95    ---   3     
1.53    8.17___13:26:40 82      40    42    1.95    ---   2     
1.96    8.17___13:26:56 83      41    42    1.95    ---   1     
1.09    8.17___13:27:9  84      42    42    1.95    ---   0     
1.06    8.17___13:27:21 85      43    42    1.94    ---   -1    
2.79    8.17___13:27:40 86      43    43    1.95    +++   0     
3.08    8.17___13:28:0  87      43    44    1.95    +++   1     
1.09    8.17___13:28:12 88      44    44    1.95    ---   0     
1.11    8.17___13:28:25 89      45    44    1.94    ---   -1    
1.29    8.17___13:28:39 90      46    44    1.94    ---   -2    
3.04    8.17___13:28:58 91      46    45    1.94    +++   -1    
1.02    8.17___13:29:10 92      47    45    1.94    ---   -2    
1.04    8.17___13:29:22 93      48    45    1.94    ---   -3    
1.48    8.17___13:29:37 94      49    45    1.94    ---   -4    
4.43    8.17___13:29:59 95      49    46    1.94    +++   -3    
1.32    8.17___13:30:13 96      50    46    1.94    ---   -4    
1.88    8.17___13:30:29 97      51    46    1.93    ---   -5    
3.58    8.17___13:30:50 98      51    47    1.94    +++   -4    
22.86   8.17___13:31:30 99      51    48    1.94    +++   -3    
1.15    8.17___13:31:43 100     52    48    1.94    ---   -4    
4.57    8.17___13:32:6  101     52    49    1.94    +++   -3    
5.6     8.17___13:32:30 102     52    50    1.94    +++   -2    
1.32    8.17___13:32:44 103     53    50    1.94    ---   -3    
1       8.17___13:32:54 104     54    50    1.94    ---   -4    
7.86    8.17___13:33:22 105     54    51    1.94    +++   -3    
6.33    8.17___13:33:47 106     54    52    1.94    +++   -2    
4.16    8.17___13:34:9  107     54    53    1.94    +++   -1    
8.62    8.17___13:34:37 108     54    54    1.95    +++   0     
1.82    8.17___13:34:53 109     55    54    1.94    ---   -1    
1       8.17___13:35:3  110     56    54    1.94    ---   -2    
1.61    8.17___13:35:19 111     57    54    1.94    ---   -3    
1.94    8.17___13:35:36 112     58    54    1.94    ---   -4    
1.07    8.17___13:35:48 113     59    54    1.94    ---   -5    
1.01    8.17___13:35:59 114     60    54    1.94    ---   -6    
3.17    8.17___13:36:19 115     60    55    1.94    +++   -5    
5.27    8.17___13:36:42 116     60    56    1.94    +++   -4    
4.51    8.17___13:37:5  117     60    57    1.94    +++   -3    
1.09    8.17___13:37:17 118     61    57    1.94    ---   -4    
3.25    8.17___13:37:37 119     61    58    1.94    +++   -3    
1.75    8.17___13:37:53 120     62    58    1.94    ---   -4    
25.65   8.17___13:38:35 121     62    59    1.94    +++   -3    
1.7     8.17___13:38:52 122     63    59    1.94    ---   -4    
1.11    8.17___13:39:4  123     64    59    1.94    ---   -5    
1.63    8.17___13:39:19 124     65    59    1.94    ---   -6    
1.23    8.17___13:39:33 125     66    59    1.93    ---   -7    
1.62    8.17___13:39:48 126     67    59    1.93    ---   -8    
5.45    8.17___13:40:12 127     67    60    1.93    +++   -7    
2.04    8.17___13:40:29 128     67    61    1.94    +++   -6    
2.15    8.17___13:40:47 129     67    62    1.94    +++   -5    
1       8.17___13:40:57 130     68    62    1.94    ---   -6    
1.54    8.17___13:41:12 131     69    62    1.93    ---   -7    
1.99    8.17___13:41:29 132     70    62    1.94    ---   -8    
1.31    8.17___13:41:43 133     71    62    1.93    ---   -9    
1.77    8.17___13:42:0  134     72    62    1.93    ---   -10   
1.13    8.17___13:42:12 135     73    62    1.93    ---   -11   
1.61    8.17___13:42:28 136     74    62    1.93    ---   -12   
1.73    8.17___13:42:44 137     75    62    1.93    ---   -13   
1.64    8.17___13:43:0  138     76    62    1.93    ---   -14   
1.01    8.17___13:43:11 139     77    62    1.92    ---   -15   
1.88    8.17___13:43:27 140     78    62    1.91    ---   -16   
1.02    8.17___13:43:39 141     79    62    1.91    ---   -17   
1       8.17___13:43:49 142     80    62    1.91    ---   -18   
1.17    8.17___13:44:2  143     81    62    1.89    ---   -19   
6.95    8.17___13:44:28 144     81    63    1.91    +++   -18   
10.32   8.17___13:44:58 145     81    64    1.91    +++   -17   
3       8.17___13:45:18 146     81    65    1.91    +++   -16   
1.77    8.17___13:45:34 147     82    65    1.91    ---   -17   
1.11    8.17___13:45:46 148     83    65    1.91    ---   -18   
5.82    8.17___13:46:11 149     83    66    1.91    +++   -17   
1.42    8.17___13:46:25 150     84    66    1.91    ---   -18   
1.21    8.17___13:46:39 151     85    66    1.89    ---   -19   
1.15    8.17___13:46:52 152     86    66    1.88    ---   -20   
1.79    8.17___13:47:8  153     87    66    1.88    ---   -21   
31.79   8.17___13:47:54 154     87    67    1.88    +++   -20   
2.39    8.17___13:48:12 155     87    68    1.89    +++   -19   
1.35    8.17___13:48:26 156     88    68    1.88    ---   -20   
31.25   8.17___13:49:11 157     88    69    1.89    +++   -19   
1.75    8.17___13:49:27 158     89    69    1.88    ---   -20   
4.59    8.17___13:49:50 159     89    70    1.89    +++   -19   
1.19    8.17___13:50:3  160     90    70    1.88    ---   -20   
3.19    8.17___13:50:23 161     90    71    1.89    +++   -19   
2.9     8.17___13:50:42 162     90    72    1.91    +++   -18   
1.08    8.17___13:50:55 163     91    72    1.89    ---   -19   
1.96    8.17___13:51:11 164     92    72    1.91    ---   -20   
7.06    8.17___13:51:38 165     92    73    1.91    +++   -19   
3.86    8.17___13:51:59 166     92    74    1.91    +++   -18   
2.79    8.17___13:52:18 167     92    75    1.92    +++   -17   
1.02    8.17___13:52:29 168     93    75    1.91    ---   -18   
2.31    8.17___13:52:47 169     93    76    1.92    +++   -17   
2.83    8.17___13:53:6  170     93    77    1.93    +++   -16   
1.09    8.17___13:53:19 171     94    77    1.92    ---   -17   
3.62    8.17___13:53:40 172     94    78    1.93    +++   -16   
3.62    8.17___13:54:0  173     94    79    1.93    +++   -15   
13.17   8.17___13:54:33 174     94    80    1.93    +++   -14   
1.83    8.17___13:54:49 175     95    80    1.93    ---   -15   
1.73    8.17___13:55:5  176     96    80    1.93    ---   -16   
1.07    8.17___13:55:17 177     97    80    1.92    ---   -17   
1.06    8.17___13:55:29 178     98    80    1.91    ---   -18   
1.99    8.17___13:55:46 179     99    80    1.92    ---   -19   
5.29    8.17___13:56:10 180     99    81    1.93    +++   -18   
1.42    8.17___13:56:25 181     100   81    1.92    ---   -19   
7.44    8.17___13:56:51 182     100   82    1.93    +++   -18   
1.21    8.17___13:57:5  183     101   82    1.92    ---   -19   
3.7     8.17___13:57:26 184     101   83    1.93    +++   -18   
3.76    8.17___13:57:47 185     101   84    1.93    +++   -17   
6.93    8.17___13:58:13 186     101   85    1.93    +++   -16   
14.7    8.17___13:58:47 187     101   86    1.93    +++   -15   
4.95    8.17___13:59:10 188     101   87    1.93    +++   -14   
13.11   8.17___13:59:42 189     101   88    1.93    +++   -13   
