2.72    8.17___11:0:5   1       0     1     1.84    +++   1     
2.81    8.17___11:0:23  2       0     2     1.88    +++   2     
1.23    8.17___11:0:37  3       1     2     1.84    ---   1     
9.44    8.17___11:1:6   4       1     3     1.88    +++   2     
1.15    8.17___11:1:19  5       2     3     1.84    ---   1     
1.22    8.17___11:1:32  6       3     3     1.81    ---   0     
1.42    8.17___11:1:47  7       4     3     1.8     ---   -1    
1.3     8.17___11:2:1   8       5     3     1.79    ---   -2    
1.43    8.17___11:2:16  9       6     3     1.75    ---   -3    
1.37    8.17___11:2:30  10      7     3     1.72    ---   -4    
1.98    8.17___11:2:47  11      8     3     1.75    ---   -5    
1.93    8.17___11:3:4   12      9     3     1.79    ---   -6    
1.57    8.17___11:3:19  13      10    3     1.75    ---   -7    
11.27   8.17___11:3:50  14      10    4     1.79    +++   -6    
12.22   8.17___11:4:21  15      10    5     1.8     +++   -5    
8       8.17___11:4:49  16      10    6     1.81    +++   -4    
1.59    8.17___11:5:4   17      11    6     1.8     ---   -5    
1.37    8.17___11:5:19  18      12    6     1.79    ---   -6    
7.6     8.17___11:5:45  19      12    7     1.8     +++   -5    
1.82    8.17___11:6:1   20      13    7     1.81    ---   -6    
1.99    8.17___11:6:18  21      14    7     1.81    ---   -7    
2.39    8.17___11:6:36  22      14    8     1.82    +++   -6    
1.03    8.17___11:6:48  23      15    8     1.81    ---   -7    
10.55   8.17___11:7:18  24      15    9     1.82    +++   -6    
16.82   8.17___11:7:54  25      15    10    1.85    +++   -5    
16.74   8.17___11:8:29  26      15    11    1.88    +++   -4    
1       8.17___11:8:40  27      16    11    1.85    ---   -5    
8.23    8.17___11:9:7   28      16    12    1.88    +++   -4    
4.39    8.17___11:9:30  29      16    13    1.9     +++   -3    
4.02    8.17___11:9:51  30      16    14    1.93    +++   -2    
1.2     8.17___11:10:5  31      17    14    1.9     ---   -3    
3.17    8.17___11:10:24 32      17    15    1.93    +++   -2    
1.06    8.17___11:10:36 33      18    15    1.9     ---   -3    
1.11    8.17___11:10:49 34      19    15    1.88    ---   -4    
2       8.17___11:11:6  35      19    16    1.9     +++   -3    
1.4     8.17___11:11:21 36      20    16    1.88    ---   -4    
25.14   8.17___11:12:2  37      20    17    1.9     +++   -3    
6.09    8.17___11:12:27 38      20    18    1.93    +++   -2    
1.42    8.17___11:12:42 39      21    18    1.9     ---   -3    
1.95    8.17___11:12:58 40      22    18    1.93    ---   -4    
1.17    8.17___11:13:11 41      23    18    1.9     ---   -5    
1.42    8.17___11:13:27 42      24    18    1.88    ---   -6    
11.58   8.17___11:13:57 43      24    19    1.9     +++   -5    
7.4     8.17___11:14:24 44      24    20    1.93    +++   -4    
5.42    8.17___11:14:48 45      24    21    1.93    +++   -3    
2.62    8.17___11:15:6  46      24    22    1.93    +++   -2    
1.31    8.17___11:15:20 47      25    22    1.93    ---   -3    
1.7     8.17___11:15:36 48      26    22    1.93    ---   -4    
1.14    8.17___11:15:49 49      27    22    1.9     ---   -5    
1.73    8.17___11:16:5  50      28    22    1.88    ---   -6    
1.86    8.17___11:16:21 51      29    22    1.87    ---   -7    
1.37    8.17___11:16:36 52      30    22    1.86    ---   -8    
5.41    8.17___11:17:0  53      30    23    1.87    +++   -7    
1.41    8.17___11:17:14 54      31    23    1.86    ---   -8    
1.38    8.17___11:17:29 55      32    23    1.84    ---   -9    
1.15    8.17___11:17:42 56      33    23    1.82    ---   -10   
11.4    8.17___11:18:13 57      33    24    1.84    +++   -9    
3.3     8.17___11:18:33 58      33    25    1.86    +++   -8    
14.05   8.17___11:19:6  59      33    26    1.87    +++   -7    
3.05    8.17___11:19:26 60      33    27    1.88    +++   -6    
4.3     8.17___11:19:48 61      33    28    1.9     +++   -5    
1.01    8.17___11:19:59 62      34    28    1.88    ---   -6    
1       8.17___11:20:9  63      35    28    1.87    ---   -7    
10.58   8.17___11:20:39 64      35    29    1.88    +++   -6    
4.4     8.17___11:21:2  65      35    30    1.9     +++   -5    
24.35   8.17___11:21:43 66      35    31    1.93    +++   -4    
3.46    8.17___11:22:3  67      35    32    1.93    +++   -3    
8.28    8.17___11:22:31 68      35    33    1.93    +++   -2    
2.55    8.17___11:22:49 69      35    34    1.93    +++   -1    
1.06    8.17___11:23:1  70      36    34    1.93    ---   -2    
7.59    8.17___11:23:28 71      36    35    1.93    +++   -1    
1.16    8.17___11:23:41 72      37    35    1.93    ---   -2    
3.66    8.17___11:24:2  73      37    36    1.93    +++   -1    
1.03    8.17___11:24:14 74      38    36    1.93    ---   -2    
1.24    8.17___11:24:27 75      39    36    1.93    ---   -3    
1.46    8.17___11:24:42 76      40    36    1.93    ---   -4    
2.97    8.17___11:25:2  77      40    37    1.93    +++   -3    
3.48    8.17___11:25:22 78      40    38    1.93    +++   -2    
5.97    8.17___11:25:47 79      40    39    1.93    +++   -1    
1.83    8.17___11:26:3  80      41    39    1.93    ---   -2    
1.17    8.17___11:26:16 81      42    39    1.93    ---   -3    
6.9     8.17___11:26:42 82      42    40    1.93    +++   -2    
2.47    8.17___11:27:0  83      42    41    1.93    +++   -1    
1.96    8.17___11:27:17 84      43    41    1.93    ---   -2    
8.15    8.17___11:27:44 85      43    42    1.93    +++   -1    
18.32   8.17___11:28:21 86      43    43    1.94    +++   0     
1.07    8.17___11:28:34 87      44    43    1.93    ---   -1    
12.51   8.17___11:29:6  88      44    44    1.94    +++   0     
2.22    8.17___11:29:23 89      44    45    1.94    +++   1     
2.76    8.17___11:29:42 90      44    46    1.94    +++   2     
5.94    8.17___11:30:7  91      44    47    1.94    +++   3     
12.45   8.17___11:30:39 92      44    48    1.95    +++   4     
1.33    8.17___11:30:53 93      45    48    1.94    ---   3     
1.47    8.17___11:31:8  94      46    48    1.94    ---   2     
1.79    8.17___11:31:24 95      47    48    1.94    ---   1     
1.22    8.17___11:31:38 96      48    48    1.94    ---   0     
3.06    8.17___11:31:57 97      48    49    1.94    +++   1     
1.87    8.17___11:32:14 98      49    49    1.94    ---   0     
4.38    8.17___11:32:36 99      49    50    1.94    +++   1     
2.18    8.17___11:32:53 100     49    51    1.94    +++   2     
3.83    8.17___11:33:14 101     49    52    1.94    +++   3     
2.86    8.17___11:33:34 102     49    53    1.95    +++   4     
1.04    8.17___11:33:45 103     50    53    1.94    ---   3     
1.61    8.17___11:34:1  104     51    53    1.94    ---   2     
1.58    8.17___11:34:16 105     52    53    1.94    ---   1     
9.29    8.17___11:34:45 106     52    54    1.94    +++   2     
1.02    8.17___11:34:57 107     53    54    1.94    ---   1     
10.82   8.17___11:35:27 108     53    55    1.94    +++   2     
1.55    8.17___11:35:42 109     54    55    1.94    ---   1     
1.02    8.17___11:35:54 110     55    55    1.94    ---   0     
2.85    8.17___11:36:13 111     55    56    1.94    +++   1     
1.06    8.17___11:36:25 112     56    56    1.94    ---   0     
1.36    8.17___11:36:39 113     57    56    1.93    ---   -1    
2.42    8.17___11:36:57 114     57    57    1.94    +++   0     
8.51    8.17___11:37:25 115     57    58    1.94    +++   1     
1       8.17___11:37:36 116     58    58    1.94    ---   0     
1.75    8.17___11:37:52 117     59    58    1.93    ---   -1    
6.35    8.17___11:38:17 118     59    59    1.94    +++   0     
1.5     8.17___11:38:32 119     60    59    1.93    ---   -1    
1.4     8.17___11:38:46 120     61    59    1.93    ---   -2    
1.03    8.17___11:38:58 121     62    59    1.93    ---   -3    
1.18    8.17___11:39:11 122     63    59    1.93    ---   -4    
1.26    8.17___11:39:25 123     64    59    1.93    ---   -5    
1.53    8.17___11:39:40 124     65    59    1.93    ---   -6    
4.72    8.17___11:40:3  125     65    60    1.93    +++   -5    
1.03    8.17___11:40:15 126     66    60    1.93    ---   -6    
2.13    8.17___11:40:32 127     66    61    1.93    +++   -5    
1.5     8.17___11:40:47 128     67    61    1.93    ---   -6    
5.98    8.17___11:41:12 129     67    62    1.93    +++   -5    
3.19    8.17___11:41:32 130     67    63    1.93    +++   -4    
1.2     8.17___11:41:45 131     68    63    1.93    ---   -5    
2.74    8.17___11:42:4  132     68    64    1.93    +++   -4    
1.14    8.17___11:42:17 133     69    64    1.93    ---   -5    
2.32    8.17___11:42:35 134     69    65    1.93    +++   -4    
3.88    8.17___11:42:56 135     69    66    1.93    +++   -3    
2.53    8.17___11:43:14 136     69    67    1.93    +++   -2    
1.25    8.17___11:43:28 137     70    67    1.93    ---   -3    
6.52    8.17___11:43:53 138     70    68    1.93    +++   -2    
5.98    8.17___11:44:18 139     70    69    1.93    +++   -1    
1.19    8.17___11:44:31 140     71    69    1.93    ---   -2    
5.31    8.17___11:44:55 141     71    70    1.93    +++   -1    
1.48    8.17___11:45:10 142     72    70    1.93    ---   -2    
1.07    8.17___11:45:22 143     73    70    1.93    ---   -3    
1.91    8.17___11:45:39 144     74    70    1.93    ---   -4    
1.35    8.17___11:45:53 145     75    70    1.93    ---   -5    
1.21    8.17___11:46:6  146     76    70    1.93    ---   -6    
4.49    8.17___11:46:29 147     76    71    1.93    +++   -5    
4.06    8.17___11:46:50 148     76    72    1.93    +++   -4    
5.29    8.17___11:47:14 149     76    73    1.93    +++   -3    
2.77    8.17___11:47:33 150     76    74    1.93    +++   -2    
1.17    8.17___11:47:46 151     77    74    1.93    ---   -3    
1       8.17___11:47:57 152     78    74    1.93    ---   -4    
3.89    8.17___11:48:18 153     78    75    1.93    +++   -3    
1       8.17___11:48:28 154     79    75    1.93    ---   -4    
1.25    8.17___11:48:42 155     80    75    1.93    ---   -5    
5.68    8.17___11:49:6  156     80    76    1.93    +++   -4    
1.05    8.17___11:49:18 157     81    76    1.93    ---   -5    
4.41    8.17___11:49:41 158     81    77    1.93    +++   -4    
1.19    8.17___11:49:54 159     82    77    1.93    ---   -5    
1.04    8.17___11:50:6  160     83    77    1.93    ---   -6    
1.38    8.17___11:50:20 161     84    77    1.92    ---   -7    
1.01    8.17___11:50:31 162     85    77    1.91    ---   -8    
1.38    8.17___11:50:46 163     86    77    1.89    ---   -9    
1.25    8.17___11:50:59 164     87    77    1.88    ---   -10   
1.04    8.17___11:51:11 165     88    77    1.87    ---   -11   
12.32   8.17___11:51:43 166     88    78    1.88    +++   -10   
1.06    8.17___11:51:55 167     89    78    1.87    ---   -11   
14.46   8.17___11:52:29 168     89    79    1.88    +++   -10   
23.35   8.17___11:53:9  169     89    80    1.89    +++   -9    
1.71    8.17___11:53:25 170     90    80    1.88    ---   -10   
1.02    8.17___11:53:37 171     91    80    1.87    ---   -11   
1.67    8.17___11:53:52 172     92    80    1.87    ---   -12   
1.56    8.17___11:54:8  173     93    80    1.86    ---   -13   
3.67    8.17___11:54:28 174     93    81    1.87    +++   -12   
1.33    8.17___11:54:43 175     94    81    1.86    ---   -13   
1.86    8.17___11:54:59 176     95    81    1.86    ---   -14   
2.05    8.17___11:55:16 177     95    82    1.86    +++   -13   
2.13    8.17___11:55:33 178     95    83    1.87    +++   -12   
2.76    8.17___11:55:52 179     95    84    1.87    +++   -11   
3.95    8.17___11:56:14 180     95    85    1.88    +++   -10   
3.11    8.17___11:56:33 181     95    86    1.89    +++   -9    
6.17    8.17___11:56:58 182     95    87    1.91    +++   -8    
1.33    8.17___11:57:12 183     96    87    1.89    ---   -9    
1.2     8.17___11:57:26 184     97    87    1.88    ---   -10   
1.36    8.17___11:57:40 185     98    87    1.87    ---   -11   
1       8.17___11:57:51 186     99    87    1.87    ---   -12   
1.42    8.17___11:58:5  187     100   87    1.86    ---   -13   
2.36    8.17___11:58:23 188     100   88    1.87    +++   -12   
5.05    8.17___11:58:47 189     100   89    1.87    +++   -11   
6.13    8.17___11:59:11 190     100   90    1.88    +++   -10   
1.4     8.17___11:59:26 191     101   90    1.87    ---   -11   
1.05    8.17___11:59:38 192     102   90    1.87    ---   -12   
