4.08    8.17___15:0:8   1       0     1     1.93    +++   1     
2.47    8.17___15:0:26  2       0     2     1.93    +++   2     
1.71    8.17___15:0:42  3       1     2     1.93    ---   1     
5.97    8.17___15:1:6   4       1     3     1.93    +++   2     
3.76    8.17___15:1:28  5       1     4     1.93    +++   3     
1.25    8.17___15:1:41  6       2     4     1.93    ---   2     
1.32    8.17___15:1:55  7       3     4     1.93    ---   1     
10.83   8.17___15:2:26  8       3     5     1.93    +++   2     
12.14   8.17___15:2:57  9       3     6     1.93    +++   3     
1.34    8.17___15:3:12  10      4     6     1.93    ---   2     
3.65    8.17___15:3:32  11      4     7     1.93    +++   3     
1.64    8.17___15:3:48  12      5     7     1.93    ---   2     
1.09    8.17___15:4:1   13      6     7     1.93    ---   1     
1.42    8.17___15:4:15  14      7     7     1.93    ---   0     
5.02    8.17___15:4:38  15      7     8     1.93    +++   1     
20.69   8.17___15:5:17  16      7     9     1.93    +++   2     
1.17    8.17___15:5:30  17      8     9     1.93    ---   1     
1.43    8.17___15:5:45  18      9     9     1.93    ---   0     
20.68   8.17___15:6:24  19      9     10    1.93    +++   1     
1.27    8.17___15:6:37  20      10    10    1.93    ---   0     
1.06    8.17___15:6:49  21      11    10    1.93    ---   -1    
2.32    8.17___15:7:7   22      11    11    1.93    +++   0     
1.07    8.17___15:7:20  23      12    11    1.93    ---   -1    
1.8     8.17___15:7:36  24      13    11    1.93    ---   -2    
22.91   8.17___15:8:16  25      13    12    1.93    +++   -1    
2.09    8.17___15:8:33  26      13    13    1.93    +++   0     
3.69    8.17___15:8:54  27      13    14    1.93    +++   1     
1.51    8.17___15:9:9   28      14    14    1.93    ---   0     
3.14    8.17___15:9:29  29      14    15    1.93    +++   1     
1.85    8.17___15:9:45  30      15    15    1.93    ---   0     
9.25    8.17___15:10:14 31      15    16    1.93    +++   1     
4.33    8.17___15:10:37 32      15    17    1.93    +++   2     
2.24    8.17___15:10:54 33      15    18    1.93    +++   3     
1.5     8.17___15:11:9  34      16    18    1.93    ---   2     
9.67    8.17___15:11:38 35      16    19    1.93    +++   3     
8.42    8.17___15:12:6  36      16    20    1.93    +++   4     
1.14    8.17___15:12:19 37      17    20    1.93    ---   3     
2.42    8.17___15:12:37 38      17    21    1.93    +++   4     
1.16    8.17___15:12:50 39      18    21    1.93    ---   3     
1.04    8.17___15:13:2  40      19    21    1.93    ---   2     
11.2    8.17___15:13:33 41      19    22    1.93    +++   3     
1.81    8.17___15:13:49 42      20    22    1.93    ---   2     
2.19    8.17___15:14:6  43      20    23    1.93    +++   3     
1.65    8.17___15:14:22 44      21    23    1.93    ---   2     
1.47    8.17___15:14:37 45      22    23    1.93    ---   1     
1.36    8.17___15:14:51 46      23    23    1.93    ---   0     
2.68    8.17___15:15:10 47      23    24    1.93    +++   1     
6.35    8.17___15:15:35 48      23    25    1.93    +++   2     
3.29    8.17___15:15:55 49      23    26    1.93    +++   3     
6.06    8.17___15:16:20 50      23    27    1.93    +++   4     
1       8.17___15:16:31 51      24    27    1.93    ---   3     
1.49    8.17___15:16:46 52      25    27    1.93    ---   2     
1.44    8.17___15:17:0  53      26    27    1.93    ---   1     
20.93   8.17___15:17:39 54      26    28    1.93    +++   2     
4.51    8.17___15:18:1  55      26    29    1.93    +++   3     
15.41   8.17___15:18:36 56      26    30    1.93    +++   4     
15.12   8.17___15:19:10 57      26    31    1.93    +++   5     
2.54    8.17___15:19:29 58      26    32    1.94    +++   6     
1.09    8.17___15:19:41 59      27    32    1.93    ---   5     
1.01    8.17___15:19:52 60      28    32    1.93    ---   4     
5.74    8.17___15:20:17 61      28    33    1.93    +++   5     
1.01    8.17___15:20:28 62      29    33    1.93    ---   4     
2.18    8.17___15:20:45 63      29    34    1.93    +++   5     
4.69    8.17___15:21:8  64      29    35    1.94    +++   6     
1.18    8.17___15:21:21 65      30    35    1.93    ---   5     
1.5     8.17___15:21:36 66      31    35    1.93    ---   4     
1.56    8.17___15:21:52 67      32    35    1.93    ---   3     
2.13    8.17___15:22:9  68      32    36    1.93    +++   4     
5.27    8.17___15:22:33 69      32    37    1.93    +++   5     
2.26    8.17___15:22:50 70      32    38    1.94    +++   6     
1.73    8.17___15:23:6  71      33    38    1.93    ---   5     
2.44    8.17___15:23:24 72      33    39    1.94    +++   6     
2.26    8.17___15:23:42 73      33    40    1.94    +++   7     
1.37    8.17___15:23:56 74      34    40    1.94    ---   6     
1.02    8.17___15:24:8  75      35    40    1.93    ---   5     
24.61   8.17___15:24:49 76      35    41    1.94    +++   6     
3.79    8.17___15:25:10 77      35    42    1.94    +++   7     
2.14    8.17___15:25:28 78      35    43    1.94    +++   8     
1.3     8.17___15:25:42 79      36    43    1.94    ---   7     
1.59    8.17___15:25:57 80      37    43    1.94    ---   6     
3.2     8.17___15:26:17 81      37    44    1.94    +++   7     
3.74    8.17___15:26:38 82      37    45    1.94    +++   8     
1.84    8.17___15:26:54 83      38    45    1.94    ---   7     
2.52    8.17___15:27:13 84      38    46    1.94    +++   8     
1.51    8.17___15:27:28 85      39    46    1.94    ---   7     
1.56    8.17___15:27:43 86      40    46    1.94    ---   6     
2.44    8.17___15:28:1  87      40    47    1.94    +++   7     
1.07    8.17___15:28:13 88      41    47    1.94    ---   6     
1.48    8.17___15:28:28 89      42    47    1.93    ---   5     
3.73    8.17___15:28:49 90      42    48    1.94    +++   6     
1.06    8.17___15:29:1  91      43    48    1.93    ---   5     
21.47   8.17___15:29:41 92      43    49    1.94    +++   6     
8.01    8.17___15:30:8  93      43    50    1.94    +++   7     
1.8     8.17___15:30:24 94      44    50    1.94    ---   6     
1.1     8.17___15:30:37 95      45    50    1.93    ---   5     
1.36    8.17___15:30:51 96      46    50    1.93    ---   4     
1.75    8.17___15:31:7  97      47    50    1.93    ---   3     
1.58    8.17___15:31:23 98      48    50    1.93    ---   2     
1.87    8.17___15:31:39 99      49    50    1.93    ---   1     
1.12    8.17___15:31:52 100     50    50    1.93    ---   0     
22.94   8.17___15:32:32 101     50    51    1.93    +++   1     
6.07    8.17___15:32:57 102     50    52    1.93    +++   2     
1.16    8.17___15:33:10 103     51    52    1.93    ---   1     
2.03    8.17___15:33:27 104     51    53    1.93    +++   2     
1.01    8.17___15:33:38 105     52    53    1.93    ---   1     
4.26    8.17___15:34:0  106     52    54    1.93    +++   2     
1.43    8.17___15:34:14 107     53    54    1.93    ---   1     
2.42    8.17___15:34:33 108     53    55    1.93    +++   2     
1.34    8.17___15:34:47 109     54    55    1.93    ---   1     
2.04    8.17___15:35:4  110     54    56    1.93    +++   2     
1.27    8.17___15:35:18 111     55    56    1.93    ---   1     
2.46    8.17___15:35:36 112     55    57    1.93    +++   2     
5.28    8.17___15:36:0  113     55    58    1.93    +++   3     
8.15    8.17___15:36:27 114     55    59    1.93    +++   4     
17.75   8.17___15:37:3  115     55    60    1.93    +++   5     
1.21    8.17___15:37:17 116     56    60    1.93    ---   4     
1.49    8.17___15:37:32 117     57    60    1.93    ---   3     
2.41    8.17___15:37:50 118     57    61    1.93    +++   4     
4.28    8.17___15:38:12 119     57    62    1.93    +++   5     
1.35    8.17___15:38:26 120     58    62    1.93    ---   4     
5.31    8.17___15:38:50 121     58    63    1.93    +++   5     
1.58    8.17___15:39:5  122     59    63    1.93    ---   4     
6.83    8.17___15:39:31 123     59    64    1.93    +++   5     
1.44    8.17___15:39:46 124     60    64    1.93    ---   4     
1.23    8.17___15:40:0  125     61    64    1.93    ---   3     
1.61    8.17___15:40:15 126     62    64    1.93    ---   2     
32.5    8.17___15:41:1  127     62    65    1.93    +++   3     
9.88    8.17___15:41:30 128     62    66    1.93    +++   4     
1.07    8.17___15:41:43 129     63    66    1.93    ---   3     
1.21    8.17___15:41:56 130     64    66    1.93    ---   2     
1.1     8.17___15:42:9  131     65    66    1.93    ---   1     
4.68    8.17___15:42:31 132     65    67    1.93    +++   2     
30.88   8.17___15:43:18 133     65    68    1.93    +++   3     
2.47    8.17___15:43:35 134     65    69    1.93    +++   4     
30.27   8.17___15:44:19 135     65    70    1.93    +++   5     
1.68    8.17___15:44:35 136     66    70    1.93    ---   4     
1.47    8.17___15:44:50 137     67    70    1.93    ---   3     
1.02    8.17___15:45:2  138     68    70    1.93    ---   2     
1.97    8.17___15:45:18 139     69    70    1.93    ---   1     
1.37    8.17___15:45:33 140     70    70    1.93    ---   0     
34.01   8.17___15:46:20 141     70    71    1.93    +++   1     
4.11    8.17___15:46:41 142     70    72    1.93    +++   2     
10.03   8.17___15:47:11 143     70    73    1.93    +++   3     
1.89    8.17___15:47:28 144     71    73    1.93    ---   2     
1.21    8.17___15:47:41 145     72    73    1.93    ---   1     
5.66    8.17___15:48:5  146     72    74    1.93    +++   2     
4.7     8.17___15:48:28 147     72    75    1.93    +++   3     
4.41    8.17___15:48:50 148     72    76    1.94    +++   4     
1.71    8.17___15:49:6  149     73    76    1.93    ---   3     
2.49    8.17___15:49:24 150     73    77    1.94    +++   4     
2.14    8.17___15:49:41 151     73    78    1.94    +++   5     
1.21    8.17___15:49:55 152     74    78    1.94    ---   4     
3.44    8.17___15:50:15 153     74    79    1.94    +++   5     
1.04    8.17___15:50:27 154     75    79    1.94    ---   4     
1       8.17___15:50:38 155     76    79    1.93    ---   3     
1.16    8.17___15:50:51 156     77    79    1.93    ---   2     
1.08    8.17___15:51:4  157     78    79    1.93    ---   1     
2.5     8.17___15:51:22 158     78    80    1.93    +++   2     
1.16    8.17___15:51:35 159     79    80    1.93    ---   1     
20.16   8.17___15:52:13 160     79    81    1.93    +++   2     
5.27    8.17___15:52:37 161     79    82    1.93    +++   3     
1.16    8.17___15:52:50 162     80    82    1.93    ---   2     
4.71    8.17___15:53:12 163     80    83    1.93    +++   3     
3.78    8.17___15:53:33 164     80    84    1.94    +++   4     
10.46   8.17___15:54:4  165     80    85    1.94    +++   5     
1.25    8.17___15:54:17 166     81    85    1.94    ---   4     
6.05    8.17___15:54:42 167     81    86    1.94    +++   5     
4.96    8.17___15:55:5  168     81    87    1.94    +++   6     
1.88    8.17___15:55:22 169     82    87    1.94    ---   5     
2.12    8.17___15:55:39 170     82    88    1.94    +++   6     
1.12    8.17___15:55:52 171     83    88    1.94    ---   5     
2.55    8.17___15:56:10 172     83    89    1.94    +++   6     
6.3     8.17___15:56:35 173     83    90    1.94    +++   7     
6.42    8.17___15:57:0  174     83    91    1.94    +++   8     
2.55    8.17___15:57:19 175     83    92    1.94    +++   9     
20.03   8.17___15:57:57 176     83    93    1.95    +++   10    
1.18    8.17___15:58:10 177     84    93    1.94    ---   9     
1.86    8.17___15:58:27 178     85    93    1.94    ---   8     
13.13   8.17___15:58:59 179     85    94    1.94    +++   9     
11.64   8.17___15:59:30 180     85    95    1.95    +++   10    
2.16    8.17___15:59:48 181     85    96    1.95    +++   11    
