6.8     8.17___10:0:7   1       0     1     4.09    +++   1     
1       8.17___10:0:18  2       1     1     1.39    ---   0     
7.86    8.17___10:0:45  3       1     2     4.09    +++   1     
1.21    8.17___10:0:59  4       2     2     1.39    ---   0     
1.66    8.17___10:1:14  5       3     2     1.52    ---   -1    
1       8.17___10:1:25  6       4     2     1.39    ---   -2    
3.24    8.17___10:1:45  7       4     3     1.52    +++   -1    
1.94    8.17___10:2:2   8       5     3     1.66    ---   -2    
1.58    8.17___10:2:17  9       6     3     1.62    ---   -3    
2.58    8.17___10:2:35  10      6     4     1.66    +++   -2    
4.39    8.17___10:2:58  11      6     5     1.79    +++   -1    
1.38    8.17___10:3:12  12      7     5     1.66    ---   -2    
1.45    8.17___10:3:27  13      8     5     1.62    ---   -3    
2.38    8.17___10:3:45  14      8     6     1.66    +++   -2    
2.86    8.17___10:4:4   15      8     7     1.79    +++   -1    
1.4     8.17___10:4:18  16      9     7     1.66    ---   -2    
3.25    8.17___10:4:38  17      9     8     1.79    +++   -1    
1.65    8.17___10:4:54  18      10    8     1.66    ---   -2    
2.18    8.17___10:5:12  19      10    9     1.79    +++   -1    
2.29    8.17___10:5:29  20      10    10    1.94    +++   0     
6.67    8.17___10:5:55  21      10    11    2.06    +++   1     
1.37    8.17___10:6:9   22      11    11    1.94    ---   0     
10.13   8.17___10:6:39  23      11    12    2.06    +++   1     
8.85    8.17___10:7:7   24      11    13    2.18    +++   2     
1.88    8.17___10:7:24  25      12    13    2.06    ---   1     
1.14    8.17___10:7:36  26      13    13    1.94    ---   0     
6.01    8.17___10:8:1   27      13    14    2.06    +++   1     
1.25    8.17___10:8:15  28      14    14    1.94    ---   0     
1       8.17___10:8:25  29      15    14    1.91    ---   -1    
1.67    8.17___10:8:41  30      16    14    1.88    ---   -2    
1.11    8.17___10:8:54  31      17    14    1.77    ---   -3    
7.65    8.17___10:9:21  32      17    15    1.88    +++   -2    
1.72    8.17___10:9:37  33      18    15    1.79    ---   -3    
1.14    8.17___10:9:49  34      19    15    1.72    ---   -4    
1.08    8.17___10:10:2  35      20    15    1.69    ---   -5    
1.07    8.17___10:10:14 36      21    15    1.67    ---   -6    
1       8.17___10:10:25 37      22    15    1.66    ---   -7    
2.15    8.17___10:10:42 38      22    16    1.67    +++   -6    
1.6     8.17___10:10:57 39      23    16    1.66    ---   -7    
1.58    8.17___10:11:13 40      24    16    1.66    ---   -8    
1.05    8.17___10:11:25 41      25    16    1.65    ---   -9    
13.88   8.17___10:11:58 42      25    17    1.66    +++   -8    
1.07    8.17___10:12:10 43      26    17    1.65    ---   -9    
2.38    8.17___10:12:28 44      26    18    1.66    +++   -8    
3.91    8.17___10:12:50 45      26    19    1.66    +++   -7    
3.21    8.17___10:13:10 46      26    20    1.67    +++   -6    
1.13    8.17___10:13:23 47      27    20    1.66    ---   -7    
18.65   8.17___10:14:0  48      27    21    1.67    +++   -6    
2.03    8.17___10:14:17 49      27    22    1.69    +++   -5    
2.04    8.17___10:14:34 50      27    23    1.72    +++   -4    
1.34    8.17___10:14:48 51      28    23    1.69    ---   -5    
1.35    8.17___10:15:2  52      29    23    1.67    ---   -6    
1.93    8.17___10:15:19 53      30    23    1.69    ---   -7    
1.71    8.17___10:15:35 54      31    23    1.71    ---   -8    
1.46    8.17___10:15:50 55      32    23    1.69    ---   -9    
1.06    8.17___10:16:2  56      33    23    1.67    ---   -10   
4.94    8.17___10:16:25 57      33    24    1.69    +++   -9    
3.33    8.17___10:16:45 58      33    25    1.71    +++   -8    
1.19    8.17___10:16:58 59      34    25    1.69    ---   -9    
1.68    8.17___10:17:14 60      35    25    1.68    ---   -10   
3.85    8.17___10:17:35 61      35    26    1.69    +++   -9    
7.34    8.17___10:18:2  62      35    27    1.71    +++   -8    
5.85    8.17___10:18:26 63      35    28    1.71    +++   -7    
1.01    8.17___10:18:37 64      36    28    1.71    ---   -8    
1.94    8.17___10:18:54 65      37    28    1.71    ---   -9    
3.47    8.17___10:19:14 66      37    29    1.72    +++   -8    
1.59    8.17___10:19:30 67      38    29    1.71    ---   -9    
1.25    8.17___10:19:43 68      39    29    1.71    ---   -10   
8.74    8.17___10:20:12 69      39    30    1.71    +++   -9    
1.38    8.17___10:20:26 70      40    30    1.71    ---   -10   
29.49   8.17___10:21:10 71      40    31    1.71    +++   -9    
1.22    8.17___10:21:24 72      41    31    1.71    ---   -10   
6.08    8.17___10:21:49 73      41    32    1.71    +++   -9    
1.93    8.17___10:22:5  74      42    32    1.72    ---   -10   
1.44    8.17___10:22:20 75      43    32    1.71    ---   -11   
2.05    8.17___10:22:37 76      43    33    1.72    +++   -10   
2.96    8.17___10:22:56 77      43    34    1.79    +++   -9    
1.41    8.17___10:23:11 78      44    34    1.72    ---   -10   
2.28    8.17___10:23:29 79      44    35    1.79    +++   -9    
1.63    8.17___10:23:44 80      45    35    1.72    ---   -10   
10.52   8.17___10:24:14 81      45    36    1.79    +++   -9    
1.19    8.17___10:24:28 82      46    36    1.72    ---   -10   
1.4     8.17___10:24:42 83      47    36    1.71    ---   -11   
3.66    8.17___10:25:3  84      47    37    1.72    +++   -10   
1.11    8.17___10:25:16 85      48    37    1.71    ---   -11   
1.21    8.17___10:25:29 86      49    37    1.71    ---   -12   
21.47   8.17___10:26:8  87      49    38    1.71    +++   -11   
3.21    8.17___10:26:28 88      49    39    1.72    +++   -10   
1       8.17___10:26:39 89      50    39    1.71    ---   -11   
1.62    8.17___10:26:54 90      51    39    1.71    ---   -12   
27.52   8.17___10:27:37 91      51    40    1.71    +++   -11   
1       8.17___10:27:48 92      52    40    1.71    ---   -12   
1.01    8.17___10:27:59 93      53    40    1.69    ---   -13   
4.71    8.17___10:28:22 94      53    41    1.71    +++   -12   
1.33    8.17___10:28:36 95      54    41    1.69    ---   -13   
2.08    8.17___10:28:53 96      54    42    1.71    +++   -12   
3.98    8.17___10:29:14 97      54    43    1.71    +++   -11   
1.66    8.17___10:29:30 98      55    43    1.71    ---   -12   
7.22    8.17___10:29:56 99      55    44    1.71    +++   -11   
1.96    8.17___10:30:13 100     56    44    1.72    ---   -12   
7.73    8.17___10:30:40 101     56    45    1.79    +++   -11   
1.6     8.17___10:30:56 102     57    45    1.72    ---   -12   
3.5     8.17___10:31:16 103     57    46    1.79    +++   -11   
2.03    8.17___10:31:33 104     57    47    1.88    +++   -10   
13.3    8.17___10:32:6  105     57    48    1.9     +++   -9    
6.62    8.17___10:32:31 106     57    49    1.93    +++   -8    
2.12    8.17___10:32:49 107     57    50    1.93    +++   -7    
1.05    8.17___10:33:0  108     58    50    1.93    ---   -8    
2.46    8.17___10:33:19 109     58    51    1.93    +++   -7    
2.65    8.17___10:33:37 110     58    52    1.93    +++   -6    
1.5     8.17___10:33:52 111     59    52    1.93    ---   -7    
1.71    8.17___10:34:8  112     60    52    1.93    ---   -8    
2.19    8.17___10:34:26 113     60    53    1.93    +++   -7    
2.49    8.17___10:34:44 114     60    54    1.93    +++   -6    
1.52    8.17___10:34:59 115     61    54    1.93    ---   -7    
9.85    8.17___10:35:28 116     61    55    1.93    +++   -6    
1       8.17___10:35:39 117     62    55    1.93    ---   -7    
3.91    8.17___10:36:0  118     62    56    1.93    +++   -6    
1.07    8.17___10:36:13 119     63    56    1.93    ---   -7    
1.28    8.17___10:36:27 120     64    56    1.93    ---   -8    
1.6     8.17___10:36:42 121     65    56    1.9     ---   -9    
17.86   8.17___10:37:18 122     65    57    1.93    +++   -8    
1.69    8.17___10:37:34 123     66    57    1.9     ---   -9    
2.34    8.17___10:37:52 124     66    58    1.93    +++   -8    
3.06    8.17___10:38:12 125     66    59    1.93    +++   -7    
1.33    8.17___10:38:26 126     67    59    1.93    ---   -8    
2.65    8.17___10:38:45 127     67    60    1.93    +++   -7    
1.21    8.17___10:38:58 128     68    60    1.93    ---   -8    
2.81    8.17___10:39:17 129     68    61    1.93    +++   -7    
1.3     8.17___10:39:31 130     69    61    1.93    ---   -8    
2.31    8.17___10:39:49 131     69    62    1.93    +++   -7    
5.23    8.17___10:40:12 132     69    63    1.93    +++   -6    
6.5     8.17___10:40:38 133     69    64    1.93    +++   -5    
1.24    8.17___10:40:51 134     70    64    1.93    ---   -6    
1.04    8.17___10:41:3  135     71    64    1.93    ---   -7    
1.45    8.17___10:41:19 136     72    64    1.93    ---   -8    
21.39   8.17___10:41:58 137     72    65    1.93    +++   -7    
2.75    8.17___10:42:17 138     72    66    1.93    +++   -6    
13.39   8.17___10:42:50 139     72    67    1.93    +++   -5    
1.59    8.17___10:43:5  140     73    67    1.93    ---   -6    
1.18    8.17___10:43:18 141     74    67    1.93    ---   -7    
6.02    8.17___10:43:43 142     74    68    1.93    +++   -6    
3.22    8.17___10:44:3  143     74    69    1.93    +++   -5    
2.54    8.17___10:44:21 144     74    70    1.94    +++   -4    
5.93    8.17___10:44:46 145     74    71    1.94    +++   -3    
1.79    8.17___10:45:2  146     75    71    1.94    ---   -4    
1.07    8.17___10:45:14 147     76    71    1.93    ---   -5    
9.55    8.17___10:45:43 148     76    72    1.94    +++   -4    
13.86   8.17___10:46:17 149     76    73    1.94    +++   -3    
5.51    8.17___10:46:41 150     76    74    1.94    +++   -2    
1.42    8.17___10:46:55 151     77    74    1.94    ---   -3    
1.52    8.17___10:47:10 152     78    74    1.94    ---   -4    
3.85    8.17___10:47:31 153     78    75    1.94    +++   -3    
1.38    8.17___10:47:46 154     79    75    1.94    ---   -4    
2.03    8.17___10:48:3  155     79    76    1.94    +++   -3    
1.42    8.17___10:48:18 156     80    76    1.94    ---   -4    
5.86    8.17___10:48:42 157     80    77    1.94    +++   -3    
1.19    8.17___10:48:55 158     81    77    1.94    ---   -4    
8       8.17___10:49:23 159     81    78    1.94    +++   -3    
1.3     8.17___10:49:37 160     82    78    1.94    ---   -4    
1.03    8.17___10:49:48 161     83    78    1.93    ---   -5    
1       8.17___10:49:59 162     84    78    1.93    ---   -6    
2.82    8.17___10:50:18 163     84    79    1.93    +++   -5    
2.68    8.17___10:50:37 164     84    80    1.94    +++   -4    
1.14    8.17___10:50:50 165     85    80    1.93    ---   -5    
23.03   8.17___10:51:30 166     85    81    1.94    +++   -4    
1.71    8.17___10:51:46 167     86    81    1.93    ---   -5    
5.36    8.17___10:52:9  168     86    82    1.94    +++   -4    
1.66    8.17___10:52:25 169     87    82    1.93    ---   -5    
1.81    8.17___10:52:41 170     88    82    1.93    ---   -6    
1.24    8.17___10:52:55 171     89    82    1.93    ---   -7    
2.21    8.17___10:53:12 172     89    83    1.93    +++   -6    
1.26    8.17___10:53:26 173     90    83    1.93    ---   -7    
1.32    8.17___10:53:40 174     91    83    1.93    ---   -8    
1.68    8.17___10:53:56 175     92    83    1.9     ---   -9    
2.65    8.17___10:54:15 176     92    84    1.93    +++   -8    
1.03    8.17___10:54:26 177     93    84    1.9     ---   -9    
1.03    8.17___10:54:38 178     94    84    1.88    ---   -10   
1       8.17___10:54:49 179     95    84    1.84    ---   -11   
2.27    8.17___10:55:7  180     95    85    1.88    +++   -10   
5.25    8.17___10:55:30 181     95    86    1.9     +++   -9    
1.27    8.17___10:55:44 182     96    86    1.88    ---   -10   
1.03    8.17___10:55:55 183     97    86    1.84    ---   -11   
1       8.17___10:56:6  184     98    86    1.81    ---   -12   
1.29    8.17___10:56:20 185     99    86    1.8     ---   -13   
1.41    8.17___10:56:34 186     100   86    1.79    ---   -14   
1.45    8.17___10:56:49 187     101   86    1.75    ---   -15   
1.56    8.17___10:57:5  188     102   86    1.72    ---   -16   
6.26    8.17___10:57:30 189     102   87    1.75    +++   -15   
1.16    8.17___10:57:43 190     103   87    1.72    ---   -16   
1.1     8.17___10:57:55 191     104   87    1.71    ---   -17   
4.55    8.17___10:58:18 192     104   88    1.72    +++   -16   
4.48    8.17___10:58:40 193     104   89    1.75    +++   -15   
3.52    8.17___10:59:1  194     104   90    1.79    +++   -14   
4.05    8.17___10:59:22 195     104   91    1.8     +++   -13   
5.04    8.17___10:59:45 196     104   92    1.81    +++   -12   
