11.68   8.17___12:0:9   1       0     1     1.87    +++   1     
3.78    8.17___12:0:30  2       0     2     1.88    +++   2     
5.01    8.17___12:0:53  3       0     3     1.89    +++   3     
1       8.17___12:1:4   4       1     3     1.88    ---   2     
9.19    8.17___12:1:33  5       1     4     1.89    +++   3     
1.09    8.17___12:1:45  6       2     4     1.88    ---   2     
3.64    8.17___12:2:6   7       2     5     1.89    +++   3     
1.09    8.17___12:2:18  8       3     5     1.88    ---   2     
9.25    8.17___12:2:47  9       3     6     1.89    +++   3     
1.22    8.17___12:3:1   10      4     6     1.88    ---   2     
2.08    8.17___12:3:18  11      4     7     1.89    +++   3     
11.19   8.17___12:3:48  12      4     8     1.91    +++   4     
10.83   8.17___12:4:19  13      4     9     1.92    +++   5     
1.7     8.17___12:4:35  14      5     9     1.91    ---   4     
1.28    8.17___12:4:48  15      6     9     1.89    ---   3     
2.04    8.17___12:5:5   16      6     10    1.91    +++   4     
1.08    8.17___12:5:18  17      7     10    1.89    ---   3     
1.65    8.17___12:5:33  18      8     10    1.88    ---   2     
1.88    8.17___12:5:50  19      9     10    1.88    ---   1     
2.44    8.17___12:6:8   20      9     11    1.88    +++   2     
3.03    8.17___12:6:28  21      9     12    1.89    +++   3     
2.39    8.17___12:6:46  22      9     13    1.91    +++   4     
1.41    8.17___12:7:0   23      10    13    1.89    ---   3     
1.82    8.17___12:7:17  24      11    13    1.88    ---   2     
21.74   8.17___12:7:56  25      11    14    1.89    +++   3     
1.64    8.17___12:8:11  26      12    14    1.88    ---   2     
1.59    8.17___12:8:27  27      13    14    1.88    ---   1     
3.45    8.17___12:8:47  28      13    15    1.88    +++   2     
2.05    8.17___12:9:4   29      13    16    1.89    +++   3     
3.34    8.17___12:9:25  30      13    17    1.91    +++   4     
1.61    8.17___12:9:40  31      14    17    1.89    ---   3     
26.9    8.17___12:10:23 32      14    18    1.91    +++   4     
1.5     8.17___12:10:38 33      15    18    1.89    ---   3     
6.64    8.17___12:11:3  34      15    19    1.91    +++   4     
6.59    8.17___12:11:29 35      15    20    1.92    +++   5     
2.56    8.17___12:11:47 36      15    21    1.93    +++   6     
27.18   8.17___12:12:30 37      15    22    1.93    +++   7     
2.18    8.17___12:12:48 38      15    23    1.93    +++   8     
1.1     8.17___12:13:0  39      16    23    1.93    ---   7     
1.24    8.17___12:13:14 40      17    23    1.93    ---   6     
1.56    8.17___12:13:29 41      18    23    1.92    ---   5     
2.39    8.17___12:13:47 42      18    24    1.93    +++   6     
1.73    8.17___12:14:3  43      19    24    1.92    ---   5     
4.35    8.17___12:14:25 44      19    25    1.93    +++   6     
27.02   8.17___12:15:8  45      19    26    1.93    +++   7     
3.7     8.17___12:15:29 46      19    27    1.93    +++   8     
4.15    8.17___12:15:51 47      19    28    1.93    +++   9     
8.45    8.17___12:16:19 48      19    29    1.93    +++   10    
1.66    8.17___12:16:34 49      20    29    1.93    ---   9     
2.93    8.17___12:16:54 50      20    30    1.93    +++   10    
7.62    8.17___12:17:20 51      20    31    1.93    +++   11    
32.38   8.17___12:18:6  52      20    32    1.94    +++   12    
4.59    8.17___12:18:29 53      20    33    1.94    +++   13    
1.5     8.17___12:18:44 54      21    33    1.94    ---   12    
1.03    8.17___12:18:55 55      22    33    1.93    ---   11    
1.37    8.17___12:19:10 56      23    33    1.93    ---   10    
4.34    8.17___12:19:32 57      23    34    1.93    +++   11    
1.07    8.17___12:19:44 58      24    34    1.93    ---   10    
6.05    8.17___12:20:9  59      24    35    1.93    +++   11    
27.73   8.17___12:20:52 60      24    36    1.94    +++   12    
1.38    8.17___12:21:7  61      25    36    1.93    ---   11    
17.31   8.17___12:21:43 62      25    37    1.94    +++   12    
3.21    8.17___12:22:3  63      25    38    1.94    +++   13    
1.16    8.17___12:22:16 64      26    38    1.94    ---   12    
8.51    8.17___12:22:44 65      26    39    1.94    +++   13    
1.38    8.17___12:22:58 66      27    39    1.94    ---   12    
1.8     8.17___12:23:14 67      28    39    1.93    ---   11    
2.16    8.17___12:23:32 68      28    40    1.94    +++   12    
1.02    8.17___12:23:43 69      29    40    1.93    ---   11    
1.41    8.17___12:23:58 70      30    40    1.93    ---   10    
1       8.17___12:24:8  71      31    40    1.93    ---   9     
1.33    8.17___12:24:22 72      32    40    1.93    ---   8     
1.03    8.17___12:24:34 73      33    40    1.93    ---   7     
1.46    8.17___12:24:49 74      34    40    1.93    ---   6     
2.82    8.17___12:25:8  75      34    41    1.93    +++   7     
1.15    8.17___12:25:21 76      35    41    1.93    ---   6     
3.91    8.17___12:25:42 77      35    42    1.93    +++   7     
1.39    8.17___12:25:57 78      36    42    1.93    ---   6     
1.28    8.17___12:26:11 79      37    42    1.92    ---   5     
1.52    8.17___12:26:26 80      38    42    1.91    ---   4     
1       8.17___12:26:36 81      39    42    1.89    ---   3     
1.09    8.17___12:26:49 82      40    42    1.88    ---   2     
1.3     8.17___12:27:3  83      41    42    1.88    ---   1     
2.1     8.17___12:27:20 84      41    43    1.88    +++   2     
1.34    8.17___12:27:34 85      42    43    1.88    ---   1     
1.11    8.17___12:27:47 86      43    43    1.88    ---   0     
2.36    8.17___12:28:5  87      43    44    1.88    +++   1     
1.41    8.17___12:28:19 88      44    44    1.88    ---   0     
2.4     8.17___12:28:37 89      44    45    1.88    +++   1     
2.72    8.17___12:28:56 90      44    46    1.88    +++   2     
1.43    8.17___12:29:11 91      45    46    1.88    ---   1     
3.84    8.17___12:29:32 92      45    47    1.88    +++   2     
2.94    8.17___12:29:52 93      45    48    1.89    +++   3     
2.62    8.17___12:30:10 94      45    49    1.91    +++   4     
1       8.17___12:30:21 95      46    49    1.89    ---   3     
1.26    8.17___12:30:35 96      47    49    1.88    ---   2     
3.61    8.17___12:30:55 97      47    50    1.89    +++   3     
1       8.17___12:31:6  98      48    50    1.88    ---   2     
7.31    8.17___12:31:32 99      48    51    1.89    +++   3     
2.32    8.17___12:31:50 100     48    52    1.91    +++   4     
8.01    8.17___12:32:18 101     48    53    1.92    +++   5     
2.27    8.17___12:32:35 102     48    54    1.93    +++   6     
2.12    8.17___12:32:52 103     48    55    1.93    +++   7     
8.89    8.17___12:33:21 104     48    56    1.93    +++   8     
1.05    8.17___12:33:33 105     49    56    1.93    ---   7     
1.41    8.17___12:33:47 106     50    56    1.93    ---   6     
1.05    8.17___12:33:59 107     51    56    1.92    ---   5     
1.19    8.17___12:34:13 108     52    56    1.91    ---   4     
1.42    8.17___12:34:27 109     53    56    1.89    ---   3     
2.66    8.17___12:34:46 110     53    57    1.91    +++   4     
1.06    8.17___12:34:58 111     54    57    1.89    ---   3     
3.12    8.17___12:35:18 112     54    58    1.91    +++   4     
3.67    8.17___12:35:39 113     54    59    1.92    +++   5     
2.01    8.17___12:35:55 114     54    60    1.93    +++   6     
1.35    8.17___12:36:10 115     55    60    1.92    ---   5     
1.87    8.17___12:36:26 116     56    60    1.91    ---   4     
1.19    8.17___12:36:40 117     57    60    1.89    ---   3     
1.08    8.17___12:36:52 118     58    60    1.88    ---   2     
8.8     8.17___12:37:20 119     58    61    1.89    +++   3     
1.5     8.17___12:37:35 120     59    61    1.88    ---   2     
1.47    8.17___12:37:50 121     60    61    1.88    ---   1     
1.83    8.17___12:38:6  122     61    61    1.88    ---   0     
1.21    8.17___12:38:20 123     62    61    1.87    ---   -1    
1.85    8.17___12:38:36 124     63    61    1.87    ---   -2    
1.02    8.17___12:38:48 125     64    61    1.87    ---   -3    
6.49    8.17___12:39:13 126     64    62    1.87    +++   -2    
1.53    8.17___12:39:28 127     65    62    1.87    ---   -3    
3.07    8.17___12:39:48 128     65    63    1.87    +++   -2    
2.69    8.17___12:40:6  129     65    64    1.87    +++   -1    
3.06    8.17___12:40:26 130     65    65    1.88    +++   0     
1.23    8.17___12:40:40 131     66    65    1.87    ---   -1    
1.24    8.17___12:40:53 132     67    65    1.87    ---   -2    
21.38   8.17___12:41:32 133     67    66    1.87    +++   -1    
1.22    8.17___12:41:46 134     68    66    1.87    ---   -2    
1.23    8.17___12:41:59 135     69    66    1.87    ---   -3    
1.33    8.17___12:42:14 136     70    66    1.87    ---   -4    
8.87    8.17___12:42:42 137     70    67    1.87    +++   -3    
1.02    8.17___12:42:53 138     71    67    1.87    ---   -4    
2.31    8.17___12:43:11 139     71    68    1.87    +++   -3    
9.8     8.17___12:43:40 140     71    69    1.87    +++   -2    
2.42    8.17___12:43:58 141     71    70    1.87    +++   -1    
1.44    8.17___12:44:13 142     72    70    1.87    ---   -2    
3.38    8.17___12:44:34 143     72    71    1.87    +++   -1    
20.28   8.17___12:45:12 144     72    72    1.88    +++   0     
3.22    8.17___12:45:32 145     72    73    1.88    +++   1     
1.25    8.17___12:45:46 146     73    73    1.88    ---   0     
10.21   8.17___12:46:15 147     73    74    1.88    +++   1     
1.35    8.17___12:46:30 148     74    74    1.88    ---   0     
1.78    8.17___12:46:46 149     75    74    1.87    ---   -1    
2.62    8.17___12:47:4  150     75    75    1.88    +++   0     
2.73    8.17___12:47:23 151     75    76    1.88    +++   1     
3.25    8.17___12:47:43 152     75    77    1.88    +++   2     
1.31    8.17___12:47:57 153     76    77    1.88    ---   1     
2.46    8.17___12:48:15 154     76    78    1.88    +++   2     
4.83    8.17___12:48:38 155     76    79    1.89    +++   3     
1.01    8.17___12:48:49 156     77    79    1.88    ---   2     
4.33    8.17___12:49:12 157     77    80    1.89    +++   3     
1.26    8.17___12:49:25 158     78    80    1.88    ---   2     
6.96    8.17___12:49:51 159     78    81    1.89    +++   3     
1.02    8.17___12:50:3  160     79    81    1.88    ---   2     
2.01    8.17___12:50:20 161     79    82    1.89    +++   3     
6.6     8.17___12:50:45 162     79    83    1.91    +++   4     
6.04    8.17___12:51:10 163     79    84    1.92    +++   5     
3.18    8.17___12:51:30 164     79    85    1.93    +++   6     
2.26    8.17___12:51:47 165     79    86    1.93    +++   7     
6.17    8.17___12:52:12 166     79    87    1.93    +++   8     
1.3     8.17___12:52:26 167     80    87    1.93    ---   7     
7.17    8.17___12:52:53 168     80    88    1.93    +++   8     
31.96   8.17___12:53:38 169     80    89    1.93    +++   9     
6.72    8.17___12:54:4  170     80    90    1.93    +++   10    
15.08   8.17___12:54:38 171     80    91    1.93    +++   11    
9.23    8.17___12:55:7  172     80    92    1.94    +++   12    
1.37    8.17___12:55:21 173     81    92    1.93    ---   11    
1.24    8.17___12:55:35 174     82    92    1.93    ---   10    
1.27    8.17___12:55:49 175     83    92    1.93    ---   9     
1.62    8.17___12:56:4  176     84    92    1.93    ---   8     
1.75    8.17___12:56:20 177     85    92    1.93    ---   7     
16.35   8.17___12:56:56 178     85    93    1.93    +++   8     
2.43    8.17___12:57:14 179     85    94    1.93    +++   9     
11.57   8.17___12:57:45 180     85    95    1.93    +++   10    
2.4     8.17___12:58:3  181     85    96    1.93    +++   11    
1.24    8.17___12:58:16 182     86    96    1.93    ---   10    
1.07    8.17___12:58:29 183     87    96    1.93    ---   9     
24.69   8.17___12:59:10 184     87    97    1.93    +++   10    
3.68    8.17___12:59:31 185     87    98    1.93    +++   11    
4.27    8.17___12:59:53 186     87    99    1.94    +++   12    
