2.18    8.18___13:0:15  1       0     1     1.97    +++   1     
1.02    8.18___13:0:27  2       1     1     1.97    ---   0     
1.19    8.18___13:0:40  3       2     1     1.97    ---   -1    
1.32    8.18___13:0:54  4       3     1     1.97    ---   -2    
1.84    8.18___13:1:11  5       4     1     1.97    ---   -3    
1.1     8.18___13:1:23  6       5     1     1.96    ---   -4    
11.4    8.18___13:1:54  7       5     2     1.97    +++   -3    
6.32    8.18___13:2:19  8       5     3     1.97    +++   -2    
1.59    8.18___13:2:35  9       6     3     1.97    ---   -3    
1.38    8.18___13:2:49  10      7     3     1.96    ---   -4    
1.4     8.18___13:3:4   11      8     3     1.96    ---   -5    
10.72   8.18___13:3:57  12      8     4     1.96    +++   -4    
1.27    8.18___13:4:11  13      9     4     1.96    ---   -5    
1       8.18___13:4:21  14      10    4     1.96    ---   -6    
1.21    8.18___13:4:35  15      11    4     1.96    ---   -7    
1.49    8.18___13:4:50  16      12    4     1.96    ---   -8    
1.21    8.18___13:5:3   17      13    4     1.96    ---   -9    
2.36    8.18___13:5:21  18      13    5     1.96    +++   -8    
6.34    8.18___13:5:46  19      13    6     1.96    +++   -7    
2.55    8.18___13:6:5   20      13    7     1.96    +++   -6    
1.15    8.18___13:6:18  21      14    7     1.96    ---   -7    
24.26   8.18___13:6:59  22      14    8     1.96    +++   -6    
1.62    8.18___13:7:14  23      15    8     1.96    ---   -7    
1.45    8.18___13:7:29  24      16    8     1.96    ---   -8    
1       8.18___13:7:39  25      17    8     1.96    ---   -9    
3.71    8.18___13:8:0   26      17    9     1.96    +++   -8    
1.13    8.18___13:8:13  27      18    9     1.96    ---   -9    
12.94   8.18___13:8:46  28      18    10    1.96    +++   -8    
5.41    8.18___13:9:9   29      18    11    1.96    +++   -7    
13.68   8.18___13:9:43  30      18    12    1.96    +++   -6    
3.39    8.18___13:10:3  31      18    13    1.96    +++   -5    
1       8.18___13:10:13 32      19    13    1.96    ---   -6    
1.33    8.18___13:10:28 33      20    13    1.96    ---   -7    
5.92    8.18___13:10:52 34      20    14    1.96    +++   -6    
1.27    8.18___13:11:6  35      21    14    1.96    ---   -7    
1.69    8.18___13:11:22 36      22    14    1.96    ---   -8    
2.25    8.18___13:11:39 37      22    15    1.96    +++   -7    
9.2     8.18___13:12:8  38      22    16    1.96    +++   -6    
9.82    8.18___13:12:37 39      22    17    1.96    +++   -5    
10.45   8.18___13:13:7  40      22    18    1.96    +++   -4    
1.26    8.18___13:13:21 41      23    18    1.96    ---   -5    
2.61    8.18___13:13:40 42      23    19    1.96    +++   -4    
1       8.18___13:13:50 43      24    19    1.96    ---   -5    
1.7     8.18___13:14:6  44      25    19    1.96    ---   -6    
8.57    8.18___13:14:34 45      25    20    1.96    +++   -5    
6.84    8.18___13:15:0  46      25    21    1.96    +++   -4    
1.71    8.18___13:15:16 47      26    21    1.96    ---   -5    
1.71    8.18___13:15:32 48      27    21    1.96    ---   -6    
1.52    8.18___13:15:47 49      28    21    1.96    ---   -7    
8.41    8.18___13:16:15 50      28    22    1.96    +++   -6    
1.34    8.18___13:16:29 51      29    22    1.96    ---   -7    
1.51    8.18___13:16:44 52      30    22    1.96    ---   -8    
11.15   8.18___13:17:15 53      30    23    1.96    +++   -7    
1.16    8.18___13:17:28 54      31    23    1.96    ---   -8    
7.36    8.18___13:17:54 55      31    24    1.96    +++   -7    
1       8.18___13:18:5  56      32    24    1.96    ---   -8    
1.33    8.18___13:18:19 57      33    24    1.96    ---   -9    
1.74    8.18___13:18:35 58      34    24    1.95    ---   -10   
2.06    8.18___13:18:52 59      34    25    1.96    +++   -9    
2.19    8.18___13:19:9  60      34    26    1.96    +++   -8    
1.79    8.18___13:19:26 61      35    26    1.96    ---   -9    
1.99    8.18___13:19:43 62      36    26    1.96    ---   -10   
13.78   8.18___13:20:16 63      36    27    1.96    +++   -9    
1.36    8.18___13:20:30 64      37    27    1.96    ---   -10   
1.38    8.18___13:20:44 65      38    27    1.96    ---   -11   
3.41    8.18___13:21:5  66      38    28    1.96    +++   -10   
1.08    8.18___13:21:17 67      39    28    1.96    ---   -11   
2.49    8.18___13:21:35 68      39    29    1.96    +++   -10   
1.76    8.18___13:21:51 69      40    29    1.96    ---   -11   
21.38   8.18___13:22:31 70      40    30    1.96    +++   -10   
1.11    8.18___13:22:43 71      41    30    1.96    ---   -11   
2.03    8.18___13:23:0  72      41    31    1.96    +++   -10   
1.03    8.18___13:23:12 73      42    31    1.96    ---   -11   
20.63   8.18___13:23:50 74      42    32    1.96    +++   -10   
2.34    8.18___13:24:8  75      42    33    1.96    +++   -9    
5.87    8.18___13:24:33 76      42    34    1.96    +++   -8    
1.47    8.18___13:24:48 77      43    34    1.96    ---   -9    
1.05    8.18___13:25:0  78      44    34    1.96    ---   -10   
1.05    8.18___13:25:12 79      45    34    1.96    ---   -11   
2.22    8.18___13:25:29 80      45    35    1.96    +++   -10   
1.53    8.18___13:25:44 81      46    35    1.96    ---   -11   
1.18    8.18___13:25:58 82      47    35    1.95    ---   -12   
2.96    8.18___13:26:17 83      47    36    1.96    +++   -11   
1.61    8.18___13:26:32 84      48    36    1.95    ---   -12   
1.31    8.18___13:26:46 85      49    36    1.94    ---   -13   
1.12    8.18___13:26:59 86      50    36    1.93    ---   -14   
1.04    8.18___13:27:11 87      51    36    1.93    ---   -15   
1.87    8.18___13:27:27 88      52    36    1.93    ---   -16   
1.94    8.18___13:27:44 89      53    36    1.93    ---   -17   
1.39    8.18___13:27:59 90      54    36    1.93    ---   -18   
1.13    8.18___13:28:11 91      55    36    1.93    ---   -19   
4.75    8.18___13:28:34 92      55    37    1.93    +++   -18   
2.81    8.18___13:28:53 93      55    38    1.93    +++   -17   
2.17    8.18___13:29:11 94      55    39    1.93    +++   -16   
1.39    8.18___13:29:25 95      56    39    1.93    ---   -17   
3.01    8.18___13:29:45 96      56    40    1.93    +++   -16   
1.04    8.18___13:29:56 97      57    40    1.93    ---   -17   
1.15    8.18___13:30:9  98      58    40    1.93    ---   -18   
1.67    8.18___13:30:25 99      59    40    1.93    ---   -19   
2.93    8.18___13:30:45 100     59    41    1.93    +++   -18   
1.04    8.18___13:30:56 101     60    41    1.93    ---   -19   
8.81    8.18___13:31:25 102     60    42    1.93    +++   -18   
3.69    8.18___13:31:45 103     60    43    1.93    +++   -17   
2.02    8.18___13:32:2  104     60    44    1.93    +++   -16   
1       8.18___13:32:13 105     61    44    1.93    ---   -17   
21.08   8.18___13:32:52 106     61    45    1.93    +++   -16   
3.92    8.18___13:33:13 107     61    46    1.94    +++   -15   
4.56    8.18___13:33:36 108     61    47    1.94    +++   -14   
1.14    8.18___13:33:49 109     62    47    1.94    ---   -15   
1.1     8.18___13:34:1  110     63    47    1.93    ---   -16   
1.36    8.18___13:34:16 111     64    47    1.93    ---   -17   
1.43    8.18___13:34:30 112     65    47    1.93    ---   -18   
3.49    8.18___13:34:51 113     65    48    1.93    +++   -17   
3.58    8.18___13:35:11 114     65    49    1.93    +++   -16   
10.93   8.18___13:35:42 115     65    50    1.94    +++   -15   
16.36   8.18___13:36:17 116     65    51    1.94    +++   -14   
1.76    8.18___13:36:33 117     66    51    1.94    ---   -15   
10.77   8.18___13:37:4  118     66    52    1.94    +++   -14   
1.66    8.18___13:37:19 119     67    52    1.94    ---   -15   
6.5     8.18___13:37:45 120     67    53    1.94    +++   -14   
1.15    8.18___13:37:58 121     68    53    1.94    ---   -15   
1.17    8.18___13:38:11 122     69    53    1.93    ---   -16   
2.8     8.18___13:38:30 123     69    54    1.94    +++   -15   
5.97    8.18___13:38:55 124     69    55    1.94    +++   -14   
16.04   8.18___13:39:30 125     69    56    1.94    +++   -13   
1.97    8.18___13:39:46 126     70    56    1.95    ---   -14   
2.69    8.18___13:40:5  127     70    57    1.96    +++   -13   
1.06    8.18___13:40:18 128     71    57    1.95    ---   -14   
3.1     8.18___13:40:37 129     71    58    1.96    +++   -13   
5.11    8.18___13:41:0  130     71    59    1.96    +++   -12   
1.27    8.18___13:41:14 131     72    59    1.96    ---   -13   
1.41    8.18___13:41:29 132     73    59    1.95    ---   -14   
1.02    8.18___13:41:40 133     74    59    1.94    ---   -15   
1.1     8.18___13:41:53 134     75    59    1.94    ---   -16   
1.21    8.18___13:42:6  135     76    59    1.94    ---   -17   
1.78    8.18___13:42:22 136     77    59    1.93    ---   -18   
3.69    8.18___13:42:43 137     77    60    1.94    +++   -17   
2.17    8.18___13:43:1  138     77    61    1.94    +++   -16   
4.29    8.18___13:43:23 139     77    62    1.94    +++   -15   
13.02   8.18___13:43:55 140     77    63    1.95    +++   -14   
1.26    8.18___13:44:9  141     78    63    1.94    ---   -15   
19.82   8.18___13:44:47 142     78    64    1.95    +++   -14   
1       8.18___13:44:58 143     79    64    1.94    ---   -15   
1.09    8.18___13:45:10 144     80    64    1.94    ---   -16   
2.88    8.18___13:45:29 145     80    65    1.94    +++   -15   
1.79    8.18___13:45:45 146     81    65    1.94    ---   -16   
5.31    8.18___13:46:9  147     81    66    1.94    +++   -15   
1.64    8.18___13:46:25 148     82    66    1.94    ---   -16   
1.15    8.18___13:46:38 149     83    66    1.94    ---   -17   
3.1     8.18___13:46:57 150     83    67    1.94    +++   -16   
10.78   8.18___13:47:28 151     83    68    1.94    +++   -15   
1.15    8.18___13:47:41 152     84    68    1.94    ---   -16   
5.74    8.18___13:48:5  153     84    69    1.94    +++   -15   
2.69    8.18___13:48:24 154     84    70    1.95    +++   -14   
2.05    8.18___13:48:41 155     84    71    1.96    +++   -13   
1.24    8.18___13:48:54 156     85    71    1.95    ---   -14   
13.16   8.18___13:49:27 157     85    72    1.96    +++   -13   
2.07    8.18___13:49:44 158     85    73    1.96    +++   -12   
3.06    8.18___13:50:4  159     85    74    1.96    +++   -11   
2.52    8.18___13:50:22 160     85    75    1.96    +++   -10   
1.14    8.18___13:50:35 161     86    75    1.96    ---   -11   
6.36    8.18___13:51:0  162     86    76    1.96    +++   -10   
2.87    8.18___13:51:19 163     86    77    1.96    +++   -9    
1.44    8.18___13:51:34 164     87    77    1.96    ---   -10   
5.56    8.18___13:51:58 165     87    78    1.96    +++   -9    
8.44    8.18___13:52:26 166     87    79    1.96    +++   -8    
12.91   8.18___13:52:58 167     87    80    1.97    +++   -7    
3.86    8.18___13:53:20 168     87    81    1.97    +++   -6    
1.07    8.18___13:53:32 169     88    81    1.97    ---   -7    
5       8.18___13:53:55 170     88    82    1.97    +++   -6    
1.24    8.18___13:54:9  171     89    82    1.97    ---   -7    
11.55   8.18___13:54:40 172     89    83    1.97    +++   -6    
1.36    8.18___13:54:54 173     90    83    1.97    ---   -7    
1.73    8.18___13:55:10 174     91    83    1.96    ---   -8    
1.42    8.18___13:55:25 175     92    83    1.96    ---   -9    
6.77    8.18___13:55:50 176     92    84    1.96    +++   -8    
1.44    8.18___13:56:5  177     93    84    1.96    ---   -9    
1.11    8.18___13:56:18 178     94    84    1.96    ---   -10   
1.46    8.18___13:56:33 179     95    84    1.96    ---   -11   
1.01    8.18___13:56:44 180     96    84    1.96    ---   -12   
1.5     8.18___13:56:59 181     97    84    1.96    ---   -13   
1.3     8.18___13:57:13 182     98    84    1.95    ---   -14   
1       8.18___13:57:23 183     99    84    1.94    ---   -15   
1.64    8.18___13:57:39 184     100   84    1.94    ---   -16   
1.13    8.18___13:57:52 185     101   84    1.94    ---   -17   
2.54    8.18___13:58:10 186     101   85    1.94    +++   -16   
2.53    8.18___13:58:29 187     101   86    1.94    +++   -15   
2.09    8.18___13:58:46 188     101   87    1.95    +++   -14   
1.4     8.18___13:59:0  189     102   87    1.94    ---   -15   
1.88    8.18___13:59:17 190     103   87    1.94    ---   -16   
1.12    8.18___13:59:30 191     104   87    1.94    ---   -17   
1.71    8.18___13:59:46 192     105   87    1.93    ---   -18   
