3.38    8.18___14:0:6   1       0     1     1.94    +++   1     
3.01    8.18___14:0:25  2       0     2     1.94    +++   2     
1.28    8.18___14:0:39  3       1     2     1.94    ---   1     
1.1     8.18___14:0:52  4       2     2     1.93    ---   0     
1.41    8.18___14:1:6   5       3     2     1.93    ---   -1    
1.57    8.18___14:1:22  6       4     2     1.93    ---   -2    
1.25    8.18___14:1:35  7       5     2     1.93    ---   -3    
3.19    8.18___14:1:55  8       5     3     1.93    +++   -2    
1.55    8.18___14:2:11  9       6     3     1.93    ---   -3    
1.06    8.18___14:2:23  10      7     3     1.92    ---   -4    
1.05    8.18___14:2:35  11      8     3     1.92    ---   -5    
1.38    8.18___14:2:49  12      9     3     1.92    ---   -6    
8.11    8.18___14:3:16  13      9     4     1.92    +++   -5    
2.59    8.18___14:3:35  14      9     5     1.92    +++   -4    
1.38    8.18___14:3:49  15      10    5     1.92    ---   -5    
1.71    8.18___14:4:5   16      11    5     1.92    ---   -6    
1.41    8.18___14:4:20  17      12    5     1.92    ---   -7    
1       8.18___14:4:30  18      13    5     1.91    ---   -8    
1.12    8.18___14:4:43  19      14    5     1.91    ---   -9    
1.33    8.18___14:4:57  20      15    5     1.91    ---   -10   
2.93    8.18___14:5:17  21      15    6     1.91    +++   -9    
1.28    8.18___14:5:30  22      16    6     1.91    ---   -10   
1.48    8.18___14:5:45  23      17    6     1.91    ---   -11   
1.04    8.18___14:5:57  24      18    6     1.91    ---   -12   
1.01    8.18___14:6:8   25      19    6     1.91    ---   -13   
21.64   8.18___14:6:48  26      19    7     1.91    +++   -12   
24.63   8.18___14:7:29  27      19    8     1.91    +++   -11   
1.87    8.18___14:7:45  28      20    8     1.91    ---   -12   
4.67    8.18___14:8:8   29      20    9     1.91    +++   -11   
3.72    8.18___14:8:29  30      20    10    1.91    +++   -10   
6.02    8.18___14:8:54  31      20    11    1.91    +++   -9    
6.56    8.18___14:9:19  32      20    12    1.91    +++   -8    
21.77   8.18___14:9:59  33      20    13    1.92    +++   -7    
1.55    8.18___14:10:14 34      21    13    1.91    ---   -8    
2       8.18___14:10:31 35      21    14    1.92    +++   -7    
1.1     8.18___14:10:43 36      22    14    1.91    ---   -8    
2.12    8.18___14:11:0  37      22    15    1.92    +++   -7    
18.88   8.18___14:11:38 38      22    16    1.92    +++   -6    
7.79    8.18___14:12:5  39      22    17    1.92    +++   -5    
1.32    8.18___14:12:19 40      23    17    1.92    ---   -6    
1.57    8.18___14:12:34 41      24    17    1.92    ---   -7    
1.38    8.18___14:12:49 42      25    17    1.91    ---   -8    
2.41    8.18___14:13:7  43      25    18    1.92    +++   -7    
1.8     8.18___14:13:23 44      26    18    1.91    ---   -8    
8.27    8.18___14:13:50 45      26    19    1.92    +++   -7    
1.1     8.18___14:14:3  46      27    19    1.91    ---   -8    
1.02    8.18___14:14:14 47      28    19    1.91    ---   -9    
1.49    8.18___14:14:29 48      29    19    1.91    ---   -10   
1.04    8.18___14:14:41 49      30    19    1.91    ---   -11   
21.11   8.18___14:15:20 50      30    20    1.91    +++   -10   
1.51    8.18___14:15:35 51      31    20    1.91    ---   -11   
1.02    8.18___14:15:47 52      32    20    1.91    ---   -12   
1.77    8.18___14:16:3  53      33    20    1.91    ---   -13   
1.87    8.18___14:16:19 54      34    20    1.9     ---   -14   
1.57    8.18___14:16:34 55      35    20    1.9     ---   -15   
1.3     8.18___14:16:48 56      36    20    1.9     ---   -16   
2.1     8.18___14:17:6  57      36    21    1.9     +++   -15   
2.67    8.18___14:17:24 58      36    22    1.9     +++   -14   
1.03    8.18___14:17:36 59      37    22    1.9     ---   -15   
1.15    8.18___14:17:49 60      38    22    1.9     ---   -16   
3.24    8.18___14:18:9  61      38    23    1.9     +++   -15   
7.15    8.18___14:18:35 62      38    24    1.9     +++   -14   
2.2     8.18___14:18:53 63      38    25    1.91    +++   -13   
1.8     8.18___14:19:9  64      39    25    1.9     ---   -14   
3.65    8.18___14:19:30 65      39    26    1.91    +++   -13   
3.42    8.18___14:19:50 66      39    27    1.91    +++   -12   
1.03    8.18___14:20:2  67      40    27    1.91    ---   -13   
2.95    8.18___14:20:21 68      40    28    1.91    +++   -12   
1.11    8.18___14:20:34 69      41    28    1.91    ---   -13   
1.32    8.18___14:20:48 70      42    28    1.9     ---   -14   
3.3     8.18___14:21:8  71      42    29    1.91    +++   -13   
1.89    8.18___14:21:25 72      43    29    1.9     ---   -14   
4.87    8.18___14:21:48 73      43    30    1.91    +++   -13   
1.6     8.18___14:22:3  74      44    30    1.9     ---   -14   
3.48    8.18___14:22:24 75      44    31    1.91    +++   -13   
2.11    8.18___14:22:41 76      44    32    1.91    +++   -12   
1.12    8.18___14:22:54 77      45    32    1.91    ---   -13   
5.33    8.18___14:23:17 78      45    33    1.91    +++   -12   
1.32    8.18___14:23:31 79      46    33    1.91    ---   -13   
13.89   8.18___14:24:5  80      46    34    1.91    +++   -12   
4.02    8.18___14:24:26 81      46    35    1.91    +++   -11   
3.81    8.18___14:24:47 82      46    36    1.91    +++   -10   
5.3     8.18___14:25:11 83      46    37    1.91    +++   -9    
1       8.18___14:25:22 84      47    37    1.91    ---   -10   
1.12    8.18___14:25:34 85      48    37    1.91    ---   -11   
4.74    8.18___14:25:57 86      48    38    1.91    +++   -10   
1.56    8.18___14:26:12 87      49    38    1.91    ---   -11   
23.61   8.18___14:26:53 88      49    39    1.91    +++   -10   
26.07   8.18___14:27:35 89      49    40    1.91    +++   -9    
1.29    8.18___14:27:49 90      50    40    1.91    ---   -10   
29.15   8.18___14:28:33 91      50    41    1.91    +++   -9    
1.11    8.18___14:28:46 92      51    41    1.91    ---   -10   
2.8     8.18___14:29:5  93      51    42    1.91    +++   -9    
2.56    8.18___14:29:23 94      51    43    1.91    +++   -8    
2.5     8.18___14:29:42 95      51    44    1.92    +++   -7    
3.56    8.18___14:30:2  96      51    45    1.92    +++   -6    
1       8.18___14:30:13 97      52    45    1.92    ---   -7    
1.43    8.18___14:30:28 98      53    45    1.91    ---   -8    
27.82   8.18___14:31:11 99      53    46    1.92    +++   -7    
1.2     8.18___14:31:24 100     54    46    1.91    ---   -8    
1.48    8.18___14:31:40 101     55    46    1.91    ---   -9    
13.83   8.18___14:32:12 102     55    47    1.91    +++   -8    
3.52    8.18___14:32:33 103     55    48    1.92    +++   -7    
1.57    8.18___14:32:48 104     56    48    1.91    ---   -8    
1.15    8.18___14:33:1  105     57    48    1.91    ---   -9    
1.37    8.18___14:33:16 106     58    48    1.91    ---   -10   
1.44    8.18___14:33:31 107     59    48    1.91    ---   -11   
18.91   8.18___14:34:8  108     59    49    1.91    +++   -10   
14.76   8.18___14:34:42 109     59    50    1.91    +++   -9    
2.74    8.18___14:35:1  110     59    51    1.91    +++   -8    
1.22    8.18___14:35:14 111     60    51    1.91    ---   -9    
1.25    8.18___14:35:28 112     61    51    1.91    ---   -10   
1.25    8.18___14:35:42 113     62    51    1.91    ---   -11   
5.83    8.18___14:36:6  114     62    52    1.91    +++   -10   
27.59   8.18___14:36:49 115     62    53    1.91    +++   -9    
7.64    8.18___14:37:16 116     62    54    1.91    +++   -8    
1.72    8.18___14:37:32 117     63    54    1.91    ---   -9    
1.95    8.18___14:37:49 118     64    54    1.91    ---   -10   
1.21    8.18___14:38:2  119     65    54    1.91    ---   -11   
1.64    8.18___14:38:18 120     66    54    1.91    ---   -12   
3.55    8.18___14:38:39 121     66    55    1.91    +++   -11   
2.25    8.18___14:38:56 122     66    56    1.91    +++   -10   
16.53   8.18___14:39:32 123     66    57    1.92    +++   -9    
11.26   8.18___14:40:2  124     66    58    1.92    +++   -8    
3.53    8.18___14:40:23 125     66    59    1.92    +++   -7    
4.93    8.18___14:40:46 126     66    60    1.92    +++   -6    
6.35    8.18___14:41:11 127     66    61    1.93    +++   -5    
3.43    8.18___14:41:32 128     66    62    1.93    +++   -4    
1       8.18___14:41:42 129     67    62    1.93    ---   -5    
1.66    8.18___14:41:58 130     68    62    1.92    ---   -6    
1.58    8.18___14:42:13 131     69    62    1.92    ---   -7    
2.39    8.18___14:42:31 132     69    63    1.92    +++   -6    
2.33    8.18___14:42:49 133     69    64    1.93    +++   -5    
2.97    8.18___14:43:9  134     69    65    1.93    +++   -4    
2.19    8.18___14:43:26 135     69    66    1.93    +++   -3    
1       8.18___14:43:37 136     70    66    1.93    ---   -4    
1.23    8.18___14:43:50 137     71    66    1.93    ---   -5    
1.52    8.18___14:44:6  138     72    66    1.92    ---   -6    
1.34    8.18___14:44:20 139     73    66    1.92    ---   -7    
1.47    8.18___14:44:35 140     74    66    1.92    ---   -8    
1.57    8.18___14:44:50 141     75    66    1.92    ---   -9    
1.67    8.18___14:45:6  142     76    66    1.91    ---   -10   
8.26    8.18___14:45:33 143     76    67    1.92    +++   -9    
2.98    8.18___14:45:53 144     76    68    1.92    +++   -8    
1.11    8.18___14:46:6  145     77    68    1.92    ---   -9    
1       8.18___14:46:16 146     78    68    1.91    ---   -10   
1.69    8.18___14:46:32 147     79    68    1.91    ---   -11   
8.64    8.18___14:47:0  148     79    69    1.91    +++   -10   
1.81    8.18___14:47:16 149     80    69    1.91    ---   -11   
1.15    8.18___14:47:29 150     81    69    1.91    ---   -12   
1       8.18___14:47:40 151     82    69    1.91    ---   -13   
2.66    8.18___14:47:59 152     82    70    1.91    +++   -12   
1.39    8.18___14:48:13 153     83    70    1.91    ---   -13   
2.67    8.18___14:48:32 154     83    71    1.91    +++   -12   
1.07    8.18___14:48:44 155     84    71    1.91    ---   -13   
1.27    8.18___14:48:58 156     85    71    1.91    ---   -14   
16.46   8.18___14:49:33 157     85    72    1.91    +++   -13   
4.3     8.18___14:49:55 158     85    73    1.91    +++   -12   
1.27    8.18___14:50:9  159     86    73    1.91    ---   -13   
1       8.18___14:50:20 160     87    73    1.91    ---   -14   
1.18    8.18___14:50:33 161     88    73    1.91    ---   -15   
24.3    8.18___14:51:14 162     88    74    1.91    +++   -14   
3.46    8.18___14:51:34 163     88    75    1.91    +++   -13   
1.3     8.18___14:51:49 164     89    75    1.91    ---   -14   
3.66    8.18___14:52:9  165     89    76    1.91    +++   -13   
6.63    8.18___14:52:35 166     89    77    1.91    +++   -12   
1.33    8.18___14:52:49 167     90    77    1.91    ---   -13   
1.56    8.18___14:53:4  168     91    77    1.91    ---   -14   
2.79    8.18___14:53:23 169     91    78    1.91    +++   -13   
1.37    8.18___14:53:38 170     92    78    1.91    ---   -14   
1.8     8.18___14:53:54 171     93    78    1.91    ---   -15   
1.63    8.18___14:54:10 172     94    78    1.9     ---   -16   
2.58    8.18___14:54:28 173     94    79    1.91    +++   -15   
1.02    8.18___14:54:40 174     95    79    1.9     ---   -16   
1.16    8.18___14:54:53 175     96    79    1.9     ---   -17   
1.51    8.18___14:55:8  176     97    79    1.9     ---   -18   
2.25    8.18___14:55:25 177     97    80    1.9     +++   -17   
5.81    8.18___14:55:50 178     97    81    1.9     +++   -16   
1.04    8.18___14:56:2  179     98    81    1.9     ---   -17   
3.92    8.18___14:56:23 180     98    82    1.9     +++   -16   
1.33    8.18___14:56:37 181     99    82    1.9     ---   -17   
1.24    8.18___14:56:51 182     100   82    1.9     ---   -18   
11.09   8.18___14:57:21 183     100   83    1.9     +++   -17   
13.52   8.18___14:57:54 184     100   84    1.9     +++   -16   
1.45    8.18___14:58:9  185     101   84    1.9     ---   -17   
1.31    8.18___14:58:23 186     102   84    1.9     ---   -18   
3.87    8.18___14:58:44 187     102   85    1.9     +++   -17   
1.3     8.18___14:58:58 188     103   85    1.9     ---   -18   
27.74   8.18___14:59:42 189     103   86    1.9     +++   -17   
1.4     8.18___14:59:56 190     104   86    1.9     ---   -18   
1.22    9.18___14:48:14 1       1     0     1.22    ---   -1    
6.18    9.18___14:48:39 2       1     1     3.7     +++   0     
1.01    9.18___14:48:50 3       2     1     1.22    ---   -1    
2.23    9.18___14:49:8  4       2     2     1.72    +++   0     
1.99    9.18___14:49:25 5       3     2     1.99    ---   -1    
5.01    9.18___14:49:48 6       3     3     2.11    +++   0     
2.42    9.18___14:50:6  7       3     4     2.23    +++   1     
1.28    9.18___14:50:20 8       4     4     2.11    ---   0     
2.34    9.18___14:50:38 9       4     5     2.23    +++   1     
1       9.18___14:50:48 10      5     5     2.11    ---   0     
1.36    9.18___14:51:3  11      6     5     1.99    ---   -1    
1.26    9.18___14:51:17 12      7     5     1.67    ---   -2    
2.31    9.18___14:51:34 13      7     6     1.99    +++   -1    
2.09    9.18___14:51:52 14      7     7     2.04    +++   0     
2.3     9.18___14:52:9  15      7     8     2.09    +++   1     
1.32    9.18___14:52:23 16      8     8     2.04    ---   0     
7.33    9.18___14:52:50 17      8     9     2.09    +++   1     
28.7    9.18___14:53:34 18      8     10    2.16    +++   2     
7.93    9.18___14:54:1  19      8     11    2.23    +++   3     
3.34    9.18___14:54:21 20      8     12    2.26    +++   4     
1.06    9.18___14:54:33 21      9     12    2.23    ---   3     
1.72    9.18___14:54:49 22      10    12    2.16    ---   2     
1.51    9.18___14:55:4  23      11    12    2.09    ---   1     
1.13    9.18___14:55:17 24      12    12    2.04    ---   0     
25.29   9.18___14:55:59 25      12    13    2.09    +++   1     
1.65    9.18___14:56:14 26      13    13    2.04    ---   0     
2.13    9.18___14:56:32 27      13    14    2.09    +++   1     
4.91    9.18___14:56:55 28      13    15    2.11    +++   2     
5.31    9.18___14:57:18 29      13    16    2.13    +++   3     
3.26    9.18___14:57:39 30      13    17    2.17    +++   4     
1.16    9.18___14:57:52 31      14    17    2.13    ---   3     
3.26    9.18___14:58:12 32      14    18    2.17    +++   4     
2.27    9.18___14:58:29 33      14    19    2.23    +++   5     
1.6     9.18___14:58:45 34      15    19    2.17    ---   4     
1.16    9.18___14:58:58 35      16    19    2.13    ---   3     
1.55    9.18___14:59:13 36      17    19    2.11    ---   2     
2.4     9.18___14:59:31 37      17    20    2.13    +++   3     
3.08    9.18___14:59:51 38      17    21    2.17    +++   4     
