1.16    8.18___10:0:1   1       1     0     1.93    ---   -1    
1.08    8.18___10:0:14  2       2     0     1.92    ---   -2    
29.21   8.18___10:0:58  3       2     1     1.93    +++   -1    
4.24    8.18___10:1:20  4       2     2     2.02    +++   0     
4.08    8.18___10:1:41  5       2     3     2.11    +++   1     
1.05    8.18___10:1:53  6       3     3     2.02    ---   0     
2.57    8.18___10:2:12  7       3     4     2.11    +++   1     
3.23    8.18___10:2:32  8       3     5     2.12    +++   2     
2.89    8.18___10:2:51  9       3     6     2.14    +++   3     
1.57    8.18___10:3:6   10      4     6     2.12    ---   2     
1.29    8.18___10:3:20  11      5     6     2.11    ---   1     
1.89    8.18___10:3:37  12      6     6     2.02    ---   0     
1.83    8.18___10:3:53  13      7     6     1.93    ---   -1    
2.5     8.18___10:4:12  14      7     7     2.02    +++   0     
2.54    8.18___10:4:30  15      7     8     2.11    +++   1     
4.6     8.18___10:4:53  16      7     9     2.12    +++   2     
1.07    8.18___10:5:5   17      8     9     2.11    ---   1     
1.01    8.18___10:5:16  18      9     9     2.02    ---   0     
1.41    8.18___10:5:31  19      10    9     1.93    ---   -1    
3.66    8.18___10:5:51  20      10    10    2.02    +++   0     
1.28    8.18___10:6:5   21      11    10    1.93    ---   -1    
1.02    8.18___10:6:17  22      12    10    1.92    ---   -2    
6.6     8.18___10:6:42  23      12    11    1.93    +++   -1    
3.56    8.18___10:7:3   24      12    12    2.02    +++   0     
21.23   8.18___10:7:42  25      12    13    2.11    +++   1     
1.59    8.18___10:7:57  26      13    13    2.02    ---   0     
1.11    8.18___10:8:10  27      14    13    1.93    ---   -1    
5.99    8.18___10:8:35  28      14    14    2.02    +++   0     
1.8     8.18___10:8:51  29      15    14    1.93    ---   -1    
1.21    8.18___10:9:4   30      16    14    1.92    ---   -2    
8.46    8.18___10:9:32  31      16    15    1.93    +++   -1    
2.59    8.18___10:9:51  32      16    16    2.02    +++   0     
17.45   8.18___10:10:27 33      16    17    2.11    +++   1     
3.05    8.18___10:10:47 34      16    18    2.12    +++   2     
2.88    8.18___10:11:6  35      16    19    2.14    +++   3     
1.38    8.18___10:11:20 36      17    19    2.12    ---   2     
1.91    8.18___10:11:37 37      18    19    2.11    ---   1     
4.62    8.18___10:11:59 38      18    20    2.12    +++   2     
29.54   8.18___10:12:44 39      18    21    2.14    +++   3     
2.28    8.18___10:13:1  40      18    22    2.14    +++   4     
1.09    8.18___10:13:14 41      19    22    2.14    ---   3     
1.4     8.18___10:13:28 42      20    22    2.12    ---   2     
14.76   8.18___10:14:2  43      20    23    2.14    +++   3     
2.5     8.18___10:14:21 44      20    24    2.14    +++   4     
2.88    8.18___10:14:40 45      20    25    2.15    +++   5     
1.43    8.18___10:14:55 46      21    25    2.14    ---   4     
3.04    8.18___10:15:14 47      21    26    2.15    +++   5     
1.55    8.18___10:15:29 48      22    26    2.14    ---   4     
3.71    8.18___10:15:50 49      22    27    2.15    +++   5     
1.28    8.18___10:16:4  50      23    27    2.14    ---   4     
1.25    8.18___10:16:18 51      24    27    2.14    ---   3     
2.38    8.18___10:16:36 52      24    28    2.14    +++   4     
1.62    8.18___10:16:51 53      25    28    2.14    ---   3     
1.07    8.18___10:17:4  54      26    28    2.12    ---   2     
3.47    8.18___10:17:24 55      26    29    2.14    +++   3     
2.52    8.18___10:17:43 56      26    30    2.14    +++   4     
1.34    8.18___10:17:57 57      27    30    2.14    ---   3     
7.71    8.18___10:18:24 58      27    31    2.14    +++   4     
1.57    8.18___10:18:39 59      28    31    2.14    ---   3     
2.03    8.18___10:18:56 60      28    32    2.12    +++   4     
7.73    8.18___10:19:23 61      28    33    2.14    +++   5     
1.4     8.18___10:19:38 62      29    33    2.12    ---   4     
8.96    8.18___10:20:6  63      29    34    2.14    +++   5     
1.52    8.18___10:20:21 64      30    34    2.12    ---   4     
1.74    8.18___10:20:37 65      31    34    2.11    ---   3     
1.28    8.18___10:20:51 66      32    34    2.06    ---   2     
1.44    8.18___10:21:6  67      33    34    2.02    ---   1     
1.91    8.18___10:21:22 68      34    34    1.98    ---   0     
10.72   8.18___10:21:52 69      34    35    2.02    +++   1     
1       8.18___10:22:3  70      35    35    1.98    ---   0     
1.14    8.18___10:22:16 71      36    35    1.93    ---   -1    
1.54    8.18___10:22:31 72      37    35    1.92    ---   -2    
1.96    8.18___10:22:48 73      38    35    1.93    ---   -3    
1.31    8.18___10:23:2  74      39    35    1.92    ---   -4    
2.98    8.18___10:23:21 75      39    36    1.93    +++   -3    
1.02    8.18___10:23:33 76      40    36    1.92    ---   -4    
1.74    8.18___10:23:49 77      41    36    1.92    ---   -5    
1.27    8.18___10:24:3  78      42    36    1.91    ---   -6    
24.19   8.18___10:24:44 79      42    37    1.92    +++   -5    
1.15    8.18___10:24:57 80      43    37    1.91    ---   -6    
1.56    8.18___10:25:12 81      44    37    1.91    ---   -7    
2.18    8.18___10:25:29 82      44    38    1.91    +++   -6    
2.61    8.18___10:25:48 83      44    39    1.92    +++   -5    
1       8.18___10:25:59 84      45    39    1.91    ---   -6    
1.5     8.18___10:26:14 85      46    39    1.91    ---   -7    
14.41   8.18___10:26:47 86      46    40    1.91    +++   -6    
1.64    8.18___10:27:3  87      47    40    1.91    ---   -7    
19.08   8.18___10:27:40 88      47    41    1.91    +++   -6    
1.7     8.18___10:27:56 89      48    41    1.91    ---   -7    
3.2     8.18___10:28:16 90      48    42    1.91    +++   -6    
4.04    8.18___10:28:38 91      48    43    1.92    +++   -5    
4.08    8.18___10:28:59 92      48    44    1.92    +++   -4    
2.18    8.18___10:29:17 93      48    45    1.93    +++   -3    
20.7    8.18___10:29:55 94      48    46    1.94    +++   -2    
2.15    8.18___10:30:13 95      48    47    1.96    +++   -1    
9.14    8.18___10:30:41 96      48    48    1.99    +++   0     
1.05    8.18___10:30:53 97      49    48    1.96    ---   -1    
6.78    8.18___10:31:19 98      49    49    1.99    +++   0     
4.46    8.18___10:31:41 99      49    50    2.02    +++   1     
2.59    8.18___10:32:0  100     49    51    2.06    +++   2     
1.17    8.18___10:32:13 101     50    51    2.02    ---   1     
2.3     8.18___10:32:31 102     50    52    2.06    +++   2     
1.07    8.18___10:32:43 103     51    52    2.02    ---   1     
4.43    8.18___10:33:5  104     51    53    2.06    +++   2     
4.04    8.18___10:33:27 105     51    54    2.11    +++   3     
3.46    8.18___10:33:47 106     51    55    2.12    +++   4     
1       8.18___10:33:58 107     52    55    2.11    ---   3     
2.82    8.18___10:34:17 108     52    56    2.12    +++   4     
1       8.18___10:34:28 109     53    56    2.11    ---   3     
9.35    8.18___10:34:56 110     53    57    2.12    +++   4     
2.07    8.18___10:35:13 111     53    58    2.11    +++   5     
3.07    8.18___10:35:33 112     53    59    2.12    +++   6     
1.91    8.18___10:35:50 113     54    59    2.11    ---   5     
1.22    8.18___10:36:3  114     55    59    2.09    ---   4     
4.06    8.18___10:36:25 115     55    60    2.11    +++   5     
28.1    8.18___10:37:8  116     55    61    2.12    +++   6     
1.26    8.18___10:37:22 117     56    61    2.11    ---   5     
1.47    8.18___10:37:37 118     57    61    2.09    ---   4     
10.36   8.18___10:38:7  119     57    62    2.11    +++   5     
1.01    8.18___10:38:18 120     58    62    2.09    ---   4     
1.23    8.18___10:38:32 121     59    62    2.06    ---   3     
1.66    8.18___10:38:47 122     60    62    2.04    ---   2     
2.5     8.18___10:39:6  123     60    63    2.06    +++   3     
1.66    8.18___10:39:21 124     61    63    2.04    ---   2     
2.99    8.18___10:39:41 125     61    64    2.06    +++   3     
1.35    8.18___10:39:55 126     62    64    2.04    ---   2     
3.83    8.18___10:40:16 127     62    65    2.06    +++   3     
8.9     8.18___10:40:45 128     62    66    2.09    +++   4     
2.27    8.18___10:41:2  129     62    67    2.11    +++   5     
2.6     8.18___10:41:21 130     62    68    2.12    +++   6     
1.36    8.18___10:41:35 131     63    68    2.11    ---   5     
1.07    8.18___10:41:47 132     64    68    2.09    ---   4     
11.09   8.18___10:42:18 133     64    69    2.11    +++   5     
2.74    8.18___10:42:37 134     64    70    2.12    +++   6     
23.18   8.18___10:43:17 135     64    71    2.14    +++   7     
1.25    8.18___10:43:31 136     65    71    2.12    ---   6     
1.44    8.18___10:43:46 137     66    71    2.11    ---   5     
3.24    8.18___10:44:6  138     66    72    2.12    +++   6     
1.39    8.18___10:44:20 139     67    72    2.11    ---   5     
1.21    8.18___10:44:34 140     68    72    2.09    ---   4     
2.89    8.18___10:44:53 141     68    73    2.11    +++   5     
1.99    8.18___10:45:10 142     69    73    2.09    ---   4     
3.13    8.18___10:45:29 143     69    74    2.11    +++   5     
20.64   8.18___10:46:8  144     69    75    2.12    +++   6     
1.78    8.18___10:46:24 145     70    75    2.11    ---   5     
1.76    8.18___10:46:40 146     71    75    2.09    ---   4     
1.29    8.18___10:46:54 147     72    75    2.06    ---   3     
1.51    8.18___10:47:9  148     73    75    2.04    ---   2     
1.72    8.18___10:47:25 149     74    75    2.02    ---   1     
3.03    8.18___10:47:45 150     74    76    2.04    +++   2     
2.44    8.18___10:48:3  151     74    77    2.06    +++   3     
1.12    8.18___10:48:16 152     75    77    2.04    ---   2     
1.71    8.18___10:48:31 153     76    77    2.02    ---   1     
5.57    8.18___10:48:56 154     76    78    2.04    +++   2     
3.45    8.18___10:49:16 155     76    79    2.06    +++   3     
13.18   8.18___10:49:49 156     76    80    2.09    +++   4     
1.21    8.18___10:50:2  157     77    80    2.06    ---   3     
1       8.18___10:50:13 158     78    80    2.04    ---   2     
1.53    8.18___10:50:28 159     79    80    2.02    ---   1     
2.26    8.18___10:50:45 160     79    81    2.04    +++   2     
1.67    8.18___10:51:1  161     80    81    2.02    ---   1     
2.37    8.18___10:51:19 162     80    82    2.04    +++   2     
5.12    8.18___10:51:42 163     80    83    2.06    +++   3     
1.17    8.18___10:51:56 164     81    83    2.04    ---   2     
1.03    8.18___10:52:7  165     82    83    2.02    ---   1     
2.31    8.18___10:52:25 166     82    84    2.04    +++   2     
2.02    8.18___10:52:42 167     82    85    2.02    +++   3     
1.8     8.18___10:52:58 168     83    85    2.02    ---   2     
1.34    8.18___10:53:12 169     84    85    2.02    ---   1     
1.97    8.18___10:53:29 170     85    85    2       ---   0     
2.54    8.18___10:53:48 171     85    86    2.02    +++   1     
1.05    8.18___10:54:0  172     86    86    2       ---   0     
3.74    8.18___10:54:21 173     86    87    2.02    +++   1     
1.03    8.18___10:54:32 174     87    87    2       ---   0     
6       8.18___10:54:57 175     87    88    2.02    +++   1     
1.17    8.18___10:55:10 176     88    88    2       ---   0     
3.18    8.18___10:55:30 177     88    89    2.02    +++   1     
4.2     8.18___10:55:52 178     88    90    2.02    +++   2     
1.11    8.18___10:56:4  179     89    90    2.02    ---   1     
1.56    8.18___10:56:20 180     90    90    2       ---   0     
3.01    8.18___10:56:39 181     90    91    2.02    +++   1     
22.81   8.18___10:57:19 182     90    92    2.02    +++   2     
3.3     8.18___10:57:39 183     90    93    2.02    +++   3     
2.68    8.18___10:57:58 184     90    94    2.04    +++   4     
21.65   8.18___10:58:37 185     90    95    2.06    +++   5     
1.47    8.18___10:58:52 186     91    95    2.04    ---   4     
20.92   8.18___10:59:31 187     91    96    2.06    +++   5     
2.08    8.18___10:59:48 188     91    97    2.07    +++   6     
