1.09    8.18___15:0:9   1       1     0     1.9     ---   -1    
7.2     8.18___15:0:35  2       1     1     1.9     +++   0     
1.02    8.18___15:0:47  3       2     1     1.9     ---   -1    
1.13    8.18___15:0:59  4       3     1     1.9     ---   -2    
24.26   8.18___15:1:40  5       3     2     1.9     +++   -1    
6.67    8.18___15:2:6   6       3     3     1.9     +++   0     
5.18    8.18___15:2:30  7       3     4     1.9     +++   1     
1.96    8.18___15:2:46  8       4     4     1.9     ---   0     
1.15    8.18___15:2:59  9       5     4     1.9     ---   -1    
1.82    8.18___15:3:16  10      6     4     1.9     ---   -2    
1.25    8.18___15:3:29  11      7     4     1.9     ---   -3    
1.76    8.18___15:3:45  12      8     4     1.9     ---   -4    
1.47    8.18___15:4:0   13      9     4     1.9     ---   -5    
3.34    8.18___15:4:20  14      9     5     1.9     +++   -4    
1.52    8.18___15:4:36  15      10    5     1.9     ---   -5    
11.39   8.18___15:5:7   16      10    6     1.9     +++   -4    
2.79    8.18___15:5:26  17      10    7     1.9     +++   -3    
7.21    8.18___15:5:52  18      10    8     1.9     +++   -2    
1.22    8.18___15:6:5   19      11    8     1.9     ---   -3    
1.49    8.18___15:6:20  20      12    8     1.9     ---   -4    
1.28    8.18___15:6:35  21      13    8     1.9     ---   -5    
1.79    8.18___15:6:50  22      14    8     1.89    ---   -6    
1       8.18___15:7:2   23      15    8     1.89    ---   -7    
1.4     8.18___15:7:16  24      16    8     1.89    ---   -8    
1.04    8.18___15:7:28  25      17    8     1.89    ---   -9    
4.35    8.18___15:7:50  26      17    9     1.89    +++   -8    
1       8.18___15:8:0   27      18    9     1.89    ---   -9    
8.72    8.18___15:8:28  28      18    10    1.89    +++   -8    
1.63    8.18___15:8:44  29      19    10    1.89    ---   -9    
3.76    8.18___15:9:6   30      19    11    1.89    +++   -8    
1.49    8.18___15:9:20  31      20    11    1.89    ---   -9    
4.05    8.18___15:9:42  32      20    12    1.89    +++   -8    
2.09    8.18___15:9:58  33      20    13    1.89    +++   -7    
1.72    8.18___15:10:14 34      21    13    1.89    ---   -8    
1.16    8.18___15:10:28 35      22    13    1.89    ---   -9    
4.01    8.18___15:10:49 36      22    14    1.89    +++   -8    
1.23    8.18___15:11:3  37      23    14    1.89    ---   -9    
32.34   8.18___15:11:49 38      23    15    1.89    +++   -8    
1.26    8.18___15:12:2  39      24    15    1.89    ---   -9    
3.28    8.18___15:12:22 40      24    16    1.89    +++   -8    
1       8.18___15:12:33 41      25    16    1.89    ---   -9    
2.17    8.18___15:12:50 42      25    17    1.89    +++   -8    
2.79    8.18___15:13:9  43      25    18    1.89    +++   -7    
7.66    8.18___15:13:36 44      25    19    1.89    +++   -6    
1.33    8.18___15:13:50 45      26    19    1.89    ---   -7    
2.18    8.18___15:14:8  46      26    20    1.89    +++   -6    
1.21    8.18___15:14:21 47      27    20    1.89    ---   -7    
1.52    8.18___15:14:37 48      28    20    1.89    ---   -8    
1.76    8.18___15:14:53 49      29    20    1.89    ---   -9    
1.55    8.18___15:15:8  50      30    20    1.89    ---   -10   
1.47    8.18___15:15:23 51      31    20    1.89    ---   -11       
3.53    8.18___15:15:43 52      31    21    1.89    +++   -10   
2.37    8.18___15:16:2  53      31    22    1.89    +++   -9    
2.85    8.18___15:16:21 54      31    23    1.89    +++   -8    
6.18    8.18___15:16:45 55      31    24    1.89    +++   -7    
21.77   8.18___15:17:25 56      31    25    1.89    +++   -6    
1.1     8.18___15:17:37 57      32    25    1.89    ---   -7    
1.31    8.18___15:17:51 58      33    25    1.89    ---   -8    
3.17    8.18___15:18:11 59      33    26    1.89    +++   -7    
2.42    8.18___15:18:29 60      33    27    1.89    +++   -6    
1.7     8.18___15:18:45 61      34    27    1.89    ---   -7    
2.53    8.18___15:19:4  62      34    28    1.89    +++   -6    
2.97    8.18___15:19:23 63      34    29    1.9     +++   -5    
1.02    8.18___15:19:35 64      35    29    1.89    ---   -6    
29.65   8.18___15:20:19 65      35    30    1.9     +++   -5    
2.54    8.18___15:20:37 66      35    31    1.9     +++   -4    
24.47   8.18___15:21:19 67      35    32    1.9     +++   -3    
23.84   8.18___15:21:59 68      35    33    1.9     +++   -2    
2.45    8.18___15:22:17 69      35    34    1.9     +++   -1    
1.24    8.18___15:22:31 70      36    34    1.9     ---   -2    
4.15    8.18___15:22:53 71      36    35    1.9     +++   -1    
1.34    8.18___15:23:7  72      37    35    1.9     ---   -2    
1.26    8.18___15:23:21 73      38    35    1.9     ---   -3    
19.17   8.18___15:23:58 74      38    36    1.9     +++   -2    
1.49    8.18___15:24:13 75      39    36    1.9     ---   -3    
1.74    8.18___15:24:29 76      40    36    1.9     ---   -4    
2.78    8.18___15:24:48 77      40    37    1.9     +++   -3    
3.85    8.18___15:25:10 78      40    38    1.9     +++   -2    
1.2     8.18___15:25:23 79      41    38    1.9     ---   -3    
1.05    8.18___15:25:35 80      42    38    1.9     ---   -4    
3.98    8.18___15:25:56 81      42    39    1.9     +++   -3    
1.98    8.18___15:26:14 82      43    39    1.9     ---   -4    
5.21    8.18___15:26:37 83      43    40    1.9     +++   -3    
1.75    8.18___15:26:53 84      44    40    1.9     ---   -4    
1       8.18___15:27:4  85      45    40    1.9     ---   -5    
1.69    8.18___15:27:19 86      46    40    1.9     ---   -6    
2.66    8.18___15:27:38 87      46    41    1.9     +++   -5    
1.58    8.18___15:27:54 88      47    41    1.9     ---   -6    
2.3     8.18___15:28:11 89      47    42    1.9     +++   -5    
1.66    8.18___15:28:27 90      48    42    1.9     ---   -6    
1.49    8.18___15:28:42 91      49    42    1.9     ---   -7    
1.68    8.18___15:28:58 92      50    42    1.89    ---   -8    
1.16    8.18___15:29:11 93      51    42    1.89    ---   -9    
1.34    8.18___15:29:25 94      52    42    1.89    ---   -10   
22.6    8.18___15:30:5  95      52    43    1.89    +++   -9    
2.03    8.18___15:30:22 96      52    44    1.89    +++   -8    
1.6     8.18___15:30:38 97      53    44    1.89    ---   -9    
1.47    8.18___15:30:52 98      54    44    1.89    ---   -10   
9.17    8.18___15:31:21 99      54    45    1.89    +++   -9    
1.75    8.18___15:31:37 100     55    45    1.89    ---   -10   
3.77    8.18___15:31:58 101     55    46    1.89    +++   -9    
3.06    8.18___15:32:18 102     55    47    1.89    +++   -8    
1.37    8.18___15:32:32 103     56    47    1.89    ---   -9    
1.86    8.18___15:32:49 104     57    47    1.89    ---   -10   
2.52    8.18___15:33:7  105     57    48    1.89    +++   -9    
24.8    8.18___15:33:48 106     57    49    1.89    +++   -8    
1.2     8.18___15:34:2  107     58    49    1.89    ---   -9    
1.32    8.18___15:34:16 108     59    49    1.89    ---   -10   
2.72    8.18___15:34:35 109     59    50    1.89    +++   -9    
4.32    8.18___15:34:57 110     59    51    1.89    +++   -8    
1.26    8.18___15:35:11 111     60    51    1.89    ---   -9    
1.69    8.18___15:35:26 112     61    51    1.89    ---   -10   
1.43    8.18___15:35:41 113     62    51    1.89    ---   -11   
1.7     8.18___15:35:57 114     63    51    1.89    ---   -12   
5.74    8.18___15:36:21 115     63    52    1.89    +++   -11   
2.93    8.18___15:36:41 116     63    53    1.89    +++   -10   
1.27    8.18___15:36:55 117     64    53    1.89    ---   -11   
1.18    8.18___15:37:8  118     65    53    1.89    ---   -12   
1       8.18___15:37:18 119     66    53    1.89    ---   -13   
1.09    8.18___15:37:31 120     67    53    1.88    ---   -14   
6.58    8.18___15:37:56 121     67    54    1.89    +++   -13   
1.05    8.18___15:38:8  122     68    54    1.88    ---   -14   
1.13    8.18___15:38:21 123     69    54    1.88    ---   -15   
1.53    8.18___15:38:36 124     70    54    1.88    ---   -16   
1.56    8.18___15:38:52 125     71    54    1.88    ---   -17   
1.02    8.18___15:39:3  126     72    54    1.87    ---   -18   
1.27    8.18___15:39:17 127     73    54    1.87    ---   -19   
1.09    8.18___15:39:29 128     74    54    1.87    ---   -20   
1.02    8.18___15:39:41 129     75    54    1.87    ---   -21   
1.36    8.18___15:39:55 130     76    54    1.87    ---   -22   
9.3     8.18___15:40:24 131     76    55    1.87    +++   -21   
1.85    8.18___15:40:40 132     77    55    1.87    ---   -22   
3.68    8.18___15:41:1  133     77    56    1.87    +++   -21   
1       8.18___15:41:12 134     78    56    1.87    ---   -22   
2.92    8.18___15:41:31 135     78    57    1.87    +++   -21   
19.94   8.18___15:42:9  136     78    58    1.87    +++   -20   
29.21   8.18___15:42:53 137     78    59    1.87    +++   -19   
1.65    8.18___15:43:9  138     79    59    1.87    ---   -20   
3.9     8.18___15:43:30 139     79    60    1.87    +++   -19   
2.43    8.18___15:43:48 140     79    61    1.87    +++   -18   
1.2     8.18___15:44:2  141     80    61    1.87    ---   -19   
5.45    8.18___15:44:26 142     80    62    1.87    +++   -18   
1.74    8.18___15:44:42 143     81    62    1.87    ---   -19   
1       8.18___15:44:52 144     82    62    1.87    ---   -20   
1.07    8.18___15:45:4  145     83    62    1.87    ---   -21   
10.21   8.18___15:45:34 146     83    63    1.87    +++   -20   
1.56    8.18___15:45:49 147     84    63    1.87    ---   -21   
1.97    8.18___15:46:6  148     85    63    1.87    ---   -22   
1.75    8.18___15:46:22 149     86    63    1.87    ---   -23   
1.64    8.18___15:46:38 150     87    63    1.87    ---   -24   
4.37    8.18___15:47:0  151     87    64    1.87    +++   -23   
1.16    8.18___15:47:13 152     88    64    1.87    ---   -24   
4.19    8.18___15:47:35 153     88    65    1.87    +++   -23   
1.29    8.18___15:47:49 154     89    65    1.87    ---   -24   
1.25    8.18___15:48:3  155     90    65    1.87    ---   -25   
10.32   8.18___15:48:33 156     90    66    1.87    +++   -24   
7.13    8.18___15:48:59 157     90    67    1.87    +++   -23   
1.53    8.18___15:49:14 158     91    67    1.87    ---   -24   
1.29    8.18___15:49:28 159     92    67    1.87    ---   -25   
1.4     8.18___15:49:42 160     93    67    1.87    ---   -26   
3.77    8.18___15:50:4  161     93    68    1.87    +++   -25   
8.61    8.18___15:50:32 162     93    69    1.87    +++   -24   
13.7    8.18___15:51:5  163     93    70    1.87    +++   -23   
1.95    8.18___15:51:21 164     94    70    1.87    ---   -24   
2.83    8.18___15:51:40 165     94    71    1.87    +++   -23   
4.02    8.18___15:52:2  166     94    72    1.87    +++   -22   
4.71    8.18___15:52:25 167     94    73    1.88    +++   -21   
1.04    8.18___15:52:36 168     95    73    1.87    ---   -22   
1.26    8.18___15:52:50 169     96    73    1.87    ---   -23   
1.32    8.18___15:53:4  170     97    73    1.87    ---   -24   
1.17    8.18___15:53:18 171     98    73    1.87    ---   -25   
6.08    8.18___15:53:42 172     98    74    1.87    +++   -24   
1.64    8.18___15:53:58 173     99    74    1.87    ---   -25   
2.39    8.18___15:54:16 174     99    75    1.87    +++   -24   
2.11    8.18___15:54:33 175     99    76    1.87    +++   -23   
1.45    8.18___15:54:48 176     100   76    1.87    ---   -24   
1.01    8.18___15:55:0  177     101   76    1.87    ---   -25   
6.17    8.18___15:55:24 178     101   77    1.87    +++   -24   
19.66   8.18___15:56:2  179     101   78    1.87    +++   -23   
1.7     8.18___15:56:18 180     102   78    1.87    ---   -24   
7.29    8.18___15:56:44 181     102   79    1.87    +++   -23   
1.07    8.18___15:56:57 182     103   79    1.87    ---   -24   
2.18    8.18___15:57:14 183     103   80    1.87    +++   -23   
1.1     8.18___15:57:27 184     104   80    1.87    ---   -24   
1.45    8.18___15:57:41 185     105   80    1.87    ---   -25   
1.81    8.18___15:57:58 186     106   80    1.87    ---   -26   
1.17    8.18___15:58:11 187     107   80    1.87    ---   -27   
1.31    8.18___15:58:25 188     108   80    1.87    ---   -28   
1.75    8.18___15:58:41 189     109   80    1.87    ---   -29   
1.11    8.18___15:58:54 190     110   80    1.87    ---   -30   
4.62    8.18___15:59:16 191     110   81    1.87    +++   -29   
6.53    8.18___15:59:42 192     110   82    1.87    +++   -28   
1.02    8.18___15:59:53 193     111   82    1.87    ---   -29   
2.09    9.18___15:0:8   1       0     1     2.13    +++   1     
1.5     9.18___15:0:23  2       1     1     2.11    ---   0     
2.93    9.18___15:0:43  3       1     2     2.13    +++   1     
1.78    9.18___15:0:59  4       2     2     2.11    ---   0     
1.17    9.18___15:1:12  5       3     2     2.09    ---   -1    
1.61    9.18___15:1:27  6       4     2     2.09    ---   -2    
7.24    9.18___15:1:54  7       4     3     2.09    +++   -1    
5.83    9.18___15:2:18  8       4     4     2.11    +++   0     
2.02    9.18___15:2:35  9       4     5     2.09    +++   1     
1.22    9.18___15:2:49  10      5     5     2.09    ---   0     
1.74    9.18___15:3:5   11      6     5     2.09    ---   -1    
2.26    9.18___15:3:22  12      6     6     2.09    +++   0     
3.83    9.18___15:3:44  13      6     7     2.09    +++   1     
23.54   9.18___15:4:24  14      6     8     2.11    +++   2     
3.69    9.18___15:4:45  15      6     9     2.13    +++   3     
10.72   9.18___15:5:15  16      6     10    2.17    +++   4     
5.82    9.18___15:5:40  17      6     11    2.23    +++   5     
1.05    9.18___15:5:52  18      7     11    2.17    ---   4     
14.87   9.18___15:6:26  19      7     12    2.23    +++   5     
1.5     9.18___15:6:41  20      8     12    2.17    ---   4     
3.16    9.18___15:7:1   21      8     13    2.23    +++   5     
1.36    9.18___15:7:15  22      9     13    2.17    ---   4     
1.22    9.18___15:7:29  23      10    13    2.13    ---   3     
1.27    9.18___15:7:42  24      11    13    2.11    ---   2     
1.61    9.18___15:7:58  25      12    13    2.09    ---   1     
2.34    9.18___15:8:16  26      12    14    2.11    +++   2     
1.21    9.18___15:8:29  27      13    14    2.09    ---   1     
1.74    9.18___15:8:45  28      14    14    2.09    ---   0     
2.76    9.18___15:9:4   29      14    15    2.09    +++   1     
2.4     9.18___15:9:22  30      14    16    2.11    +++   2     
2.14    9.18___15:9:40  31      14    17    2.13    +++   3     
1.79    9.18___15:9:56  32      15    17    2.11    ---   2     
1.45    9.18___15:10:11 33      16    17    2.09    ---   1     
1.48    9.18___15:10:26 34      17    17    2.09    ---   0     
2.66    9.18___15:10:44 35      17    18    2.09    +++   1     
6.2     9.18___15:11:9  36      17    19    2.11    +++   2     
1.36    9.18___15:11:23 37      18    19    2.09    ---   1     
2.55    9.18___15:11:42 38      18    20    2.11    +++   2     
2.8     9.18___15:12:1  39      18    21    2.13    +++   3     
5.75    9.18___15:12:25 40      18    22    2.13    +++   4     
1.14    9.18___15:12:38 41      19    22    2.13    ---   3     
1.2     9.18___15:12:52 42      20    22    2.11    ---   2     
15.3    9.18___15:13:26 43      20    23    2.13    +++   3     
1.51    9.18___15:13:41 44      21    23    2.11    ---   2     
1.16    9.18___15:13:54 45      22    23    2.09    ---   1     
4.91    9.18___15:14:17 46      22    24    2.11    +++   2     
25.53   9.18___15:14:59 47      22    25    2.13    +++   3     
1.22    9.18___15:15:13 48      23    25    2.11    ---   2     
1.96    9.18___15:15:29 49      24    25    2.09    ---   1     
4.32    9.18___15:15:52 50      24    26    2.11    +++   2     
1.35    9.18___15:16:6  51      25    26    2.09    ---   1     
4.55    9.18___15:16:28 52      25    27    2.11    +++   2     
1.2     9.18___15:16:42 53      26    27    2.09    ---   1     
1.59    9.18___15:16:57 54      27    27    2.09    ---   0     
2.9     9.18___15:17:16 55      27    28    2.09    +++   1     
1.3     9.18___15:17:30 56      28    28    2.09    ---   0     
2.23    9.18___15:17:48 57      28    29    2.09    +++   1     
1.06    9.18___15:18:0  58      29    29    2.09    ---   0     
9.1     9.18___15:18:29 59      29    30    2.09    +++   1     
25.73   9.18___15:19:11 60      29    31    2.11    +++   2     
2.44    9.18___15:19:29 61      29    32    2.13    +++   3     
20.02   9.18___15:20:7  62      29    33    2.13    +++   4     
2.54    9.18___15:20:25 63      29    34    2.14    +++   5     
1.17    9.18___15:20:39 64      30    34    2.13    ---   4     
4.62    9.18___15:21:1  65      30    35    2.14    +++   5     
4.09    9.18___15:21:23 66      30    36    2.18    +++   6     
2.69    9.18___15:21:42 67      30    37    2.23    +++   7     
3.67    9.18___15:22:2  68      30    38    2.23    +++   8     
2.15    9.18___15:22:20 69      30    39    2.23    +++   9     
11.39   9.18___15:22:51 70      30    40    2.23    +++   10    
20.86   9.18___15:23:29 71      30    41    2.23    +++   11    
3.13    9.18___15:23:49 72      30    42    2.24    +++   12    
