7.65    8.18___18:0:21  1       0     1     1.88    +++   1     
1.28    8.18___18:0:35  2       1     1     1.87    ---   0     
2.02    8.18___18:0:52  3       1     2     1.88    +++   1     
1.66    8.18___18:1:8   4       2     2     1.87    ---   0     
1.24    8.18___18:1:21  5       3     2     1.85    ---   -1    
1.59    8.18___18:1:37  6       4     2     1.83    ---   -2    
1       8.18___18:1:47  7       5     2     1.82    ---   -3    
4.12    8.18___18:2:9   8       5     3     1.83    +++   -2    
4.05    8.18___18:2:31  9       5     4     1.85    +++   -1    
2.79    8.18___18:2:50  10      5     5     1.87    +++   0     
1.16    8.18___18:3:3   11      6     5     1.85    ---   -1    
1       8.18___18:3:13  12      7     5     1.83    ---   -2    
1.31    8.18___18:3:27  13      8     5     1.82    ---   -3    
2.38    8.18___18:3:45  14      8     6     1.83    +++   -2    
7.09    8.18___18:4:11  15      8     7     1.85    +++   -1    
3.92    8.18___18:4:33  16      8     8     1.87    +++   0     
5.84    8.18___18:4:57  17      8     9     1.88    +++   1     
4.38    8.18___18:5:19  18      8     10    1.89    +++   2     
3.25    8.18___18:5:40  19      8     11    1.89    +++   3     
1.01    8.18___18:5:51  20      9     11    1.89    ---   2     
2.45    8.18___18:6:9   21      9     12    1.89    +++   3     
3.21    8.18___18:6:29  22      9     13    1.89    +++   4     
1.39    8.18___18:6:43  23      10    13    1.89    ---   3     
3.12    8.18___18:7:3   24      10    14    1.89    +++   4     
