1.86    8.18___11:0:5   1       1     0     2.06    ---   -1    
2.4     8.18___11:0:23  2       1     1     2.07    +++   0     
1       8.18___11:0:33  3       2     1     2.06    ---   -1    
3.22    8.18___11:0:53  4       2     2     2.07    +++   0     
1       8.18___11:1:4   5       3     2     2.06    ---   -1    
2.32    8.18___11:1:22  6       3     3     2.07    +++   0     
12.93   8.18___11:1:54  7       3     4     2.08    +++   1     
2.06    8.18___11:2:11  8       3     5     2.07    +++   2     
5.12    8.18___11:2:34  9       3     6     2.08    +++   3     
1.09    8.18___11:2:47  10      4     6     2.07    ---   2     
7.14    8.18___11:3:13  11      4     7     2.08    +++   3     
2.98    8.18___11:3:32  12      4     8     2.09    +++   4     
6.57    8.18___11:3:58  13      4     9     2.11    +++   5     
1.72    8.18___11:4:14  14      5     9     2.09    ---   4     
4.41    8.18___11:4:36  15      5     10    2.11    +++   5     
3.66    8.18___11:4:57  16      5     11    2.12    +++   6     
1.55    8.18___11:5:12  17      6     11    2.11    ---   5     
1.18    8.18___11:5:25  18      7     11    2.09    ---   4     
1.01    8.18___11:5:37  19      8     11    2.08    ---   3     
1.52    8.18___11:5:52  20      9     11    2.07    ---   2     
6.46    8.18___11:6:17  21      9     12    2.08    +++   3     
4.41    8.18___11:6:39  22      9     13    2.09    +++   4     
1       8.18___11:6:50  23      10    13    2.08    ---   3     
3.41    8.18___11:7:10  24      10    14    2.09    +++   4     
1.65    8.18___11:7:26  25      11    14    2.08    ---   3     
1.78    8.18___11:7:42  26      12    14    2.07    ---   2     
1.78    8.18___11:7:58  27      13    14    2.06    ---   1     
2.76    8.18___11:8:17  28      13    15    2.07    +++   2     
1.8     8.18___11:8:33  29      14    15    2.06    ---   1     
4.46    8.18___11:8:56  30      14    16    2.07    +++   2     
1.28    8.18___11:9:9   31      15    16    2.06    ---   1     
1.45    8.18___11:9:24  32      16    16    2.06    ---   0     
5.69    8.18___11:9:48  33      16    17    2.06    +++   1     
7.78    8.18___11:10:15 34      16    18    2.07    +++   2     
9.8     8.18___11:10:45 35      16    19    2.08    +++   3     
1.03    8.18___11:10:56 36      17    19    2.07    ---   2     
3.58    8.18___11:11:17 37      17    20    2.08    +++   3     
1.43    8.18___11:11:32 38      18    20    2.07    ---   2     
4.01    8.18___11:11:53 39      18    21    2.08    +++   3     
2.06    8.18___11:12:10 40      18    22    2.07    +++   4     
1.7     8.18___11:12:26 41      19    22    2.06    ---   3     
1.05    8.18___11:12:38 42      20    22    2.06    ---   2     
1       8.18___11:12:49 43      21    22    2.06    ---   1     
2.76    8.18___11:13:8  44      21    23    2.06    +++   2     
2.09    8.18___11:13:25 45      21    24    2.06    +++   3     
1.24    8.18___11:13:38 46      22    24    2.06    ---   2     
2.05    8.18___11:13:56 47      22    25    2.06    +++   3     
2.67    8.18___11:14:14 48      22    26    2.06    +++   4     
4.17    8.18___11:14:36 49      22    27    2.06    +++   5     
1.02    8.18___11:14:47 50      23    27    2.06    ---   4     
2.31    8.18___11:15:5  51      23    28    2.06    +++   5     
1.9     8.18___11:15:22 52      24    28    2.06    ---   4     
5.39    8.18___11:15:46 53      24    29    2.06    +++   5     
1.3     8.18___11:16:0  54      25    29    2.06    ---   4     
7.74    8.18___11:16:27 55      25    30    2.06    +++   5     
1.71    8.18___11:16:42 56      26    30    2.06    ---   4     
2.6     8.18___11:17:1  57      26    31    2.06    +++   5     
1.4     8.18___11:17:16 58      27    31    2.06    ---   4     
1.56    8.18___11:17:31 59      28    31    2.06    ---   3     
1.61    8.18___11:17:46 60      29    31    2.06    ---   2     
6.76    8.18___11:18:12 61      29    32    2.06    +++   3     
24.1    8.18___11:18:53 62      29    33    2.06    +++   4     
1.62    8.18___11:19:8  63      30    33    2.06    ---   3     
3.18    8.18___11:19:28 64      30    34    2.06    +++   4     
18.17   8.18___11:20:5  65      30    35    2.06    +++   5     
2.49    8.18___11:20:23 66      30    36    2.07    +++   6     
1.19    8.18___11:20:37 67      31    36    2.06    ---   5     
7.01    8.18___11:21:3  68      31    37    2.07    +++   6     
1.88    8.18___11:21:19 69      32    37    2.06    ---   5     
2.04    8.18___11:21:36 70      32    38    2.06    +++   6     
1.43    8.18___11:21:51 71      33    38    2.06    ---   5     
20.3    8.18___11:22:29 72      33    39    2.06    +++   6     
1.03    8.18___11:22:41 73      34    39    2.06    ---   5     
20.01   8.18___11:23:19 74      34    40    2.06    +++   6     
1       8.18___11:23:30 75      35    40    2.06    ---   5     
1.39    8.18___11:23:44 76      36    40    2.06    ---   4     
2.21    8.18___11:24:2  77      36    41    2.06    +++   5     
1.77    8.18___11:24:18 78      37    41    2.06    ---   4     
1.52    8.18___11:24:33 79      38    41    2.06    ---   3     
22.29   8.18___11:25:12 80      38    42    2.06    +++   4     
1.44    8.18___11:25:27 81      39    42    2.06    ---   3     
2.91    8.18___11:25:46 82      39    43    2.06    +++   4     
11.26   8.18___11:26:17 83      39    44    2.06    +++   5     
9.02    8.18___11:26:46 84      39    45    2.06    +++   6     
25.09   8.18___11:27:27 85      39    46    2.06    +++   7     
1.03    8.18___11:27:39 86      40    46    2.06    ---   6     
12.33   8.18___11:28:11 87      40    47    2.06    +++   7     
1.3     8.18___11:28:25 88      41    47    2.06    ---   6     
13.68   8.18___11:28:58 89      41    48    2.06    +++   7     
1.34    8.18___11:29:12 90      42    48    2.06    ---   6     
1.33    8.18___11:29:26 91      43    48    2.06    ---   5     
1.32    8.18___11:29:40 92      44    48    2.06    ---   4     
1.37    8.18___11:29:55 93      45    48    2.06    ---   3     
1       8.18___11:30:5  94      46    48    2.05    ---   2     
1.93    8.18___11:30:22 95      47    48    2.04    ---   1     
2.55    8.18___11:30:40 96      47    49    2.05    +++   2     
25.2    8.18___11:31:22 97      47    50    2.06    +++   3     
1.8     8.18___11:31:40 98      48    50    2.05    ---   2     
5.54    8.18___11:32:2  99      48    51    2.06    +++   3     
1.19    8.18___11:32:16 100     49    51    2.05    ---   2     
1.89    8.18___11:32:32 101     50    51    2.04    ---   1     
1.02    8.18___11:32:44 102     51    51    2.04    ---   0     
1.67    8.18___11:32:59 103     52    51    2.04    ---   -1    
3.15    8.18___11:33:19 104     52    52    2.04    +++   0     
1.65    8.18___11:33:35 105     53    52    2.04    ---   -1    
1.29    8.18___11:33:49 106     54    52    2.03    ---   -2    
1.39    8.18___11:34:3  107     55    52    2.02    ---   -3    
1.13    8.18___11:34:16 108     56    52    2.02    ---   -4    
12.75   8.18___11:34:48 109     56    53    2.02    +++   -3    
3.02    8.18___11:35:8  110     56    54    2.03    +++   -2    
2.2     8.18___11:35:25 111     56    55    2.04    +++   -1    
9.78    8.18___11:35:55 112     56    56    2.04    +++   0     
14.97   8.18___11:36:29 113     56    57    2.04    +++   1     
1.72    8.18___11:36:45 114     57    57    2.04    ---   0     
8.49    8.18___11:37:13 115     57    58    2.04    +++   1     
1.33    8.18___11:37:27 116     58    58    2.04    ---   0     
1.68    8.18___11:37:43 117     59    58    2.04    ---   -1    
1.06    8.18___11:37:55 118     60    58    2.03    ---   -2    
2.42    8.18___11:38:13 119     60    59    2.04    +++   -1    
1.17    8.18___11:38:26 120     61    59    2.03    ---   -2    
1.17    8.18___11:38:39 121     62    59    2.02    ---   -3    
6.26    8.18___11:39:4  122     62    60    2.03    +++   -2    
1.16    8.18___11:39:17 123     63    60    2.02    ---   -3    
2.93    8.18___11:39:36 124     63    61    2.03    +++   -2    
1.31    8.18___11:39:51 125     64    61    2.02    ---   -3    
1.86    8.18___11:40:7  126     65    61    2.02    ---   -4    
1.27    8.18___11:40:21 127     66    61    2.02    ---   -5    
32.96   8.18___11:41:7  128     66    62    2.02    +++   -4    
3.13    8.18___11:41:27 129     66    63    2.02    +++   -3    
3.16    8.18___11:41:47 130     66    64    2.03    +++   -2    
8.88    8.18___11:42:15 131     66    65    2.04    +++   -1    
1.43    8.18___11:42:30 132     67    65    2.03    ---   -2    
3.38    8.18___11:42:50 133     67    66    2.04    +++   -1    
1.58    8.18___11:43:5  134     68    66    2.03    ---   -2    
1.45    8.18___11:43:20 135     69    66    2.02    ---   -3    
1.04    8.18___11:43:32 136     70    66    2.02    ---   -4    
3.58    8.18___11:43:53 137     70    67    2.02    +++   -3    
1.28    8.18___11:44:7  138     71    67    2.02    ---   -4    
2.96    8.18___11:44:26 139     71    68    2.02    +++   -3    
1.56    8.18___11:44:41 140     72    68    2.02    ---   -4    
1.08    8.18___11:44:54 141     73    68    2.02    ---   -5    
1.41    8.18___11:45:8  142     74    68    2       ---   -6    
1.07    8.18___11:45:20 143     75    68    1.99    ---   -7    
5.51    8.18___11:45:44 144     75    69    2       +++   -6    
2.35    8.18___11:46:2  145     75    70    2.02    +++   -5    
1.27    8.18___11:46:16 146     76    70    2       ---   -6    
2.24    8.18___11:46:34 147     76    71    2.02    +++   -5    
7.8     8.18___11:47:1  148     76    72    2.02    +++   -4    
2.01    8.18___11:47:18 149     76    73    2.02    +++   -3    
1.58    8.18___11:47:33 150     77    73    2.01    ---   -4    
2.25    8.18___11:47:51 151     77    74    2.02    +++   -3    
1.1     8.18___11:48:3  152     78    74    2.01    ---   -4    
4.52    8.18___11:48:26 153     78    75    2.02    +++   -3    
1.3     8.18___11:48:40 154     79    75    2.01    ---   -4    
1.75    8.18___11:48:56 155     80    75    2       ---   -5    
1.34    8.18___11:49:10 156     81    75    2       ---   -6    
4       8.18___11:49:31 157     81    76    2       +++   -5    
1.86    8.18___11:49:48 158     82    76    2       ---   -6    
4.32    8.18___11:50:10 159     82    77    2       +++   -5    
4.24    8.18___11:50:32 160     82    78    2.01    +++   -4    
1.16    8.18___11:50:45 161     83    78    2       ---   -5    
2.87    8.18___11:51:4  162     83    79    2.01    +++   -4    
3.38    8.18___11:51:24 163     83    80    2.02    +++   -3    
1.45    8.18___11:51:39 164     84    80    2.01    ---   -4    
1.13    8.18___11:51:52 165     85    80    2       ---   -5    
1.05    8.18___11:52:4  166     86    80    2       ---   -6    
5.98    8.18___11:52:29 167     86    81    2       +++   -5    
1       8.18___11:52:39 168     87    81    2       ---   -6    
2.66    8.18___11:52:58 169     87    82    2       +++   -5    
1.08    8.18___11:53:10 170     88    82    2       ---   -6    
1.85    8.18___11:53:27 171     89    82    1.99    ---   -7    
2.24    8.18___11:53:44 172     89    83    2       +++   -6    
3.91    8.18___11:54:6  173     89    84    2       +++   -5    
1.5     8.18___11:54:21 174     90    84    2       ---   -6    
12.31   8.18___11:54:52 175     90    85    2       +++   -5    
5.06    8.18___11:55:16 176     90    86    2.01    +++   -4    
1.47    8.18___11:55:31 177     91    86    2       ---   -5    
1.15    8.18___11:55:44 178     92    86    2       ---   -6    
5.27    8.18___11:56:7  179     92    87    2       +++   -5    
2.67    8.18___11:56:26 180     92    88    2.01    +++   -4    
2.72    8.18___11:56:45 181     92    89    2.02    +++   -3    
1.15    8.18___11:56:58 182     93    89    2.01    ---   -4    
1.67    8.18___11:57:13 183     94    89    2       ---   -5    
1.78    8.18___11:57:30 184     95    89    2       ---   -6    
1       8.18___11:57:40 185     96    89    1.99    ---   -7    
10.03   8.18___11:58:10 186     96    90    2       +++   -6    
1.27    8.18___11:58:24 187     97    90    1.99    ---   -7    
1.28    8.18___11:58:37 188     98    90    1.98    ---   -8    
2.14    8.18___11:58:55 189     98    91    1.99    +++   -7    
2.92    8.18___11:59:14 190     98    92    2       +++   -6    
5.96    8.18___11:59:39 191     98    93    2       +++   -5    
