2.41    8.18___17:0:1   1       0     1     2.07    +++   1     
1       8.18___17:0:12  2       1     1     2.06    ---   0     
3.58    8.18___17:0:32  3       1     2     2.07    +++   1     
1.01    8.18___17:0:44  4       2     2     2.06    ---   0     
2.83    8.18___17:1:3   5       2     3     2.07    +++   1     
4.13    8.18___17:1:24  6       2     4     2.08    +++   2     
20.37   8.18___17:2:3   7       2     5     2.13    +++   3     
2.61    8.18___17:2:22  8       2     6     2.18    +++   4     
3.41    8.18___17:2:42  9       2     7     2.18    +++   5     
2.7     8.18___17:3:1   10      2     8     2.18    +++   6     
7.45    8.18___17:3:27  11      2     9     2.19    +++   7     
1.05    8.18___17:3:39  12      3     9     2.18    ---   6     
1.91    8.18___17:3:56  13      4     9     2.18    ---   5     
1.48    8.18___17:4:11  14      5     9     2.18    ---   4     
1       8.18___17:4:21  15      6     9     2.13    ---   3     
2.82    8.18___17:4:41  16      6     10    2.18    +++   4     
1       8.18___17:4:51  17      7     10    2.13    ---   3     
1.26    8.18___17:5:5   18      8     10    2.08    ---   2     
2.22    8.18___17:5:22  19      8     11    2.13    +++   3     
2.15    8.18___17:5:40  20      8     12    2.15    +++   4     
1.41    8.18___17:5:54  21      9     12    2.11    ---   3     
2.26    8.18___17:6:12  22      9     13    2.15    +++   4     
1.3     8.18___17:6:26  23      10    13    2.11    ---   3     
1.18    8.18___17:6:39  24      11    13    2.08    ---   2     
2.44    8.18___17:6:58  25      11    14    2.11    +++   3     
26.87   8.18___17:7:40  26      11    15    2.15    +++   4     
1.43    8.18___17:7:55  27      12    15    2.11    ---   3     
1.15    8.18___17:8:8   28      13    15    2.08    ---   2     
1.2     8.18___17:8:21  29      14    15    2.07    ---   1     
3.73    8.18___17:8:42  30      14    16    2.08    +++   2     
3.71    8.18___17:9:3   31      14    17    2.11    +++   3     
1.4     8.18___17:9:18  32      15    17    2.08    ---   2     
1.27    8.18___17:9:32  33      16    17    2.07    ---   1     
8.25    8.18___17:9:59  34      16    18    2.08    +++   2     
2.49    8.18___17:10:18 35      16    19    2.11    +++   3     
1.2     8.18___17:10:31 36      17    19    2.08    ---   2     
1.32    8.18___17:10:45 37      18    19    2.07    ---   1     
1.96    8.18___17:11:2  38      19    19    2.06    ---   0     
3.94    8.18___17:11:23 39      19    20    2.07    +++   1     
2.73    8.18___17:11:42 40      19    21    2.08    +++   2     
1.45    8.18___17:11:57 41      20    21    2.07    ---   1     
7.23    8.18___17:12:23 42      20    22    2.08    +++   2     
1.62    8.18___17:12:39 43      21    22    2.07    ---   1     
3.75    8.18___17:13:0  44      21    23    2.08    +++   2     
5.71    8.18___17:13:24 45      21    24    2.11    +++   3     
2.42    8.18___17:13:42 46      21    25    2.15    +++   4     
1.77    8.18___17:13:58 47      22    25    2.11    ---   3     
1.49    8.18___17:14:13 48      23    25    2.08    ---   2     
1.74    8.18___17:14:29 49      24    25    2.07    ---   1     
1.03    8.18___17:14:41 50      25    25    2.06    ---   0     
1.75    8.18___17:14:57 51      26    25    2.05    ---   -1    
1.24    8.18___17:15:11 52      27    25    2.04    ---   -2    
27.38   8.18___17:15:54 53      27    26    2.05    +++   -1    
2.2     8.18___17:16:11 54      27    27    2.06    +++   0     
1.06    8.18___17:16:23 55      28    27    2.05    ---   -1    
6.59    8.18___17:16:49 56      28    28    2.06    +++   0     
2.81    8.18___17:17:8  57      28    29    2.07    +++   1     
1.78    8.18___17:17:24 58      29    29    2.06    ---   0     
5.51    8.18___17:17:48 59      29    30    2.07    +++   1     
31.7    8.18___17:18:34 60      29    31    2.08    +++   2     
1.28    8.18___17:18:47 61      30    31    2.07    ---   1     
8.01    8.18___17:19:15 62      30    32    2.08    +++   2     
1.25    8.18___17:19:28 63      31    32    2.07    ---   1     
13.88   8.18___17:20:2  64      31    33    2.08    +++   2     
1.01    8.18___17:20:13 65      32    33    2.07    ---   1     
12.07   8.18___17:20:45 66      32    34    2.08    +++   2     
4.37    8.18___17:21:7  67      32    35    2.11    +++   3     
1.59    8.18___17:21:22 68      33    35    2.08    ---   2     
1.34    8.18___17:21:36 69      34    35    2.07    ---   1     
1.11    8.18___17:21:49 70      35    35    2.06    ---   0     
2.16    8.18___17:22:6  71      35    36    2.07    +++   1     
3.44    8.18___17:22:27 72      35    37    2.08    +++   2     
3.95    8.18___17:22:48 73      35    38    2.11    +++   3     
1.2     8.18___17:23:2  74      36    38    2.08    ---   2     
2.26    8.18___17:23:19 75      36    39    2.11    +++   3     
1.08    8.18___17:23:32 76      37    39    2.08    ---   2     
16.49   8.18___17:24:7  77      37    40    2.11    +++   3     
1.14    8.18___17:24:20 78      38    40    2.08    ---   2     
1.25    8.18___17:24:34 79      39    40    2.07    ---   1     
1.12    8.18___17:24:47 80      40    40    2.06    ---   0     
1.7     8.18___17:25:2  81      41    40    2.05    ---   -1    
3.58    8.18___17:25:23 82      41    41    2.06    +++   0     
1.44    8.18___17:25:38 83      42    41    2.05    ---   -1    
1.01    8.18___17:25:49 84      43    41    2.04    ---   -2    
1       8.18___17:26:0  85      44    41    2.04    ---   -3    
3.79    8.18___17:26:21 86      44    42    2.04    +++   -2    
1.12    8.18___17:26:34 87      45    42    2.04    ---   -3    
1.5     8.18___17:26:49 88      46    42    2.04    ---   -4    
1.2     8.18___17:27:2  89      47    42    2.04    ---   -5    
1.15    8.18___17:27:15 90      48    42    2.04    ---   -6    
1       8.18___17:27:26 91      49    42    2.02    ---   -7    
5.3     8.18___17:27:49 92      49    43    2.04    +++   -6    
1.57    8.18___17:28:5  93      50    43    2.02    ---   -7    
2.43    8.18___17:28:23 94      50    44    2.04    +++   -6    
1.25    8.18___17:28:36 95      51    44    2.02    ---   -7    
1.96    8.18___17:28:53 96      52    44    2       ---   -8    
1.33    8.18___17:29:7  97      53    44    2       ---   -9    
1.98    8.18___17:29:24 98      54    44    2       ---   -10   
1.82    8.18___17:29:41 99      55    44    1.99    ---   -11   
1.05    8.18___17:29:52 100     56    44    1.98    ---   -12   
28.78   8.18___17:30:36 101     56    45    1.99    +++   -11   
1.2     8.18___17:30:50 102     57    45    1.98    ---   -12   
2       8.18___17:31:7  103     57    46    1.99    +++   -11   
1.06    8.18___17:31:19 104     58    46    1.98    ---   -12   
8.76    8.18___17:31:47 105     58    47    1.99    +++   -11   
1.12    8.18___17:32:0  106     59    47    1.98    ---   -12   
1.07    8.18___17:32:12 107     60    47    1.98    ---   -13   
2.34    8.18___17:32:30 108     60    48    1.98    +++   -12   
19.84   8.18___17:33:8  109     60    49    1.99    +++   -11   
1.23    8.18___17:33:21 110     61    49    1.98    ---   -12   
1.19    8.18___17:33:35 111     62    49    1.98    ---   -13   
3.05    8.18___17:33:54 112     62    50    1.98    +++   -12   
4.41    8.18___17:34:16 113     62    51    1.99    +++   -11   
1.03    8.18___17:34:28 114     63    51    1.98    ---   -12   
1.89    8.18___17:34:45 115     64    51    1.98    ---   -13   
1.12    8.18___17:34:57 116     65    51    1.98    ---   -14   
2.21    8.18___17:35:15 117     65    52    1.98    +++   -13   
1.79    8.18___17:35:31 118     66    52    1.98    ---   -14   
2.25    8.18___17:35:49 119     66    53    1.98    +++   -13   
4.66    8.18___17:36:11 120     66    54    1.98    +++   -12   
1.32    8.18___17:36:25 121     67    54    1.98    ---   -13   
1.19    8.18___17:36:39 122     68    54    1.98    ---   -14   
2.69    8.18___17:36:57 123     68    55    1.98    +++   -13   
5.98    8.18___17:37:22 124     68    56    1.98    +++   -12   
2.4     8.18___17:37:40 125     68    57    1.99    +++   -11   
1.05    8.18___17:37:52 126     69    57    1.98    ---   -12   
1.67    8.18___17:38:8  127     70    57    1.98    ---   -13   
1.12    8.18___17:38:21 128     71    57    1.98    ---   -14   
4.23    8.18___17:38:43 129     71    58    1.98    +++   -13   
1.33    8.18___17:38:57 130     72    58    1.98    ---   -14   
7.06    8.18___17:39:23 131     72    59    1.98    +++   -13   
2.26    8.18___17:39:41 132     72    60    1.98    +++   -12   
22.17   8.18___17:40:20 133     72    61    1.99    +++   -11   
7.03    8.18___17:40:46 134     72    62    2       +++   -10   
6.24    8.18___17:41:11 135     72    63    2       +++   -9    
3.82    8.18___17:41:32 136     72    64    2       +++   -8    
1.43    8.18___17:41:47 137     73    64    2       ---   -9    
4.25    8.18___17:42:9  138     73    65    2       +++   -8    
8.3     8.18___17:42:37 139     73    66    2       +++   -7    
19.84   8.18___17:43:15 140     73    67    2       +++   -6    
4.36    8.18___17:43:37 141     73    68    2.02    +++   -5    
1.16    8.18___17:43:50 142     74    68    2       ---   -6    
2.18    8.18___17:44:7  143     74    69    2.02    +++   -5    
1.99    8.18___17:44:24 144     75    69    2       ---   -6    
4.27    8.18___17:44:46 145     75    70    2.02    +++   -5    
29.73   8.18___17:45:31 146     75    71    2.04    +++   -4    
1.38    8.18___17:45:45 147     76    71    2.02    ---   -5    
1.19    8.18___17:45:58 148     77    71    2       ---   -6    
2       8.18___17:46:15 149     77    72    2       +++   -5    
4.22    8.18___17:46:37 150     77    73    2       +++   -4    
1.65    8.18___17:46:53 151     78    73    2       ---   -5    
3.47    8.18___17:47:13 152     78    74    2       +++   -4    
1.49    8.18___17:47:28 153     79    74    2       ---   -5    
1.35    8.18___17:47:43 154     80    74    2       ---   -6    
1.17    8.18___17:47:56 155     81    74    2       ---   -7    
1       8.18___17:48:6  156     82    74    2       ---   -8    
1.89    8.18___17:48:23 157     83    74    2       ---   -9    
1.16    8.18___17:48:36 158     84    74    2       ---   -10   
1.48    8.18___17:48:51 159     85    74    1.99    ---   -11   
24.68   8.18___17:49:32 160     85    75    2       +++   -10   
1.29    8.18___17:49:46 161     86    75    1.99    ---   -11   
1.72    8.18___17:50:2  162     87    75    1.99    ---   -12   
1.11    8.18___17:50:15 163     88    75    1.98    ---   -13   
1.27    8.18___17:50:29 164     89    75    1.98    ---   -14   
1.32    8.18___17:50:43 165     90    75    1.98    ---   -15   
1.01    8.18___17:50:54 166     91    75    1.98    ---   -16   
2.05    8.18___17:51:11 167     91    76    1.98    +++   -15   
1.51    8.18___17:51:26 168     92    76    1.98    ---   -16   
1.35    8.18___17:51:41 169     93    76    1.97    ---   -17   
1.79    8.18___17:51:57 170     94    76    1.97    ---   -18   
1.65    8.18___17:52:12 171     95    76    1.96    ---   -19   
1.28    8.18___17:52:26 172     96    76    1.96    ---   -20   
1.18    8.18___17:52:40 173     97    76    1.96    ---   -21   
3.87    8.18___17:53:1  174     97    77    1.96    +++   -20   
1.1     8.18___17:53:13 175     98    77    1.96    ---   -21   
3.18    8.18___17:53:33 176     98    78    1.96    +++   -20   
1.66    8.18___17:53:49 177     99    78    1.96    ---   -21   
1.13    8.18___17:54:2  178     100   78    1.96    ---   -22   
1       8.18___17:54:12 179     101   78    1.95    ---   -23   
1.16    8.18___17:54:26 180     102   78    1.94    ---   -24   
18.02   8.18___17:55:2  181     102   79    1.95    +++   -23   
1.21    8.18___17:55:16 182     103   79    1.94    ---   -24   
1.34    8.18___17:55:30 183     104   79    1.92    ---   -25   
1.33    8.18___17:55:44 184     105   79    1.91    ---   -26   
3.45    8.18___17:56:4  185     105   80    1.92    +++   -25   
1.06    8.18___17:56:17 186     106   80    1.91    ---   -26   
1.09    8.18___17:56:43 187     107   80    1.9     ---   -27   
1.16    8.18___17:56:56 188     108   80    1.89    ---   -28   
3.18    8.18___17:57:16 189     108   81    1.9     +++   -27   
1.36    8.18___17:57:31 190     109   81    1.89    ---   -28   
2.26    8.18___17:57:49 191     109   82    1.9     +++   -27   
21.85   8.18___17:58:28 192     109   83    1.91    +++   -26   
1.35    8.18___17:58:42 193     110   83    1.9     ---   -27   
1.18    8.18___17:58:56 194     111   83    1.89    ---   -28   
1.45    8.18___17:59:10 195     112   83    1.89    ---   -29   
1.08    8.18___17:59:23 196     113   83    1.89    ---   -30   
1.63    8.18___17:59:38 197     114   83    1.88    ---   -31   
1.74    8.18___17:59:54 198     115   83    1.87    ---   -32   
