4.34    8.18___16:0:15  1       0     1     1.87    +++   1     
24.27   8.18___16:9:50  1       0     1     24.27   +++   1     
2.33    8.18___16:10:8  2       0     2     13.3    +++   2     
2.04    8.18___16:10:25 3       0     3     2.33    +++   3     
20.43   8.18___16:11:3  4       0     4     11.38   +++   4     
1.2     8.18___16:11:16 5       1     4     2.33    ---   3     
1.46    8.18___16:11:31 6       2     4     2.18    ---   2     
1.82    8.18___16:11:48 7       3     4     2.04    ---   1     
7.03    8.18___16:12:14 8       3     5     2.18    +++   2     
1.3     8.18___16:12:28 9       4     5     2.04    ---   1     
1.1     8.18___16:12:40 10      5     5     1.93    ---   0     
1.35    8.18___16:12:55 11      6     5     1.82    ---   -1    
2.18    8.18___16:13:12 12      6     6     1.93    +++   0     
2.4     8.18___16:13:30 13      6     7     2.04    +++   1     
24.97   8.18___16:14:12 14      6     8     2.11    +++   2     
1.08    8.18___16:14:24 15      7     8     2.04    ---   1     
4.32    8.18___16:14:46 16      7     9     2.11    +++   2     
24.91   8.18___16:15:27 17      7     10    2.18    +++   3     
1.05    8.18___16:15:39 18      8     10    2.11    ---   2     
1.03    8.18___16:15:51 19      9     10    2.04    ---   1     
1.87    8.18___16:16:8  20      10    10    1.95    ---   0     
1.26    8.18___16:16:21 21      11    10    1.87    ---   -1    
2.3     8.18___16:16:39 22      11    11    1.95    +++   0     
1.31    8.18___16:16:53 23      12    11    1.87    ---   -1    
1.39    8.18___16:17:8  24      13    11    1.84    ---   -2    
1.09    8.18___16:17:20 25      14    11    1.82    ---   -3    
1.55    8.18___16:17:35 26      15    11    1.68    ---   -4    
1.94    8.18___16:17:52 27      16    11    1.82    ---   -5    
3.74    8.18___16:18:13 28      16    12    1.84    +++   -4    
1.44    8.18___16:18:28 29      17    12    1.82    ---   -5    
1.05    8.18___16:18:40 30      18    12    1.68    ---   -6    
3.1     8.18___16:19:0  31      18    13    1.82    +++   -5    
3.94    8.18___16:19:21 32      18    14    1.84    +++   -4    
2.78    8.18___16:19:40 33      18    15    1.87    +++   -3    
2.28    8.18___16:19:58 34      18    16    1.9     +++   -2    
4.02    8.18___16:20:19 35      18    17    1.94    +++   -1    
1.11    8.18___16:20:32 36      19    17    1.9     ---   -2    
2.08    8.18___16:20:49 37      19    18    1.94    +++   -1    
2.54    8.18___16:21:7  38      19    19    1.99    +++   0     
1.11    8.18___16:21:20 39      20    19    1.94    ---   -1    
1.77    8.18___16:21:36 40      21    19    1.9     ---   -2    
2.87    8.18___16:21:55 41      21    20    1.94    +++   -1    
2.04    8.18___16:22:12 42      21    21    1.99    +++   0     
1.28    8.18___16:22:26 43      22    21    1.94    ---   -1    
26.29   8.18___16:23:9  44      22    22    1.99    +++   0     
9.33    8.18___16:23:37 45      22    23    2.04    +++   1     
1.03    8.18___16:23:49 46      23    23    1.99    ---   0     
3.21    8.18___16:24:9  47      23    24    2.04    +++   1     
7.6     8.18___16:24:36 48      23    25    2.04    +++   2     
1.59    8.18___16:24:51 49      24    25    2.04    ---   1     
1.39    8.18___16:25:6  50      25    25    1.99    ---   0     
2.66    8.18___16:25:25 51      25    26    2.04    +++   1     
1.07    8.18___16:25:37 52      26    26    1.99    ---   0     
7.84    8.18___16:26:4  53      26    27    2.04    +++   1     
2.78    8.18___16:26:23 54      26    28    2.04    +++   2     
6.19    8.18___16:26:48 55      26    29    2.04    +++   3     
1.98    8.18___16:27:5  56      27    29    2.04    ---   2     
9.23    8.18___16:27:33 57      27    30    2.04    +++   3     
1.64    8.18___16:27:49 58      28    30    2.04    ---   2     
1.07    8.18___16:28:1  59      29    30    2.04    ---   1     
2.99    8.18___16:28:21 60      29    31    2.04    +++   2     
1.05    8.18___16:28:33 61      30    31    2.04    ---   1     
1       8.18___16:28:43 62      31    31    2       ---   0     
3.72    8.18___16:29:4  63      31    32    2.04    +++   1     
1.23    8.18___16:29:18 64      32    32    2       ---   0     
2.7     8.18___16:29:37 65      32    33    2.04    +++   1     
2.52    8.18___16:29:55 66      32    34    2.04    +++   2     
1.19    8.18___16:30:8  67      33    34    2.04    ---   1     
8.6     8.18___16:30:36 68      33    35    2.04    +++   2     
2.21    8.18___16:30:54 69      33    36    2.04    +++   3     
2.93    8.18___16:31:13 70      33    37    2.06    +++   4     
14.61   8.18___16:31:47 71      33    38    2.08    +++   5     
6.28    8.18___16:32:12 72      33    39    2.13    +++   6     
6.69    8.18___16:32:38 73      33    40    2.18    +++   7     
1.16    8.18___16:32:51 74      34    40    2.13    ---   6     
3.95    8.18___16:33:12 75      34    41    2.18    +++   7     
3.09    8.18___16:33:32 76      34    42    2.19    +++   8     
1.16    8.18___16:33:45 77      35    42    2.18    ---   7     
1.83    8.18___16:34:1  78      36    42    2.13    ---   6     
1.97    8.18___16:34:18 79      37    42    2.08    ---   5     
1.39    8.18___16:34:33 80      38    42    2.06    ---   4     
1.06    8.18___16:34:45 81      39    42    2.04    ---   3     
1.58    8.18___16:35:0  82      40    42    2.04    ---   2     
22.16   8.18___16:35:40 83      40    43    2.04    +++   3     
4.46    8.18___16:36:2  84      40    44    2.06    +++   4     
2.07    8.18___16:36:19 85      40    45    2.06    +++   5     
2.57    8.18___16:36:38 86      40    46    2.07    +++   6     
1.24    8.18___16:36:51 87      41    46    2.06    ---   5     
1.57    8.18___16:37:7  88      42    46    2.05    ---   4     
2.74    8.18___16:37:25 89      42    47    2.06    +++   5     
1.07    8.18___16:37:38 90      43    47    2.05    ---   4     
1.09    8.18___16:37:50 91      44    47    2.04    ---   3     
4.3     8.18___16:38:12 92      44    48    2.05    +++   4     
4.1     8.18___16:38:34 93      44    49    2.06    +++   5     
2.79    8.18___16:38:53 94      44    50    2.07    +++   6     
1.1     8.18___16:39:5  95      45    50    2.06    ---   5     
1.33    8.18___16:39:20 96      46    50    2.05    ---   4     
4.59    8.18___16:39:42 97      46    51    2.06    +++   5     
1.61    8.18___16:39:58 98      47    51    2.05    ---   4     
1.05    8.18___16:40:10 99      48    51    2.04    ---   3     
1.21    8.18___16:40:23 100     49    51    2.04    ---   2     
1.69    8.18___16:40:39 101     50    51    2.04    ---   1     
1.16    8.18___16:40:52 102     51    51    2       ---   0     
13.41   8.18___16:41:25 103     51    52    2.04    +++   1     
1.06    8.18___16:41:37 104     52    52    2       ---   0     
4.82    8.18___16:42:0  105     52    53    2.04    +++   1     
4.48    8.18___16:42:22 106     52    54    2.04    +++   2     
2       8.18___16:42:39 107     52    55    2.04    +++   3     
1.52    8.18___16:42:54 108     53    55    2.02    ---   2     
1.18    8.18___16:43:7  109     54    55    2       ---   1     
2       8.18___16:43:24 110     54    56    2       +++   2     
32.8    8.18___16:44:11 111     54    57    2       +++   3     
3.12    8.18___16:44:30 112     54    58    2.02    +++   4     
8.36    8.18___16:44:58 113     54    59    2.04    +++   5     
7.56    8.18___16:45:25 114     54    60    2.04    +++   6     
6.18    8.18___16:45:50 115     54    61    2.04    +++   7     
1.14    8.18___16:46:3  116     55    61    2.04    ---   6     
1.29    8.18___16:46:17 117     56    61    2.04    ---   5     
1.48    8.18___16:46:32 118     57    61    2.02    ---   4     
1.74    8.18___16:46:48 119     58    61    2       ---   3     
3.36    8.18___16:47:8  120     58    62    2.02    +++   4     
1.64    8.18___16:47:24 121     59    62    2       ---   3     
1.55    8.18___16:47:39 122     60    62    2       ---   2     
1.06    8.18___16:47:51 123     61    62    2       ---   1     
9.13    8.18___16:48:20 124     61    63    2       +++   2     
1.29    8.18___16:48:34 125     62    63    2       ---   1     
16.41   8.18___16:49:9  126     62    64    2       +++   2     
3.63    8.18___16:49:30 127     62    65    2       +++   3     
1.05    8.18___16:49:42 128     63    65    2       ---   2     
3.77    8.18___16:50:3  129     63    66    2       +++   3     
1.72    8.18___16:50:19 130     64    66    2       ---   2     
2.66    8.18___16:50:37 131     64    67    2       +++   3     
2.54    8.18___16:50:56 132     64    68    2.02    +++   4     
1.71    8.18___16:51:12 133     65    68    2       ---   3     
3.37    8.18___16:51:32 134     65    69    2.02    +++   4     
2.34    8.18___16:51:50 135     65    70    2.04    +++   5     
5.59    8.18___16:52:14 136     65    71    2.04    +++   6     
6.06    8.18___16:52:39 137     65    72    2.04    +++   7     
1.19    8.18___16:52:52 138     66    72    2.04    ---   6     
22.14   8.18___16:53:32 139     66    73    2.04    +++   7     
5.9     8.18___16:53:56 140     66    74    2.05    +++   8     
2.18    8.18___16:54:14 141     66    75    2.06    +++   9     
1.06    8.18___16:54:26 142     67    75    2.05    ---   8     
1.75    8.18___16:54:42 143     68    75    2.04    ---   7     
5.91    8.18___16:55:6  144     68    76    2.05    +++   8     
1.56    8.18___16:55:22 145     69    76    2.04    ---   7     
3.11    8.18___16:55:41 146     69    77    2.05    +++   8     
9.44    8.18___16:56:10 147     69    78    2.06    +++   9     
2.63    8.18___16:56:29 148     69    79    2.07    +++   10    
3.37    8.18___16:56:49 149     69    80    2.08    +++   11    
1.32    8.18___16:57:3  150     70    80    2.07    ---   10    
1.14    8.18___16:57:16 151     71    80    2.06    ---   9     
5.77    8.18___16:57:41 152     71    81    2.07    +++   10    
1.55    8.18___16:57:56 153     72    81    2.06    ---   9     
1.08    8.18___16:58:8  154     73    81    2.05    ---   8     
6.23    8.18___16:58:33 155     73    82    2.06    +++   9     
2.52    8.18___16:58:52 156     73    83    2.07    +++   10    
1.15    8.18___16:59:5  157     74    83    2.06    ---   9     
3.81    8.18___16:59:26 158     74    84    2.07    +++   10    
2.05    8.18___16:59:43 159     74    85    2.06    +++   11    
