23.31   8.18___12:0:19  1       0     1     2.01    +++   1     
6.84    8.18___12:0:45  2       0     2     2.02    +++   2     
2.4     8.18___12:1:3   3       0     3     2.02    +++   3     
1.87    8.18___12:1:19  4       1     3     2.02    ---   2     
1.54    8.18___12:1:34  5       2     3     2.01    ---   1     
1.66    8.18___12:1:50  6       3     3     2       ---   0     
1.24    8.18___12:2:4   7       4     3     2       ---   -1    
4.28    8.18___12:2:26  8       4     4     2       +++   0     
2.07    8.18___12:2:43  9       4     5     2.01    +++   1     
7.48    8.18___12:3:10  10      4     6     2.02    +++   2     
1.23    8.18___12:3:23  11      5     6     2.01    ---   1     
2.54    8.18___12:3:42  12      5     7     2.02    +++   2     
4.63    8.18___12:4:4   13      5     8     2.02    +++   3     
6.73    8.18___12:4:30  14      5     9     2.02    +++   4     
1.25    8.18___12:4:43  15      6     9     2.02    ---   3     
5.6     8.18___12:5:8   16      6     10    2.02    +++   4     
21.9    8.18___12:5:47  17      6     11    2.03    +++   5     
14.69   8.18___12:6:21  18      6     12    2.04    +++   6     
13.36   8.18___12:6:54  19      6     13    2.04    +++   7     
1.22    8.18___12:7:7   20      7     13    2.04    ---   6     
2.32    8.18___12:7:25  21      7     14    2.04    +++   7     
4.54    8.18___12:7:48  22      7     15    2.04    +++   8     
2.39    8.18___12:8:6   23      7     16    2.05    +++   9     
1.3     8.18___12:8:20  24      8     16    2.04    ---   8     
1.97    8.18___12:8:36  25      9     16    2.04    ---   7     
17.61   8.18___12:9:13  26      9     17    2.04    +++   8     
1.13    8.18___12:9:26  27      10    17    2.04    ---   7     
1.67    8.18___12:9:41  28      11    17    2.04    ---   6     
2.18    8.18___12:9:59  29      11    18    2.04    +++   7     
1.12    8.18___12:10:11 30      12    18    2.04    ---   6     
1.28    8.18___12:10:25 31      13    18    2.03    ---   5     
1.81    8.18___12:10:42 32      14    18    2.02    ---   4     
1.31    8.18___12:10:56 33      15    18    2.02    ---   3     
1.9     8.18___12:11:12 34      16    18    2.02    ---   2     
4.84    8.18___12:11:35 35      16    19    2.02    +++   3     
1.5     8.18___12:11:50 36      17    19    2.02    ---   2     
1       8.18___12:12:1  37      18    19    2.01    ---   1     
1.1     8.18___12:12:13 38      19    19    2       ---   0     
1.18    8.18___12:12:27 39      20    19    2       ---   -1    
3.28    8.18___12:12:47 40      20    20    2       +++   0     
1.78    8.18___12:13:3  41      21    20    2       ---   -1    
1.72    8.18___12:13:19 42      22    20    1.99    ---   -2    
1.02    8.18___12:13:30 43      23    20    1.98    ---   -3    
1.54    8.18___12:13:45 44      24    20    1.97    ---   -4    
1.08    8.18___12:13:58 45      25    20    1.97    ---   -5    
7.33    8.18___12:14:24 46      25    21    1.97    +++   -4    
1.36    8.18___12:14:39 47      26    21    1.97    ---   -5    
1.28    8.18___12:14:52 48      27    21    1.97    ---   -6    
1       8.18___12:15:3  49      28    21    1.96    ---   -7    
2.77    8.18___12:15:22 50      28    22    1.97    +++   -6    
1.24    8.18___12:15:36 51      29    22    1.96    ---   -7    
3.98    8.18___12:15:57 52      29    23    1.97    +++   -6    
1.24    8.18___12:16:11 53      30    23    1.96    ---   -7    
1.18    8.18___12:16:24 54      31    23    1.96    ---   -8    
2.31    8.18___12:16:42 55      31    24    1.96    +++   -7    
1.86    8.18___12:16:58 56      32    24    1.96    ---   -8    
1       8.18___12:17:9  57      33    24    1.94    ---   -9    
1.32    8.18___12:17:23 58      34    24    1.93    ---   -10   
1.94    8.18___12:17:39 59      35    24    1.93    ---   -11   
5.64    8.18___12:18:4  60      35    25    1.94    +++   -10   
2.65    8.18___12:18:22 61      35    26    1.95    +++   -9    
2.87    8.18___12:18:41 62      35    27    1.96    +++   -8    
1.05    8.18___12:18:53 63      36    27    1.95    ---   -9    
3.27    8.18___12:19:13 64      36    28    1.96    +++   -8    
1.27    8.18___12:19:27 65      37    28    1.95    ---   -9    
2.87    8.18___12:19:47 66      37    29    1.96    +++   -8    
6.2     8.18___12:20:11 67      37    30    1.96    +++   -7    
12.77   8.18___12:20:44 68      37    31    1.97    +++   -6    
1.16    8.18___12:20:57 69      38    31    1.96    ---   -7    
1.75    8.18___12:21:13 70      39    31    1.96    ---   -8    
1       8.18___12:21:23 71      40    31    1.95    ---   -9    
1.65    8.18___12:21:39 72      41    31    1.94    ---   -10   
11.19   8.18___12:22:10 73      41    32    1.95    +++   -9    
1.57    8.18___12:22:25 74      42    32    1.94    ---   -10   
2.75    8.18___12:22:44 75      42    33    1.95    +++   -9    
3.99    8.18___12:23:5  76      42    34    1.96    +++   -8    
26.05   8.18___12:23:48 77      42    35    1.96    +++   -7    
1.62    8.18___12:24:3  78      43    35    1.96    ---   -8    
1.11    8.18___12:24:16 79      44    35    1.95    ---   -9    
1       8.18___12:24:26 80      45    35    1.94    ---   -10   
6.04    8.18___12:24:51 81      45    36    1.95    +++   -9    
1       8.18___12:25:2  82      46    36    1.94    ---   -10   
2.11    8.18___12:25:19 83      46    37    1.95    +++   -9    
1.09    8.18___12:25:31 84      47    37    1.94    ---   -10   
2.39    8.18___12:25:49 85      47    38    1.95    +++   -9    
3.55    8.18___12:26:10 86      47    39    1.96    +++   -8    
1.59    8.18___12:26:25 87      48    39    1.95    ---   -9    
6.83    8.18___12:26:51 88      48    40    1.96    +++   -8    
1.28    8.18___12:27:5  89      49    40    1.95    ---   -9    
13.45   8.18___12:27:38 90      49    41    1.96    +++   -8    
2.02    8.18___12:27:55 91      49    42    1.96    +++   -7    
3.96    8.18___12:28:16 92      49    43    1.97    +++   -6    
1.64    8.18___12:28:32 93      50    43    1.96    ---   -7    
7.89    8.18___12:28:59 94      50    44    1.97    +++   -6    
3.9     8.18___12:29:20 95      50    45    1.97    +++   -5    
1       8.18___12:29:31 96      51    45    1.97    ---   -6    
2.06    8.18___12:29:48 97      51    46    1.97    +++   -5    
1.12    8.18___12:30:1  98      52    46    1.97    ---   -6    
2.15    8.18___12:30:18 99      52    47    1.97    +++   -5    
1       8.18___12:30:28 100     53    47    1.97    ---   -6    
1.38    8.18___12:30:43 101     54    47    1.96    ---   -7    
1.97    8.18___12:31:0  102     55    47    1.97    ---   -8    
2.72    8.18___12:31:19 103     55    48    1.97    +++   -7    
2.83    8.18___12:31:38 104     55    49    1.97    +++   -6    
1.96    8.18___12:31:54 105     56    49    1.97    ---   -7    
1.97    8.18___12:32:11 106     57    49    1.97    ---   -8    
1.98    8.18___12:32:28 107     58    49    1.97    ---   -9    
7.21    8.18___12:32:54 108     58    50    1.97    +++   -8    
4.27    8.18___12:33:16 109     58    51    1.97    +++   -7    
4.96    8.18___12:33:39 110     58    52    1.97    +++   -6    
1       8.18___12:33:50 111     59    52    1.97    ---   -7    
27.96   8.18___12:34:33 112     59    53    1.97    +++   -6    
1.14    8.18___12:34:46 113     60    53    1.97    ---   -7    
3.72    8.18___12:35:7  114     60    54    1.97    +++   -6    
1.26    8.18___12:35:21 115     61    54    1.97    ---   -7    
1.42    8.18___12:35:36 116     62    54    1.97    ---   -8    
30.07   8.18___12:36:20 117     62    55    1.97    +++   -7    
1.98    8.18___12:36:37 118     63    55    1.97    ---   -8    
3.8     8.18___12:36:58 119     63    56    1.97    +++   -7    
2.52    8.18___12:37:16 120     63    57    1.98    +++   -6    
1.21    8.18___12:37:30 121     64    57    1.97    ---   -7    
20.75   8.18___12:38:9  122     64    58    1.98    +++   -6    
4.75    8.18___12:38:31 123     64    59    1.98    +++   -5    
1.32    8.18___12:38:45 124     65    59    1.98    ---   -6    
3.68    8.18___12:39:6  125     65    60    1.98    +++   -5    
1.84    8.18___12:39:23 126     66    60    1.98    ---   -6    
1.24    8.18___12:39:36 127     67    60    1.97    ---   -7    
6.24    8.18___12:40:1  128     67    61    1.98    +++   -6    
2.22    8.18___12:40:19 129     67    62    1.98    +++   -5    
2.03    8.18___12:40:36 130     67    63    1.98    +++   -4    
1       8.18___12:40:46 131     68    63    1.98    ---   -5    
4.83    8.18___12:41:9  132     68    64    1.98    +++   -4    
2.2     8.18___12:41:27 133     68    65    1.98    +++   -3    
1       8.18___12:41:37 134     69    65    1.98    ---   -4    
25.45   8.18___12:42:19 135     69    66    1.98    +++   -3    
2.19    8.18___12:42:37 136     69    67    1.99    +++   -2    
1.14    8.18___12:42:50 137     70    67    1.98    ---   -3    
2.36    8.18___12:43:7  138     70    68    1.99    +++   -2    
1.35    8.18___12:43:22 139     71    68    1.98    ---   -3    
1.66    8.18___12:43:37 140     72    68    1.98    ---   -4    
1       8.18___12:43:48 141     73    68    1.98    ---   -5    
2.24    8.18___12:44:6  142     73    69    1.98    +++   -4    
2.28    8.18___12:44:23 143     73    70    1.98    +++   -3    
1.41    8.18___12:44:38 144     74    70    1.98    ---   -4    
5.42    8.18___12:45:2  145     74    71    1.98    +++   -3    
1.08    8.18___12:45:14 146     75    71    1.98    ---   -4    
1.51    8.18___12:45:29 147     76    71    1.98    ---   -5    
18.25   8.18___12:46:6  148     76    72    1.98    +++   -4    
2.53    8.18___12:46:24 149     76    73    1.98    +++   -3    
1.05    8.18___12:46:36 150     77    73    1.98    ---   -4    
1.25    8.18___12:46:50 151     78    73    1.98    ---   -5    
1.2     8.18___12:47:3  152     79    73    1.98    ---   -6    
1.14    8.18___12:47:16 153     80    73    1.97    ---   -7    
2.2     8.18___12:47:34 154     80    74    1.98    +++   -6    
1.13    8.18___12:47:47 155     81    74    1.97    ---   -7    
3.16    8.18___12:48:6  156     81    75    1.98    +++   -6    
1.32    8.18___12:48:21 157     82    75    1.97    ---   -7    
4.43    8.18___12:48:43 158     82    76    1.98    +++   -6    
1.2     8.18___12:48:56 159     83    76    1.97    ---   -7    
1.21    8.18___12:49:10 160     84    76    1.97    ---   -8    
14.38   8.18___12:49:43 161     84    77    1.97    +++   -7    
1.79    8.18___12:49:59 162     85    77    1.97    ---   -8    
4.94    8.18___12:50:23 163     85    78    1.97    +++   -7    
1.21    8.18___12:50:36 164     86    78    1.97    ---   -8    
2.31    8.18___12:50:54 165     86    79    1.97    +++   -7    
1.82    8.18___12:51:10 166     87    79    1.97    ---   -8    
2       8.18___12:51:27 167     87    80    1.97    +++   -7    
1.28    8.18___12:51:41 168     88    80    1.97    ---   -8    
1.29    8.18___12:51:55 169     89    80    1.97    ---   -9    
1.03    8.18___12:52:6  170     90    80    1.97    ---   -10   
2.05    8.18___12:52:23 171     90    81    1.97    +++   -9    
1.96    8.18___12:52:40 172     91    81    1.97    ---   -10   
1.34    8.18___12:52:54 173     92    81    1.97    ---   -11   
4.5     8.18___12:53:17 174     92    82    1.97    +++   -10   
5.97    8.18___12:53:41 175     92    83    1.97    +++   -9    
1       8.18___12:53:52 176     93    83    1.97    ---   -10   
1.78    8.18___12:54:8  177     94    83    1.97    ---   -11   
1.05    8.18___12:54:20 178     95    83    1.97    ---   -12   
1.87    8.18___12:54:36 179     96    83    1.97    ---   -13   
1.92    8.18___12:54:53 180     97    83    1.97    ---   -14   
1.25    8.18___12:55:7  181     98    83    1.96    ---   -15   
2.2     8.18___12:55:24 182     98    84    1.97    +++   -14   
1.77    8.18___12:55:40 183     99    84    1.96    ---   -15   
16.89   8.18___12:56:16 184     99    85    1.97    +++   -14   
2.99    8.18___12:56:36 185     99    86    1.97    +++   -13   
1.77    8.18___12:56:52 186     100   86    1.97    ---   -14   
13.95   8.18___12:57:25 187     100   87    1.97    +++   -13   
1.19    8.18___12:57:38 188     101   87    1.97    ---   -14   
1.12    8.18___12:57:51 189     102   87    1.96    ---   -15   
1.77    8.18___12:58:7  190     103   87    1.96    ---   -16   
2.76    8.18___12:58:26 191     103   88    1.96    +++   -15   
2.15    8.18___12:58:43 192     103   89    1.97    +++   -14   
7.73    8.18___12:59:10 193     103   90    1.97    +++   -13   
3.25    8.18___12:59:30 194     103   91    1.97    +++   -12   
8.39    8.18___12:59:58 195     103   92    1.97    +++   -11   
