1.4     9.18___19:51:23 1       1     0     1.4     ---   -1    
22.39   9.18___19:52:3  2       1     1     11.89   +++   0     
4.25    9.18___19:52:25 3       1     2     4.25    +++   1     
2.42    9.18___19:52:43 4       1     3     3.33    +++   2     
4.1     9.18___19:53:5  5       1     4     4.09    +++   3     
4.41    9.18___19:53:27 6       1     5     4.17    +++   4     
1.19    9.18___19:53:41 7       2     5     4.09    ---   3     
1.08    9.18___19:53:53 8       3     5     3.26    ---   2     
3.53    9.18___19:54:14 9       3     6     3.53    +++   3     
1.04    9.18___19:54:25 10      4     6     2.97    ---   2     
7.62    9.18___19:54:52 11      4     7     3.53    +++   3     
2.02    9.18___19:55:9  12      4     8     2.97    +++   4     
1.1     9.18___19:55:22 13      5     8     2.42    ---   3     
1.25    9.18___19:55:36 14      6     8     2.21    ---   2     
1.7     9.18___19:55:51 15      7     8     2.02    ---   1     
1.23    9.18___19:56:5  16      8     8     1.86    ---   0     
1.42    9.18___19:56:20 17      9     8     1.7     ---   -1    
1.4     9.18___19:56:34 18      10    8     1.56    ---   -2    
2.81    9.18___19:56:54 19      10    9     1.7     +++   -1    
11      9.18___19:57:24 20      10    10    1.86    +++   0     
1.68    9.18___19:57:40 21      11    10    1.7     ---   -1    
1.42    9.18___19:57:55 22      12    10    1.69    ---   -2    
10.23   9.18___19:58:24 23      12    11    1.7     +++   -1    
1.51    9.18___19:58:39 24      13    11    1.69    ---   -2    
2.84    9.18___19:58:59 25      13    12    1.7     +++   -1    
1       9.18___19:59:9  26      14    12    1.69    ---   -2    
1.59    9.18___19:59:25 27      15    12    1.68    ---   -3    
1.13    9.18___19:59:38 28      16    12    1.63    ---   -4    
1.3     9.18___19:59:52 29      17    12    1.59    ---   -5    
