1.04    9.18___20:0:3   1       1     0     1.55    ---   -1    
1.11    9.18___20:0:16  2       2     0     1.51    ---   -2    
1.53    9.18___20:0:31  3       3     0     1.52    ---   -3    
1.27    9.18___20:0:45  4       4     0     1.51    ---   -4    
6.44    9.18___20:1:11  5       4     1     1.52    +++   -3    
1.91    9.18___20:1:28  6       5     1     1.53    ---   -4    
1.12    9.18___20:1:40  7       6     1     1.52    ---   -5    
1       9.18___20:1:51  8       7     1     1.51    ---   -6    
5.77    9.18___20:2:15  9       7     2     1.52    +++   -5    
1.33    9.18___20:2:29  10      8     2     1.51    ---   -6    
2.06    9.18___20:2:47  11      8     3     1.52    +++   -5    
3.94    9.18___20:3:8   12      8     4     1.53    +++   -4    
1.22    9.18___20:3:22  13      9     4     1.52    ---   -5    
5.49    9.18___20:3:45  14      9     5     1.53    +++   -4    
1.41    9.18___20:4:0   15      10    5     1.52    ---   -5    
1.62    9.18___20:4:17  16      11    5     1.53    ---   -6    
4.13    9.18___20:4:38  17      11    6     1.56    +++   -5    
1.28    9.18___20:4:52  18      12    6     1.53    ---   -6    
1       9.18___20:5:3   19      13    6     1.52    ---   -7    
1.15    9.18___20:5:16  20      14    6     1.51    ---   -8    
1.92    9.18___20:5:32  21      15    6     1.52    ---   -9    
1.87    9.18___20:5:49  22      16    6     1.53    ---   -10   
1.58    9.18___20:6:4   23      17    6     1.55    ---   -11   
3.91    9.18___20:6:26  24      17    7     1.58    +++   -10   
7.47    9.18___20:6:52  25      17    8     1.58    +++   -9    
2       9.18___20:7:9   26      17    9     1.59    +++   -8    
1.13    9.18___20:7:22  27      18    9     1.58    ---   -9    
9.14    9.18___20:7:50  28      18    10    1.59    +++   -8    
4.01    9.18___20:8:12  29      18    11    1.6     +++   -7    
1.31    9.18___20:8:26  30      19    11    1.59    ---   -8    
4.35    9.18___20:8:48  31      19    12    1.6     +++   -7    
1.02    9.18___20:9:0   32      20    12    1.59    ---   -8    
2.7     9.18___20:9:19  33      20    13    1.6     +++   -7    
7.16    9.18___20:9:45  34      20    14    1.62    +++   -6    
1.23    9.18___20:9:58  35      21    14    1.6     ---   -7    
1.38    9.18___20:10:13 36      22    14    1.59    ---   -8    
3.79    9.18___20:10:34 37      22    15    1.6     +++   -7    
11.28   9.18___20:11:5  38      22    16    1.62    +++   -6    
1.58    9.18___20:11:20 39      23    16    1.6     ---   -7    
23.31   9.18___20:12:1  40      23    17    1.62    +++   -6    
21.91   9.18___20:12:40 41      23    18    1.65    +++   -5    
1.82    9.18___20:12:56 42      24    18    1.68    ---   -6    
3.62    9.18___20:13:17 43      24    19    1.69    +++   -5    
1.29    9.18___20:13:31 44      25    19    1.68    ---   -6    
2.67    9.18___20:13:50 45      25    20    1.69    +++   -5    
1.95    9.18___20:14:7  46      26    20    1.7     ---   -6    
2.57    9.18___20:14:25 47      26    21    1.76    +++   -5    
1.18    9.18___20:14:38 48      27    21    1.7     ---   -6    
16.3    9.18___20:15:14 49      27    22    1.76    +++   -5    
2.03    9.18___20:15:31 50      27    23    1.82    +++   -4    
1.08    9.18___20:15:43 51      28    23    1.76    ---   -5    
5.27    9.18___20:16:7  52      28    24    1.82    +++   -4    
1.89    9.18___20:16:23 53      29    24    1.84    ---   -5    
1.71    9.18___20:16:39 54      30    24    1.82    ---   -6    
1.56    9.18___20:16:55 55      31    24    1.76    ---   -7    
4.46    9.18___20:17:17 56      31    25    1.82    +++   -6    
1.04    9.18___20:17:29 57      32    25    1.76    ---   -7    
1.15    9.18___20:17:42 58      33    25    1.71    ---   -8    
5.48    9.18___20:18:6  59      33    26    1.76    +++   -7    
1.65    9.18___20:18:21 60      34    26    1.71    ---   -8    
1.26    9.18___20:18:35 61      35    26    1.7     ---   -9    
2.74    9.18___20:18:54 62      35    27    1.71    +++   -8    
5.59    9.18___20:19:18 63      35    28    1.76    +++   -7    
3.05    9.18___20:19:38 64      35    29    1.82    +++   -6    
9       9.18___20:20:6  65      35    30    1.84    +++   -5    
1       9.18___20:20:17 66      36    30    1.82    ---   -6    
1.76    9.18___20:20:33 67      37    30    1.79    ---   -7    
1.38    9.18___20:20:48 68      38    30    1.76    ---   -8    
25.35   9.18___20:21:29 69      38    31    1.79    +++   -7    
1       9.18___20:21:40 70      39    31    1.76    ---   -8    
1.02    9.18___20:21:51 71      40    31    1.73    ---   -9    
1.1     9.18___20:22:4  72      41    31    1.71    ---   -10   
1.45    9.18___20:22:19 73      42    31    1.7     ---   -11   
1.49    9.18___20:22:34 74      43    31    1.7     ---   -12   
17.92   9.18___20:23:10 75      43    32    1.7     +++   -11   
2.48    9.18___20:23:29 76      43    33    1.71    +++   -10   
20.92   9.18___20:24:8  77      43    34    1.73    +++   -9    
3.02    9.18___20:24:27 78      43    35    1.76    +++   -8    
27.66   9.18___20:25:10 79      43    36    1.79    +++   -7    
1.17    9.18___20:25:24 80      44    36    1.76    ---   -8    
23.36   9.18___20:26:4  81      44    37    1.79    +++   -7    
10.77   9.18___20:26:34 82      44    38    1.82    +++   -6    
1.03    9.18___20:26:46 83      45    38    1.79    ---   -7    
7.06    9.18___20:27:12 84      45    39    1.82    +++   -6    
1.53    9.18___20:27:27 85      46    39    1.79    ---   -7    
5.41    9.18___20:27:51 86      46    40    1.82    +++   -6    
2.9     9.18___20:28:11 87      46    41    1.84    +++   -5    
1.6     9.18___20:28:26 88      47    41    1.82    ---   -6    
1       9.18___20:28:37 89      48    41    1.79    ---   -7    
9.18    9.18___20:29:5  90      48    42    1.82    +++   -6    
1.05    9.18___20:29:17 91      49    42    1.79    ---   -7    
20.64   9.18___20:29:56 92      49    43    1.82    +++   -6    
1.56    9.18___20:30:11 93      50    43    1.79    ---   -7    
1.18    9.18___20:30:25 94      51    43    1.76    ---   -8    
2.52    9.18___20:30:43 95      51    44    1.79    +++   -7    
10.2    9.18___20:31:13 96      51    45    1.82    +++   -6    
1.81    9.18___20:31:29 97      52    45    1.81    ---   -7    
2.57    9.18___20:31:47 98      52    46    1.82    +++   -6    
19.77   9.18___20:32:25 99      52    47    1.84    +++   -5    
1.01    9.18___20:32:37 100     53    47    1.82    ---   -6    
1.65    9.18___20:32:52 101     54    47    1.81    ---   -7    
1.84    9.18___20:33:9  102     55    47    1.82    ---   -8    
1.01    9.18___20:33:20 103     56    47    1.81    ---   -9    
1.71    9.18___20:33:36 104     57    47    1.81    ---   -10   
1.08    9.18___20:33:48 105     58    47    1.78    ---   -11   
1.35    9.18___20:34:3  106     59    47    1.76    ---   -12   
1.78    9.18___20:34:19 107     60    47    1.77    ---   -13   
1       9.18___20:34:29 108     61    47    1.76    ---   -14   
4.2     9.18___20:34:51 109     61    48    1.77    +++   -13   
1.68    9.18___20:35:7  110     62    48    1.76    ---   -14   
2.35    9.18___20:35:25 111     62    49    1.77    +++   -13   
8.82    9.18___20:35:53 112     62    50    1.78    +++   -12   
1.52    9.18___20:36:8  113     63    50    1.77    ---   -13   
7.37    9.18___20:36:35 114     63    51    1.78    +++   -12   
10.43   9.18___20:37:5  115     63    52    1.79    +++   -11   
3.85    9.18___20:37:26 116     63    53    1.81    +++   -10   
1.95    9.18___20:37:43 117     64    53    1.81    ---   -11   
1.67    9.18___20:37:59 118     65    53    1.81    ---   -12   
1.79    9.18___20:38:15 119     66    53    1.8     ---   -13   
1.1     9.18___20:38:28 120     67    53    1.79    ---   -14   
1.51    9.18___20:38:43 121     68    53    1.78    ---   -15   
2.7     9.18___20:39:1  122     68    54    1.79    +++   -14   
3.59    9.18___20:39:22 123     68    55    1.8     +++   -13   
10.31   9.18___20:39:52 124     68    56    1.81    +++   -12   
2.51    9.18___20:40:10 125     68    57    1.81    +++   -11   
1.75    9.18___20:40:26 126     69    57    1.81    ---   -12   
8.81    9.18___20:40:55 127     69    58    1.81    +++   -11   
1.13    9.18___20:41:7  128     70    58    1.81    ---   -12   
1.17    9.18___20:41:21 129     71    58    1.8     ---   -13   
4.42    9.18___20:41:43 130     71    59    1.81    +++   -12   
1.63    9.18___20:41:59 131     72    59    1.8     ---   -13   
1.01    9.18___20:42:10 132     73    59    1.79    ---   -14   
24.29   9.18___20:42:51 133     73    60    1.8     +++   -13   
5.7     9.18___20:43:15 134     73    61    1.81    +++   -12   
25.48   9.18___20:43:57 135     73    62    1.81    +++   -11   
2.93    9.18___20:44:16 136     73    63    1.82    +++   -10   
2.54    9.18___20:44:35 137     73    64    1.83    +++   -9    
2.41    9.18___20:44:53 138     73    65    1.84    +++   -8    
1.27    9.18___20:45:7  139     74    65    1.83    ---   -9    
1.35    9.18___20:45:21 140     75    65    1.82    ---   -10   
2.04    9.18___20:45:38 141     75    66    1.83    +++   -9    
4.48    9.18___20:46:1  142     75    67    1.84    +++   -8    
1.46    9.18___20:46:15 143     76    67    1.83    ---   -9    
2.07    9.18___20:46:33 144     76    68    1.84    +++   -8    
3.67    9.18___20:46:54 145     76    69    1.85    +++   -7    
1.14    9.18___20:47:7  146     77    69    1.84    ---   -8    
2.89    9.18___20:47:26 147     77    70    1.85    +++   -7    
3.97    9.18___20:47:48 148     77    71    1.87    +++   -6    
1.78    9.18___20:48:4  149     78    71    1.85    ---   -7    
8.67    9.18___20:48:32 150     78    72    1.87    +++   -6    
1       9.18___20:48:43 151     79    72    1.85    ---   -7    
22.31   9.18___20:49:22 152     79    73    1.87    +++   -6    
4.52    9.18___20:49:45 153     79    74    1.88    +++   -5    
3.17    9.18___20:50:5  154     79    75    1.89    +++   -4    
3.34    9.18___20:50:25 155     79    76    1.9     +++   -3    
1.81    9.18___20:50:41 156     80    76    1.89    ---   -4    
1.06    9.18___20:50:53 157     81    76    1.88    ---   -5    
1.51    9.18___20:51:8  158     82    76    1.87    ---   -6    
1.04    9.18___20:51:20 159     83    76    1.85    ---   -7    
6.46    9.18___20:51:46 160     83    77    1.87    +++   -6    
