1.87    8.18___9:3:41   1       1     0     1.87    ---   -1    
3.12    8.18___9:4:1    2       1     1     2.49    +++   0     
1.17    8.18___9:4:14   3       2     1     1.87    ---   -1    
7.12    8.18___9:4:40   4       2     2     2.49    +++   0     
2.11    8.18___9:4:57   5       2     3     2.11    +++   1     
1.1     8.18___9:5:10   6       3     3     1.99    ---   0     
1.03    8.18___9:5:21   7       4     3     1.87    ---   -1    
1       8.18___9:5:32   8       5     3     1.52    ---   -2    
3.38    8.18___9:5:52   9       5     4     1.87    +++   -1    
1.5     8.18___9:6:7    10      6     4     1.68    ---   -2    
1.75    8.18___9:6:23   11      7     4     1.75    ---   -3    
7.31    8.18___9:6:50   12      7     5     1.81    +++   -2    
25.66   8.18___9:7:32   13      7     6     1.87    +++   -1    
7.34    8.18___9:7:58   14      7     7     1.99    +++   0     
5.84    8.18___9:8:23   15      7     8     2.11    +++   1     
1.24    8.18___9:8:36   16      8     8     1.99    ---   0     
6.12    8.18___9:9:1    17      8     9     2.11    +++   1     
30.07   8.18___9:9:46   18      8     10    2.61    +++   2     
1.18    8.18___9:9:59   19      9     10    2.11    ---   1     
3.04    8.18___9:10:18  20      9     11    2.57    +++   2     
1.16    8.18___9:10:32  21      10    11    2.11    ---   1     
5.2     8.18___9:10:55  22      10    12    2.57    +++   2     
1.74    8.18___9:11:11  23      11    12    2.11    ---   1     
1.39    8.18___9:11:26  24      12    12    1.99    ---   0     
1.16    8.18___9:11:39  25      13    12    1.87    ---   -1    
1.23    8.18___9:11:52  26      14    12    1.81    ---   -2    
34.98   8.18___9:12:40  27      14    13    1.87    +++   -1    
15.93   8.18___9:13:15  28      14    14    1.99    +++   0     
3.71    8.18___9:13:35  29      14    15    2.11    +++   1     
1.04    8.18___9:13:47  30      15    15    1.99    ---   0     
1.36    8.18___9:14:2   31      16    15    1.87    ---   -1    
1.32    8.18___9:14:16  32      17    15    1.81    ---   -2    
23.38   8.18___9:14:56  33      17    16    1.87    +++   -1    
1.14    8.18___9:15:9   34      18    16    1.81    ---   -2    
1.83    8.18___9:15:25  35      19    16    1.83    ---   -3    
3.11    8.18___9:15:45  36      19    17    1.85    +++   -2    
1.01    8.18___9:15:56  37      20    17    1.83    ---   -3    
2.44    8.18___9:16:14  38      20    18    1.85    +++   -2    
1.75    8.18___9:16:30  39      21    18    1.83    ---   -3    
2.75    8.18___9:16:49  40      21    19    1.85    +++   -2    
1.31    8.18___9:17:3   41      22    19    1.83    ---   -3    
1.65    8.18___9:17:19  42      23    19    1.79    ---   -4    
1       8.18___9:17:30  43      24    19    1.75    ---   -5    
2.16    8.18___9:17:47  44      24    20    1.79    +++   -4    
3.96    8.18___9:18:9   45      24    21    1.83    +++   -3    
11.5    8.18___9:18:40  46      24    22    1.85    +++   -2    
1.16    8.18___9:18:53  47      25    22    1.83    ---   -3    
1.39    8.18___9:19:7   48      26    22    1.79    ---   -4    
4.34    8.18___9:19:29  49      26    23    1.83    +++   -3    
3.7     8.18___9:19:50  50      26    24    1.85    +++   -2    
5.47    8.18___9:20:14  51      26    25    1.87    +++   -1    
1.65    8.18___9:20:30  52      27    25    1.85    ---   -2    
2.47    8.18___9:20:48  53      27    26    1.87    +++   -1    
1.53    8.18___9:21:3   54      28    26    1.85    ---   -2    
7.91    8.18___9:21:30  55      28    27    1.87    +++   -1    
1.14    8.18___9:21:43  56      29    27    1.85    ---   -2    
1.58    8.18___9:21:59  57      30    27    1.83    ---   -3    
2.44    8.18___9:22:17  58      30    28    1.85    +++   -2    
1.32    8.18___9:22:31  59      31    28    1.83    ---   -3    
28.79   8.18___9:23:15  60      31    29    1.85    +++   -2    
1.28    8.18___9:23:29  61      32    29    1.83    ---   -3    
1.22    8.18___9:23:42  62      33    29    1.79    ---   -4    
1.42    8.18___9:23:57  63      34    29    1.75    ---   -5    
1.74    8.18___9:24:13  64      35    29    1.75    ---   -6    
1.34    8.18___9:24:27  65      36    29    1.75    ---   -7    
2.28    8.18___9:24:45  66      36    30    1.75    +++   -6    
6.29    8.18___9:25:10  67      36    31    1.75    +++   -5    
3.04    8.18___9:25:29  68      36    32    1.79    +++   -4    
10.8    8.18___9:26:0   69      36    33    1.83    +++   -3    
1.6     8.18___9:26:15  70      37    33    1.79    ---   -4    
23.41   8.18___9:26:56  71      37    34    1.83    +++   -3    
1.37    8.18___9:27:10  72      38    34    1.79    ---   -4    
3.65    8.18___9:27:31  73      38    35    1.83    +++   -3    
2.88    8.18___9:27:50  74      38    36    1.85    +++   -2    
1       8.18___9:28:1   75      39    36    1.83    ---   -3    
1.32    8.18___9:28:15  76      40    36    1.79    ---   -4    
1.7     8.18___9:28:31  77      41    36    1.75    ---   -5    
33.19   8.18___9:29:17  78      41    37    1.79    +++   -4    
1.16    8.18___9:29:30  79      42    37    1.75    ---   -5    
4.53    8.18___9:29:53  80      42    38    1.79    +++   -4    
6.09    8.18___9:30:17  81      42    39    1.83    +++   -3    
22.21   8.18___9:30:57  82      42    40    1.85    +++   -2    
2.89    8.18___9:31:16  83      42    41    1.87    +++   -1    
1.41    8.18___9:31:31  84      43    41    1.85    ---   -2    
1.37    8.18___9:31:45  85      44    41    1.83    ---   -3    
1       8.18___9:31:56  86      45    41    1.79    ---   -4    
1.34    8.18___9:32:10  87      46    41    1.75    ---   -5    
1.55    8.18___9:32:26  88      47    41    1.75    ---   -6    
1.9     8.18___9:32:42  89      48    41    1.75    ---   -7    
2.42    8.18___9:33:0   90      48    42    1.79    +++   -6    
2.83    8.18___9:33:19  91      48    43    1.83    +++   -5    
3.09    8.18___9:33:40  92      48    44    1.85    +++   -4    
1.21    8.18___9:33:52  93      49    44    1.83    ---   -5    
1.32    8.18___9:34:7   94      50    44    1.79    ---   -6    
5.1     8.18___9:34:30  95      50    45    1.83    +++   -5    
5.94    8.18___9:34:55  96      50    46    1.85    +++   -4    
1.49    8.18___9:35:9   97      51    46    1.83    ---   -5    
1.4     8.18___9:35:24  98      52    46    1.79    ---   -6    
1.71    8.18___9:35:40  99      53    46    1.75    ---   -7    
1.02    8.18___9:35:51  100     54    46    1.75    ---   -8    
1.67    8.18___9:36:7   101     55    46    1.75    ---   -9    
9.78    8.18___9:36:36  102     55    47    1.75    +++   -8    
3.53    8.18___9:36:57  103     55    48    1.75    +++   -7    
1.14    8.18___9:37:10  104     56    48    1.75    ---   -8    
30.18   8.18___9:37:55  105     56    49    1.75    +++   -7    
5.99    8.18___9:38:19  106     56    50    1.79    +++   -6    
1.59    8.18___9:38:35  107     57    50    1.75    ---   -7    
2.15    8.18___9:38:52  108     57    51    1.79    +++   -6    
1.15    8.18___9:39:5   109     58    51    1.75    ---   -7    
1.26    8.18___9:39:19  110     59    51    1.75    ---   -8    
27.72   8.18___9:40:2   111     59    52    1.75    +++   -7    
7       8.18___9:40:28  112     59    53    1.79    +++   -6    
3.09    8.18___9:40:48  113     59    54    1.83    +++   -5    
1.07    8.18___9:41:0   114     60    54    1.79    ---   -6    
2.29    8.18___9:41:18  115     60    55    1.83    +++   -5    
2.14    8.18___9:41:35  116     60    56    1.85    +++   -4    
7       8.18___9:42:1   117     60    57    1.87    +++   -3    
3.39    8.18___9:42:21  118     60    58    1.88    +++   -2    
10.53   8.18___9:42:51  119     60    59    1.9     +++   -1    
1.48    8.18___9:43:6   120     61    59    1.88    ---   -2    
4.2     8.18___9:43:28  121     61    60    1.9     +++   -1    
1.92    8.18___9:43:45  122     62    60    1.91    ---   -2    
1.31    8.18___9:43:59  123     63    60    1.9     ---   -3    
5.5     8.18___9:44:23  124     63    61    1.91    +++   -2    
2.41    8.18___9:44:41  125     63    62    1.92    +++   -1    
6.35    8.18___9:45:6   126     63    63    2.01    +++   0     
3.77    8.18___9:45:27  127     63    64    2.11    +++   1     
11.3    8.18___9:45:58  128     63    65    2.12    +++   2     
8.84    8.18___9:46:26  129     63    66    2.14    +++   3     
1.59    8.18___9:46:42  130     64    66    2.12    ---   2     
1.12    8.18___9:46:54  131     65    66    2.11    ---   1     
10.44   8.18___9:47:24  132     65    67    2.12    +++   2     
1.05    8.18___9:47:36  133     66    67    2.11    ---   1     
1.8     8.18___9:47:53  134     67    67    2.01    ---   0     
1.67    8.18___9:48:8   135     68    67    1.92    ---   -1    
1.28    8.18___9:48:23  136     69    67    1.91    ---   -2    
2.76    8.18___9:48:41  137     69    68    1.92    +++   -1    
8.54    8.18___9:49:9   138     69    69    2.01    +++   0     
1.35    8.18___9:49:23  139     70    69    1.92    ---   -1    
1.13    8.18___9:49:36  140     71    69    1.91    ---   -2    
1.11    8.18___9:49:49  141     72    69    1.9     ---   -3    
1.6     8.18___9:50:4   142     73    69    1.88    ---   -4    
2.36    8.18___9:50:22  143     73    70    1.9     +++   -3    
1.18    8.18___9:50:36  144     74    70    1.88    ---   -4    
1.57    8.18___9:50:51  145     75    70    1.87    ---   -5    
9.78    8.18___9:51:20  146     75    71    1.88    +++   -4    
2.25    8.18___9:51:38  147     75    72    1.9     +++   -3    
27.86   8.18___9:52:21  148     75    73    1.91    +++   -2    
1.14    8.18___9:52:34  149     76    73    1.9     ---   -3    
8.37    8.18___9:53:2   150     76    74    1.91    +++   -2    
1.75    8.18___9:53:18  151     77    74    1.9     ---   -3    
1       8.18___9:53:28  152     78    74    1.88    ---   -4    
1.56    8.18___9:53:44  153     79    74    1.87    ---   -5    
2.65    8.18___9:54:2   154     79    75    1.88    +++   -4    
7.65    8.18___9:54:29  155     79    76    1.9     +++   -3    
1.01    8.18___9:54:40  156     80    76    1.88    ---   -4    
1.45    8.18___9:54:55  157     81    76    1.87    ---   -5    
1.93    8.18___9:56:39  158     82    76    1.88    ---   -6    
3.67    8.18___9:56:59  159     82    77    1.9     +++   -5    
2.22    8.18___9:57:17  160     82    78    1.91    +++   -4    
2.31    8.18___9:57:34  161     82    79    1.92    +++   -3    
3.74    8.18___9:57:55  162     82    80    1.92    +++   -2    
1       8.18___9:58:6   163     83    80    1.92    ---   -3    
20.53   8.18___9:58:45  164     83    81    1.92    +++   -2    
6.01    8.18___9:59:9   165     83    82    1.93    +++   -1    
21.4    8.18___9:59:48  166     83    83    2.02    +++   0     
