1.52    8.19___11:0:1   1       1     0     1.88    ---   -1    
23.08   8.19___11:0:41  2       1     1     1.89    +++   0     
3.65    8.19___11:1:2   3       1     2     1.89    +++   1     
1.62    8.19___11:1:17  4       2     2     1.89    ---   0     
3.8     8.19___11:1:38  5       2     3     1.89    +++   1     
9.72    8.19___11:2:8   6       2     4     1.9     +++   2     
1.48    8.19___11:2:23  7       3     4     1.89    ---   1     
3.96    8.19___11:2:44  8       3     5     1.9     +++   2     
10.87   8.19___11:3:15  9       3     6     1.91    +++   3     
2.48    8.19___11:3:33  10      3     7     1.92    +++   4     
1.17    8.19___11:3:46  11      4     7     1.91    ---   3     
1.56    8.19___11:4:1   12      5     7     1.9     ---   2     
1.36    8.19___11:4:16  13      6     7     1.89    ---   1     
2.94    8.19___11:4:35  14      6     8     1.9     +++   2     
10.08   8.19___11:5:4   15      6     9     1.91    +++   3     
1.03    8.19___11:5:16  16      7     9     1.9     ---   2     
1.02    8.19___11:5:28  17      8     9     1.89    ---   1     
3.51    8.19___11:5:48  18      8     10    1.9     +++   2     
1.47    8.19___11:6:3   19      9     10    1.89    ---   1     
11.13   8.19___11:6:34  20      9     11    1.9     +++   2     
4.04    8.19___11:6:55  21      9     12    1.91    +++   3     
33.29   8.19___11:7:42  22      9     13    1.92    +++   4     
1.28    8.19___11:7:56  23      10    13    1.91    ---   3     
4.23    8.19___11:8:18  24      10    14    1.92    +++   4     
20.18   8.19___11:8:56  25      10    15    1.92    +++   5     
20.67   8.19___11:9:34  26      10    16    1.93    +++   6     
6.87    8.19___11:10:0  27      10    17    1.94    +++   7     
4.7     8.19___11:10:23 28      10    18    1.95    +++   8     
23.03   8.19___11:11:3  29      10    19    1.95    +++   9     
1.16    8.19___11:11:16 30      11    19    1.95    ---   8     
1.16    8.19___11:11:29 31      12    19    1.94    ---   7     
8.88    8.19___11:11:58 32      12    20    1.95    +++   8     
13.36   8.19___11:12:30 33      12    21    1.95    +++   9     
2.39    8.19___11:12:48 34      12    22    1.96    +++   10    
1.46    8.19___11:13:3  35      13    22    1.95    ---   9     
1.11    8.19___11:13:16 36      14    22    1.95    ---   8     
1.68    8.19___11:13:32 37      15    22    1.94    ---   7     
2.61    8.19___11:13:50 38      15    23    1.95    +++   8     
2.44    8.19___11:14:8  39      15    24    1.95    +++   9     
1.71    8.19___11:14:24 40      16    24    1.95    ---   8     
20.32   8.19___11:15:3  41      16    25    1.95    +++   9     
1.39    8.19___11:15:17 42      17    25    1.95    ---   8     
2.32    8.19___11:15:35 43      17    26    1.95    +++   9     
9.92    8.19___11:16:4  44      17    27    1.96    +++   10    
1.96    8.19___11:16:21 45      18    27    1.96    ---   9     
1.13    8.19___11:16:34 46      19    27    1.96    ---   8     
2.24    8.19___11:16:52 47      19    28    1.96    +++   9     
4       8.19___11:17:13 48      19    29    1.96    +++   10    
4.56    8.19___11:17:36 49      19    30    1.96    +++   11    
1.33    8.19___11:17:50 50      20    30    1.96    ---   10    
2.06    8.19___11:18:7  51      20    31    1.96    +++   11    
1.38    8.19___11:18:21 52      21    31    1.96    ---   10    
1.32    8.19___11:18:35 53      22    31    1.96    ---   9     
1.25    8.19___11:18:49 54      23    31    1.96    ---   8     
4.79    8.19___11:19:12 55      23    32    1.96    +++   9     
1.18    8.19___11:19:25 56      24    32    1.96    ---   8     
1.27    8.19___11:19:39 57      25    32    1.95    ---   7     
1.08    8.19___11:19:51 58      26    32    1.95    ---   6     
1.11    8.19___11:20:4  59      27    32    1.94    ---   5     
1.4     8.19___11:20:19 60      28    32    1.93    ---   4     
7.16    8.19___11:20:45 61      28    33    1.94    +++   5     
1.46    8.19___11:21:0  62      29    33    1.93    ---   4     
1.64    8.19___11:21:15 63      30    33    1.92    ---   3     
3.03    8.19___11:21:35 64      30    34    1.93    +++   4     
2.98    8.19___11:21:54 65      30    35    1.94    +++   5     
4.15    8.19___11:22:16 66      30    36    1.95    +++   6     
2.58    8.19___11:22:35 67      30    37    1.95    +++   7     
1       8.19___11:22:45 68      31    37    1.95    ---   6     
1.07    8.19___11:22:57 69      32    37    1.94    ---   5     
1.15    8.19___11:23:10 70      33    37    1.93    ---   4     
3.04    8.19___11:23:30 71      33    38    1.94    +++   5     
1.09    8.19___11:23:42 72      34    38    1.93    ---   4     
1.49    8.19___11:23:57 73      35    38    1.92    ---   3     
3.65    8.19___11:24:18 74      35    39    1.93    +++   4     
1.1     8.19___11:24:31 75      36    39    1.92    ---   3     
2.08    8.19___11:24:48 76      36    40    1.93    +++   4     
3.41    8.19___11:25:8  77      36    41    1.94    +++   5     
1.24    8.19___11:25:22 78      37    41    1.93    ---   4     
4.14    8.19___11:25:44 79      37    42    1.94    +++   5     
1.04    8.19___11:25:56 80      38    42    1.93    ---   4     
1.02    8.19___11:26:7  81      39    42    1.92    ---   3     
1.57    8.19___11:26:22 82      40    42    1.92    ---   2     
1.9     8.19___11:26:39 83      41    42    1.91    ---   1     
1.6     8.19___11:26:54 84      42    42    1.9     ---   0     
1.6     8.19___11:27:10 85      43    42    1.9     ---   -1    
3.48    8.19___11:27:30 86      43    43    1.9     +++   0     
1.69    8.19___11:27:46 87      44    43    1.9     ---   -1    
4.66    8.19___11:28:9  88      44    44    1.9     +++   0     
4.25    8.19___11:28:31 89      44    45    1.91    +++   1     
5.66    8.19___11:28:55 90      44    46    1.92    +++   2     
1.85    8.19___11:29:11 91      45    46    1.91    ---   1     
11.02   8.19___11:29:42 92      45    47    1.92    +++   2     
1.82    8.19___11:29:58 93      46    47    1.91    ---   1     
1.6     8.19___11:30:13 94      47    47    1.9     ---   0     
11.42   8.19___11:30:44 95      47    48    1.91    +++   1     
2.3     8.19___11:31:2  96      47    49    1.92    +++   2     
1.47    8.19___11:31:17 97      48    49    1.91    ---   1     
1.08    8.19___11:31:29 98      49    49    1.9     ---   0     
1.88    8.19___11:31:46 99      50    49    1.9     ---   -1    
1.15    8.19___11:31:59 100     51    49    1.9     ---   -2    
1.25    8.19___11:32:13 101     52    49    1.89    ---   -3    
8.4     8.19___11:32:40 102     52    50    1.9     +++   -2    
2.44    8.19___11:32:58 103     52    51    1.9     +++   -1    
2.6     8.19___11:33:17 104     52    52    1.9     +++   0     
2.91    8.19___11:33:36 105     52    53    1.91    +++   1     
3.4     8.19___11:33:57 106     52    54    1.92    +++   2     
9.22    8.19___11:34:25 107     52    55    1.92    +++   3     
1.87    8.19___11:34:42 108     53    55    1.92    ---   2     
2.37    8.19___11:35:0  109     53    56    1.92    +++   3     
20.04   8.19___11:35:38 110     53    57    1.93    +++   4     
1.13    8.19___11:35:51 111     54    57    1.92    ---   3     
2.11    8.19___11:36:8  112     54    58    1.93    +++   4     
1.15    8.19___11:36:21 113     55    58    1.92    ---   3     
1.9     8.19___11:36:37 114     56    58    1.92    ---   2     
5.01    8.19___11:37:1  115     56    59    1.92    +++   3     
1.23    8.19___11:37:14 116     57    59    1.92    ---   2     
3.19    8.19___11:37:34 117     57    60    1.92    +++   3     
1.26    8.19___11:37:48 118     58    60    1.92    ---   2     
6.72    8.19___11:38:14 119     58    61    1.92    +++   3     
1.29    8.19___11:38:28 120     59    61    1.92    ---   2     
1.97    8.19___11:38:44 121     60    61    1.92    ---   1     
2.06    8.19___11:39:1  122     60    62    1.93    +++   2     
2.68    8.19___11:39:20 123     60    63    1.94    +++   3     
1.84    8.19___11:39:37 124     61    63    1.93    ---   2     
1.26    8.19___11:39:50 125     62    63    1.92    ---   1     
2.47    8.19___11:40:9  126     62    64    1.93    +++   2     
1.35    8.19___11:40:23 127     63    64    1.92    ---   1     
3.44    8.19___11:40:43 128     63    65    1.93    +++   2     
2.42    8.19___11:41:1  129     63    66    1.94    +++   3     
20.83   8.19___11:41:40 130     63    67    1.95    +++   4     
1.2     8.19___11:41:53 131     64    67    1.94    ---   3     
15.81   8.19___11:42:28 132     64    68    1.95    +++   4     
5.67    8.19___11:42:52 133     64    69    1.95    +++   5     
1.53    8.19___11:43:8  134     65    69    1.95    ---   4     
1.48    8.19___11:43:23 135     66    69    1.94    ---   3     
8.32    8.19___11:43:50 136     66    70    1.95    +++   4     
3.05    8.19___11:44:10 137     66    71    1.95    +++   5     
1.03    8.19___11:44:21 138     67    71    1.95    ---   4     
1       8.19___11:44:32 139     68    71    1.94    ---   3     
4.86    8.19___11:44:55 140     68    72    1.95    +++   4     
1.21    8.19___11:45:8  141     69    72    1.94    ---   3     
1.73    8.19___11:45:24 142     70    72    1.93    ---   2     
1.59    8.19___11:45:40 143     71    72    1.92    ---   1     
1.32    8.19___11:45:54 144     72    72    1.92    ---   0     
2.75    8.19___11:46:13 145     72    73    1.92    +++   1     
2.12    8.19___11:46:30 146     72    74    1.93    +++   2     
2.42    8.19___11:46:48 147     72    75    1.94    +++   3     
5.52    8.19___11:47:12 148     72    76    1.95    +++   4     
1.04    8.19___11:47:24 149     73    76    1.94    ---   3     
1.09    8.19___11:47:36 150     74    76    1.93    ---   2     
1.16    8.19___11:47:50 151     75    76    1.92    ---   1     
4.86    8.19___11:48:12 152     75    77    1.93    +++   2     
1.14    8.19___11:48:25 153     76    77    1.92    ---   1     
1.22    8.19___11:48:39 154     77    77    1.92    ---   0     
1.42    8.19___11:48:54 155     78    77    1.91    ---   -1    
1.27    8.19___11:49:7  156     79    77    1.9     ---   -2    
2.24    8.19___11:49:25 157     79    78    1.91    +++   -1    
20.16   8.19___11:50:3  158     79    79    1.92    +++   0     
1.01    8.19___11:50:14 159     80    79    1.91    ---   -1    
2.36    8.19___11:50:32 160     80    80    1.92    +++   0     
1.61    8.19___11:50:48 161     81    80    1.91    ---   -1    
1.24    8.19___11:51:1  162     82    80    1.9     ---   -2    
1.06    8.19___11:51:14 163     83    80    1.9     ---   -3    
6.97    8.19___11:51:40 164     83    81    1.9     +++   -2    
1       8.19___11:51:50 165     84    81    1.9     ---   -3    
4.16    8.19___11:52:12 166     84    82    1.9     +++   -2    
21.22   8.19___11:52:51 167     84    83    1.91    +++   -1    
10.54   8.19___11:53:21 168     84    84    1.92    +++   0     
1.98    8.19___11:53:38 169     85    84    1.92    ---   -1    
8.08    8.19___11:54:5  170     85    85    1.93    +++   0     
2.1     8.19___11:54:22 171     85    86    1.94    +++   1     
2.04    8.19___11:54:39 172     85    87    1.95    +++   2     
1.86    8.19___11:54:56 173     86    87    1.94    ---   1     
3.62    8.19___11:55:17 174     86    88    1.95    +++   2     
1.32    8.19___11:55:31 175     87    88    1.94    ---   1     
1       8.19___11:55:41 176     88    88    1.93    ---   0     
1.12    8.19___11:55:54 177     89    88    1.92    ---   -1    
1       8.19___11:56:5  178     90    88    1.92    ---   -2    
1.02    8.19___11:56:16 179     91    88    1.91    ---   -3    
1.32    8.19___11:56:30 180     92    88    1.9     ---   -4    
1.4     8.19___11:56:45 181     93    88    1.9     ---   -5    
1       8.19___11:56:55 182     94    88    1.9     ---   -6    
1.36    8.19___11:57:10 183     95    88    1.9     ---   -7    
1.93    8.19___11:57:26 184     96    88    1.9     ---   -8    
4.97    8.19___11:57:49 185     96    89    1.9     +++   -7    
1.83    8.19___11:58:6  186     97    89    1.9     ---   -8    
1.05    8.19___11:58:18 187     98    89    1.9     ---   -9    
29.05   8.19___11:59:2  188     98    90    1.9     +++   -8    
1.27    8.19___11:59:16 189     99    90    1.9     ---   -9    
24.22   8.19___11:59:57 190     99    91    1.9     +++   -8    
