2.09    8.19___12:0:14  1       0     1     1.9     +++   1     
2.18    8.19___12:0:31  2       0     2     1.9     +++   2     
1.49    8.19___12:0:46  3       1     2     1.9     ---   1     
1.17    8.19___12:0:59  4       2     2     1.9     ---   0     
3.87    8.19___12:1:20  5       2     3     1.9     +++   1     
2.27    8.19___12:1:38  6       2     4     1.9     +++   2     
1       8.19___12:1:49  7       3     4     1.9     ---   1     
1.4     8.19___12:2:3   8       4     4     1.9     ---   0     
2.59    8.19___12:2:22  9       4     5     1.9     +++   1     
19.34   8.19___12:2:59  10      4     6     1.9     +++   2     
1.25    8.19___12:3:13  11      5     6     1.9     ---   1     
11.65   8.19___12:3:44  12      5     7     1.9     +++   2     
6.95    8.19___12:4:10  13      5     8     1.91    +++   3     
1.91    8.19___12:4:27  14      6     8     1.91    ---   2     
2.03    8.19___12:4:44  15      6     9     1.91    +++   3     
1.26    8.19___12:4:58  16      7     9     1.91    ---   2     
1.46    8.19___12:5:12  17      8     9     1.9     ---   1     
1.21    8.19___12:5:26  18      9     9     1.9     ---   0     
1.45    8.19___12:5:41  19      10    9     1.9     ---   -1    
2.47    8.19___12:5:59  20      10    10    1.9     +++   0     
4.03    8.19___12:6:20  21      10    11    1.9     +++   1     
1.51    8.19___12:6:35  22      11    11    1.9     ---   0     
1.86    8.19___12:6:52  23      12    11    1.9     ---   -1    
2.95    8.19___12:7:11  24      12    12    1.9     +++   0     
6.76    8.19___12:7:37  25      12    13    1.9     +++   1     
2.04    8.19___12:7:54  26      12    14    1.91    +++   2     
1.71    8.19___12:8:10  27      13    14    1.9     ---   1     
9.36    8.19___12:8:39  28      13    15    1.91    +++   2     
1.79    8.19___12:8:55  29      14    15    1.9     ---   1     
1.45    8.19___12:9:10  30      15    15    1.9     ---   0     
1.12    8.19___12:9:22  31      16    15    1.9     ---   -1    
1       8.19___12:9:33  32      17    15    1.9     ---   -2    
1.21    8.19___12:9:46  33      18    15    1.9     ---   -3    
1.49    8.19___12:10:1  34      19    15    1.9     ---   -4    
1.05    8.19___12:10:13 35      20    15    1.89    ---   -5    
2.63    8.19___12:10:32 36      20    16    1.9     +++   -4    
1.13    8.19___12:10:45 37      21    16    1.89    ---   -5    
3.12    8.19___12:11:4  38      21    17    1.9     +++   -4    
2.03    8.19___12:11:21 39      21    18    1.9     +++   -3    
1.11    8.19___12:11:34 40      22    18    1.9     ---   -4    
11.97   8.19___12:12:6  41      22    19    1.9     +++   -3    
1.73    8.19___12:12:21 42      23    19    1.9     ---   -4    
1.37    8.19___12:12:36 43      24    19    1.89    ---   -5    
1.32    8.19___12:12:50 44      25    19    1.89    ---   -6    
1.06    8.19___12:13:3  45      26    19    1.88    ---   -7    
1.15    8.19___12:13:16 46      27    19    1.88    ---   -8    
1.48    8.19___12:13:31 47      28    19    1.88    ---   -9    
4.7     8.19___12:13:53 48      28    20    1.88    +++   -8    
5.43    8.19___12:14:17 49      28    21    1.88    +++   -7    
21.45   8.19___12:14:56 50      28    22    1.89    +++   -6    
1       8.19___12:15:7  51      29    22    1.88    ---   -7    
9.7     8.19___12:15:36 52      29    23    1.89    +++   -6    
2.33    8.19___12:15:54 53      29    24    1.89    +++   -5    
1.14    8.19___12:16:7  54      30    24    1.89    ---   -6    
2.32    8.19___12:16:25 55      30    25    1.89    +++   -5    
2.46    8.19___12:16:43 56      30    26    1.9     +++   -4    
14.32   8.19___12:17:16 57      30    27    1.9     +++   -3    
4.38    8.19___12:17:39 58      30    28    1.9     +++   -2    
1.7     8.19___12:17:54 59      31    28    1.9     ---   -3    
3.72    8.19___12:18:15 60      31    29    1.9     +++   -2    
1.67    8.19___12:18:31 61      32    29    1.9     ---   -3    
2.37    8.19___12:18:49 62      32    30    1.9     +++   -2    
1.09    8.19___12:19:2  63      33    30    1.9     ---   -3    
3.89    8.19___12:19:23 64      33    31    1.9     +++   -2    
5.23    8.19___12:19:46 65      33    32    1.9     +++   -1    
1.95    8.19___12:20:3  66      34    32    1.9     ---   -2    
2.86    8.19___12:20:22 67      34    33    1.9     +++   -1    
1.2     8.19___12:20:36 68      35    33    1.9     ---   -2    
1.23    8.19___12:20:49 69      36    33    1.9     ---   -3    
2.21    8.19___12:21:7  70      36    34    1.9     +++   -2    
3.01    8.19___12:21:26 71      36    35    1.9     +++   -1    
3.35    8.19___12:21:47 72      36    36    1.91    +++   0     
1.13    8.19___12:21:59 73      37    36    1.9     ---   -1    
1.21    8.19___12:22:13 74      38    36    1.9     ---   -2    
2.47    8.19___12:22:31 75      38    37    1.9     +++   -1    
1.16    8.19___12:22:44 76      39    37    1.9     ---   -2    
1.77    8.19___12:23:0  77      40    37    1.9     ---   -3    
1.48    8.19___12:23:15 78      41    37    1.9     ---   -4    
32.77   8.19___12:24:1  79      41    38    1.9     +++   -3    
2.66    8.19___12:24:20 80      41    39    1.9     +++   -2    
1.8     8.19___12:24:36 81      42    39    1.9     ---   -3    
1.15    8.19___12:24:49 82      43    39    1.9     ---   -4    
1.7     8.19___12:25:5  83      44    39    1.9     ---   -5    
1.1     8.19___12:25:18 84      45    39    1.9     ---   -6    
2.77    8.19___12:25:37 85      45    40    1.9     +++   -5    
3.92    8.19___12:25:58 86      45    41    1.9     +++   -4    
9.11    8.19___12:26:27 87      45    42    1.9     +++   -3    
1.04    8.19___12:26:38 88      46    42    1.9     ---   -4    
1.91    8.19___12:26:55 89      47    42    1.9     ---   -5    
1.11    8.19___12:27:8  90      48    42    1.9     ---   -6    
1.61    8.19___12:27:23 91      49    42    1.9     ---   -7    
1.69    8.19___12:27:39 92      50    42    1.9     ---   -8    
1.75    8.19___12:27:55 93      51    42    1.89    ---   -9    
1.92    8.19___12:28:11 94      52    42    1.9     ---   -10   
9.73    8.19___12:28:41 95      52    43    1.9     +++   -9    
4.15    8.19___12:29:3  96      52    44    1.9     +++   -8    
1.5     8.19___12:29:17 97      53    44    1.9     ---   -9    
1.69    8.19___12:29:33 98      54    44    1.9     ---   -10   
1.02    8.19___12:29:45 99      55    44    1.89    ---   -11   
4.65    8.19___12:30:7  100     55    45    1.9     +++   -10   
4.66    8.19___12:30:30 101     55    46    1.9     +++   -9    
1.41    8.19___12:30:45 102     56    46    1.9     ---   -10   
1.25    8.19___12:30:58 103     57    46    1.89    ---   -11   
5.4     8.19___12:31:22 104     57    47    1.9     +++   -10   
1       8.19___12:31:33 105     58    47    1.89    ---   -11   
4.58    8.19___12:31:56 106     58    48    1.9     +++   -10   
8.43    8.19___12:32:24 107     58    49    1.9     +++   -9    
1.16    8.19___12:32:37 108     59    49    1.9     ---   -10   
1.42    8.19___12:32:52 109     60    49    1.89    ---   -11   
2.55    8.19___12:33:10 110     60    50    1.9     +++   -10   
2.57    8.19___12:33:29 111     60    51    1.9     +++   -9    
2.84    8.19___12:33:48 112     60    52    1.9     +++   -8    
1.29    8.19___12:34:2  113     61    52    1.9     ---   -9    
2.58    8.19___12:34:20 114     61    53    1.9     +++   -8    
1.21    8.19___12:34:34 115     62    53    1.9     ---   -9    
1.82    8.19___12:34:50 116     63    53    1.9     ---   -10   
1.56    8.19___12:35:5  117     64    53    1.89    ---   -11   
1.2     8.19___12:35:19 118     65    53    1.89    ---   -12   
2.45    8.19___12:35:37 119     65    54    1.89    +++   -11   
6.05    8.19___12:36:2  120     65    55    1.9     +++   -10   
3.27    8.19___12:36:22 121     65    56    1.9     +++   -9    
1       8.19___12:36:32 122     66    56    1.9     ---   -10   
1.24    8.19___12:36:46 123     67    56    1.89    ---   -11   
4.09    8.19___12:37:7  124     67    57    1.9     +++   -10   
20.34   8.19___12:37:46 125     67    58    1.9     +++   -9    
2       8.19___12:38:3  126     67    59    1.9     +++   -8    
1.34    8.19___12:38:17 127     68    59    1.9     ---   -9    
3.01    8.19___12:38:36 128     68    60    1.9     +++   -8    
1.31    8.19___12:38:50 129     69    60    1.9     ---   -9    
1.08    8.19___12:39:3  130     70    60    1.9     ---   -10   
7.71    8.19___12:39:30 131     70    61    1.9     +++   -9    
1.12    8.19___12:39:42 132     71    61    1.9     ---   -10   
1.58    8.19___12:39:58 133     72    61    1.89    ---   -11   
1.13    8.19___12:40:11 134     73    61    1.89    ---   -12   
1.62    8.19___12:40:26 135     74    61    1.88    ---   -13   
3.31    8.19___12:40:46 136     74    62    1.89    +++   -12   
1.38    8.19___12:41:1  137     75    62    1.88    ---   -13   
1.03    8.19___12:41:12 138     76    62    1.88    ---   -14   
8.38    8.19___12:41:40 139     76    63    1.88    +++   -13   
1.24    8.19___12:41:54 140     77    63    1.88    ---   -14   
3.35    8.19___12:42:14 141     77    64    1.88    +++   -13   
1.43    8.19___12:42:29 142     78    64    1.88    ---   -14   
18.06   8.19___12:43:5  143     78    65    1.88    +++   -13   
4.55    8.19___12:43:28 144     78    66    1.89    +++   -12   
2.28    8.19___12:43:45 145     78    67    1.89    +++   -11   
1.12    8.19___12:43:58 146     79    67    1.89    ---   -12   
5.12    8.19___12:44:22 147     79    68    1.89    +++   -11   
9.05    8.19___12:44:50 148     79    69    1.9     +++   -10   
1.57    8.19___12:45:5  149     80    69    1.89    ---   -11   
1.01    8.19___12:45:17 150     81    69    1.89    ---   -12   
2.01    8.19___12:45:33 151     81    70    1.89    +++   -11   
3.61    8.19___12:45:54 152     81    71    1.9     +++   -10   
21.67   8.19___12:46:34 153     81    72    1.9     +++   -9    
1.42    8.19___12:46:48 154     82    72    1.9     ---   -10   
1.89    8.19___12:47:5  155     83    72    1.89    ---   -11   
3.59    8.19___12:47:25 156     83    73    1.9     +++   -10   
3.04    8.19___12:47:45 157     83    74    1.9     +++   -9    
1.12    8.19___12:47:58 158     84    74    1.9     ---   -10   
2.18    8.19___12:48:15 159     84    75    1.9     +++   -9    
3.36    8.19___12:48:35 160     84    76    1.9     +++   -8    
29.87   8.19___12:49:20 161     84    77    1.9     +++   -7    
5.55    8.19___12:49:44 162     84    78    1.9     +++   -6    
1.25    8.19___12:49:58 163     85    78    1.9     ---   -7    
1.59    8.19___12:50:13 164     86    78    1.9     ---   -8    
2.35    8.19___12:50:31 165     86    79    1.9     +++   -7    
1.24    8.19___12:50:45 166     87    79    1.9     ---   -8    
4.77    8.19___12:51:7  167     87    80    1.9     +++   -7    
1.6     8.19___12:51:23 168     88    80    1.9     ---   -8    
2.57    8.19___12:51:41 169     88    81    1.9     +++   -7    
1.01    8.19___12:51:53 170     89    81    1.9     ---   -8    
1.94    8.19___12:52:9  171     90    81    1.9     ---   -9    
1.87    8.19___12:52:26 172     91    81    1.9     ---   -10   
2.35    8.19___12:52:44 173     91    82    1.9     +++   -9    
13.04   8.19___12:53:16 174     91    83    1.9     +++   -8    
2.29    8.19___12:53:34 175     91    84    1.9     +++   -7    
3.06    8.19___12:53:54 176     91    85    1.91    +++   -6    
1.81    8.19___12:54:10 177     92    85    1.9     ---   -7    
5.42    8.19___12:54:34 178     92    86    1.91    +++   -6    
1.55    8.19___12:54:49 179     93    86    1.9     ---   -7    
1.25    8.19___12:55:3  180     94    86    1.9     ---   -8    
2.06    8.19___12:55:20 181     94    87    1.9     +++   -7    
1.89    8.19___12:55:36 182     95    87    1.9     ---   -8    
11.45   8.19___12:56:7  183     95    88    1.9     +++   -7    
2.25    8.19___12:56:25 184     95    89    1.91    +++   -6    
1.33    8.19___12:56:39 185     96    89    1.9     ---   -7    
1       8.19___12:56:50 186     97    89    1.9     ---   -8    
2.52    8.19___12:57:8  187     97    90    1.9     +++   -7    
1.57    8.19___12:57:23 188     98    90    1.9     ---   -8    
1.7     8.19___12:57:39 189     99    90    1.9     ---   -9    
1.29    8.19___12:57:53 190     100   90    1.9     ---   -10   
7.71    8.19___12:58:20 191     100   91    1.9     +++   -9    
21.58   8.19___12:58:59 192     100   92    1.9     +++   -8    
9.41    8.19___12:59:28 193     100   93    1.9     +++   -7    
1.01    8.19___12:59:39 194     101   93    1.9     ---   -8    
1.82    8.19___12:59:56 195     102   93    1.9     ---   -9    
4.46    9.19___12:0:15  1       0     1     1.83    +++   1     
1.35    9.19___12:0:29  2       1     1     1.82    ---   0     
2.29    9.19___12:0:47  3       1     2     1.83    +++   1     
3       9.19___12:1:6   4       1     3     1.92    +++   2     
1.08    9.19___12:1:18  5       2     3     1.83    ---   1     
7.07    9.19___12:1:45  6       2     4     1.92    +++   2     
3.33    9.19___12:2:5   7       2     5     2       +++   3     
2.8     9.19___12:2:24  8       2     6     2.09    +++   4     
2.56    9.19___12:2:42  9       2     7     2.19    +++   5     
1.66    9.19___12:2:58  10      3     7     2.09    ---   4     
19.38   9.19___12:3:36  11      3     8     2.19    +++   5     
1.75    9.19___12:3:52  12      4     8     2.09    ---   4     
1.8     9.19___12:4:8   13      5     8     2       ---   3     
4.31    9.19___12:4:30  14      5     9     2.09    +++   4     
1.5     9.19___12:4:45  15      6     9     2       ---   3     
1.31    9.19___12:4:59  16      7     9     1.92    ---   2     
1.35    9.19___12:5:13  17      8     9     1.83    ---   1     
5.31    9.19___12:5:37  18      8     10    1.92    +++   2     
1.3     9.19___12:5:51  19      9     10    1.83    ---   1     
1       9.19___12:6:2   20      10    10    1.82    ---   0     
1.4     9.19___12:6:16  21      11    10    1.82    ---   -1    
4.38    9.19___12:6:38  22      11    11    1.82    +++   0     
1.08    9.19___12:6:51  23      12    11    1.82    ---   -1    
3.41    9.19___12:7:11  24      12    12    1.82    +++   0     
3.52    9.19___12:7:32  25      12    13    1.83    +++   1     
12.44   9.19___12:8:4   26      12    14    1.92    +++   2     
12.58   9.19___12:8:36  27      12    15    2       +++   3     
1.44    9.19___12:8:50  28      13    15    1.92    ---   2     
1.25    9.19___12:9:4   29      14    15    1.83    ---   1     
7.23    9.19___12:9:30  30      14    16    1.92    +++   2     
1.32    9.19___12:9:45  31      15    16    1.83    ---   1     
5.08    9.19___12:10:8  32      15    17    1.92    +++   2     
5.29    9.19___12:10:32 33      15    18    2       +++   3     
1.08    9.19___12:10:44 34      16    18    1.92    ---   2     
1.36    9.19___12:10:58 35      17    18    1.83    ---   1     
1.78    9.19___12:11:14 36      18    18    1.82    ---   0     
2.42    9.19___12:11:32 37      18    19    1.83    +++   1     
1.25    9.19___12:11:46 38      19    19    1.82    ---   0     
1       9.19___12:11:57 39      20    19    1.82    ---   -1    
2.74    9.19___12:12:16 40      20    20    1.82    +++   0     
1.06    9.19___12:12:28 41      21    20    1.82    ---   -1    
3.02    9.19___12:12:47 42      21    21    1.82    +++   0     
26.01   9.19___12:13:29 43      21    22    1.83    +++   1     
6.72    9.19___12:13:55 44      21    23    1.92    +++   2     
1.74    9.19___12:14:11 45      22    23    1.83    ---   1     
1.04    9.19___12:14:23 46      23    23    1.82    ---   0     
6.52    9.19___12:14:48 47      23    24    1.83    +++   1     
1.01    9.19___12:14:59 48      24    24    1.82    ---   0     
1.02    9.19___12:15:11 49      25    24    1.82    ---   -1    
23.36   9.19___12:15:51 50      25    25    1.82    +++   0     
1.45    9.19___12:16:6  51      26    25    1.82    ---   -1    
1.75    9.19___12:16:22 52      27    25    1.81    ---   -2    
2.63    9.19___12:16:41 53      27    26    1.82    +++   -1    
1.16    9.19___12:16:54 54      28    26    1.81    ---   -2    
5.34    9.19___12:17:18 55      28    27    1.82    +++   -1    
1       9.19___12:17:28 56      29    27    1.81    ---   -2    
2.58    9.19___12:17:47 57      29    28    1.82    +++   -1    
2.4     9.19___12:18:5  58      29    29    1.82    +++   0     
1.64    9.19___12:18:20 59      30    29    1.82    ---   -1    
1.61    9.19___12:18:36 60      31    29    1.81    ---   -2    
6.17    9.19___12:19:1  61      31    30    1.82    +++   -1    
5.24    9.19___12:19:24 62      31    31    1.82    +++   0     
6.1     9.19___12:19:49 63      31    32    1.83    +++   1     
22.04   9.19___12:20:29 64      31    33    1.92    +++   2     
17.18   9.19___12:21:5  65      31    34    2       +++   3     
1.85    9.19___12:21:21 66      32    34    1.93    ---   2     
1.23    9.19___12:21:35 67      33    34    1.85    ---   1     
1.23    9.19___12:21:48 68      34    34    1.84    ---   0     
2.63    9.19___12:22:7  69      34    35    1.85    +++   1     
1.43    9.19___12:22:21 70      35    35    1.84    ---   0     
2.08    9.19___12:22:39 71      35    36    1.85    +++   1     
1.18    9.19___12:22:52 72      36    36    1.84    ---   0     
1.47    9.19___12:23:7  73      37    36    1.83    ---   -1    
1.47    9.19___12:23:22 74      38    36    1.82    ---   -2    
1.53    9.19___12:23:37 75      39    36    1.82    ---   -3    
1.34    9.19___12:23:51 76      40    36    1.81    ---   -4    
1.35    9.19___12:24:5  77      41    36    1.8     ---   -5    
31.19   9.19___12:24:51 78      41    37    1.81    +++   -4    
7.17    9.19___12:25:17 79      41    38    1.82    +++   -3    
1.3     9.19___12:25:31 80      42    38    1.81    ---   -4    
14.57   9.19___12:26:5  81      42    39    1.82    +++   -3    
8.22    9.19___12:26:32 82      42    40    1.82    +++   -2    
1.81    9.19___12:26:49 83      43    40    1.82    ---   -3    
3.78    9.19___12:27:10 84      43    41    1.82    +++   -2    
3.73    9.19___12:27:31 85      43    42    1.83    +++   -1    
1.43    9.19___12:27:45 86      44    42    1.82    ---   -2    
2.62    9.19___12:28:4  87      44    43    1.83    +++   -1    
2.48    9.19___12:28:22 88      44    44    1.84    +++   0     
1.69    9.19___12:28:38 89      45    44    1.83    ---   -1    
1.55    9.19___12:28:53 90      46    44    1.82    ---   -2    
4.65    9.19___12:29:16 91      46    45    1.83    +++   -1    
1.64    9.19___12:29:31 92      47    45    1.82    ---   -2    
7.17    9.19___12:29:58 93      47    46    1.83    +++   -1    
2.92    9.19___12:30:17 94      47    47    1.84    +++   0     
1.1     9.19___12:30:30 95      48    47    1.83    ---   -1    
1.35    9.19___12:30:44 96      49    47    1.82    ---   -2    
5.65    9.19___12:31:8  97      49    48    1.83    +++   -1    
1       9.19___12:31:19 98      50    48    1.82    ---   -2    
2.07    9.19___12:31:36 99      50    49    1.83    +++   -1    
1       9.19___12:31:46 100     51    49    1.82    ---   -2    
12.4    9.19___12:32:18 101     51    50    1.83    +++   -1    
1.26    9.19___12:32:32 102     52    50    1.82    ---   -2    
1.51    9.19___12:32:47 103     53    50    1.82    ---   -3    
4.85    9.19___12:33:10 104     53    51    1.82    +++   -2    
3.27    9.19___12:33:30 105     53    52    1.83    +++   -1    
26.46   9.19___12:34:12 106     53    53    1.84    +++   0     
2.27    9.19___12:34:30 107     53    54    1.85    +++   1     
11.74   9.19___12:35:1  108     53    55    1.93    +++   2     
2.06    9.19___12:35:19 109     53    56    2       +++   3     
2.28    9.19___12:35:36 110     53    57    2.03    +++   4     
1.49    9.19___12:35:51 111     54    57    2       ---   3     
1.76    9.19___12:36:7  112     55    57    1.93    ---   2     
2.49    9.19___12:36:26 113     55    58    2       +++   3     
18.31   9.19___12:37:2  114     55    59    2.03    +++   4     
11.88   9.19___12:37:34 115     55    60    2.06    +++   5     
1.99    9.19___12:37:51 116     56    60    2.03    ---   4     
4.45    9.19___12:38:13 117     56    61    2.06    +++   5     
7.07    9.19___12:38:39 118     56    62    2.06    +++   6     
4.92    9.19___12:39:2  119     56    63    2.06    +++   7     
1.13    9.19___12:39:15 120     57    63    2.06    ---   6     
3.5     9.19___12:39:36 121     57    64    2.06    +++   7     
1.45    9.19___12:39:50 122     58    64    2.06    ---   6     
2.43    9.19___12:40:8  123     58    65    2.06    +++   7     
13.14   9.19___12:40:41 124     58    66    2.07    +++   8     
1.97    9.19___12:40:58 125     59    66    2.06    ---   7     
6.65    9.19___12:41:23 126     59    67    2.07    +++   8     
13.7    9.19___12:41:57 127     59    68    2.08    +++   9     
1.27    9.19___12:42:10 128     60    68    2.07    ---   8     
1.81    9.19___12:42:27 129     61    68    2.06    ---   7     
1.5     9.19___12:42:42 130     62    68    2.06    ---   6     
6.35    9.19___12:43:7  131     62    69    2.06    +++   7     
5.92    9.19___12:43:31 132     62    70    2.07    +++   8     
2.06    9.19___12:43:48 133     62    71    2.06    +++   9     
3.6     9.19___12:44:9  134     62    72    2.07    +++   10    
5.92    9.19___12:44:34 135     62    73    2.08    +++   11    
5.87    9.19___12:44:58 136     62    74    2.13    +++   12    
3.14    9.19___12:45:18 137     62    75    2.19    +++   13    
1.29    9.19___12:45:32 138     63    75    2.13    ---   12    
1.4     9.19___12:45:47 139     64    75    2.08    ---   11    
30.44   9.19___12:46:32 140     64    76    2.13    +++   12    
14.02   9.19___12:47:5  141     64    77    2.19    +++   13    
1       9.19___12:47:15 142     65    77    2.13    ---   12    
6.4     9.19___12:47:41 143     65    78    2.19    +++   13    
1.27    9.19___12:47:55 144     66    78    2.13    ---   12    
1.67    9.19___12:48:10 145     67    78    2.08    ---   11    
1.12    9.19___12:48:23 146     68    78    2.07    ---   10    
3.23    9.19___12:48:43 147     68    79    2.08    +++   11    
1.52    9.19___12:48:58 148     69    79    2.07    ---   10    
1.36    9.19___12:49:13 149     70    79    2.06    ---   9     
6.95    9.19___12:49:39 150     70    80    2.07    +++   10    
10.32   9.19___12:50:8  151     70    81    2.08    +++   11    
1.4     9.19___12:50:23 152     71    81    2.07    ---   10    
9.06    9.19___12:54:35 1       0     1     9.06    +++   1     
1       9.19___12:54:46 2       1     1     5.03    ---   0     
3.29    9.19___12:55:6  3       1     2     3.29    +++   1     
2.91    9.19___12:55:25 4       1     3     3.1     +++   2     
6.55    9.19___12:55:50 5       1     4     3.29    +++   3     
2.1     9.19___12:56:8  6       1     5     3.1     +++   4     
1.02    9.19___12:56:19 7       2     5     2.91    ---   3     
5.43    9.19___12:56:43 8       2     6     3.1     +++   4     
21.07   9.19___12:57:22 9       2     7     3.29    +++   5     
1.42    9.19___12:57:37 10      3     7     3.1     ---   4     
1.58    9.19___12:57:52 11      4     7     2.91    ---   3     
5.56    9.19___12:58:16 12      4     8     3.1     +++   4     
1.57    9.19___12:58:31 13      5     8     2.91    ---   3     
1.46    9.19___12:58:46 14      6     8     2.5     ---   2     
1.1     9.19___12:58:59 15      7     8     2.1     ---   1     
17.87   9.19___12:59:35 16      7     9     2.5     +++   2     
1.09    9.19___12:59:48 17      8     9     2.1     ---   1     
