3.55    8.19___14:0:0   1       0     1     1.92    +++   1     
3.77    8.19___14:0:21  2       0     2     1.93    +++   2     
1.26    8.19___14:0:35  3       1     2     1.92    ---   1     
12.46   8.19___14:1:7   4       1     3     1.93    +++   2     
3.41    8.19___14:1:27  5       1     4     1.93    +++   3     
1.6     8.19___14:1:43  6       2     4     1.93    ---   2     
5.56    8.19___14:2:7   7       2     5     1.93    +++   3     
30.99   8.19___14:2:52  8       2     6     1.93    +++   4     
1.19    8.19___14:3:5   9       3     6     1.93    ---   3     
16.07   8.19___14:3:40  10      3     7     1.93    +++   4     
1.98    8.19___14:3:57  11      4     7     1.93    ---   3     
1.18    8.19___14:4:10  12      5     7     1.93    ---   2     
13.62   8.19___14:4:44  13      5     8     1.93    +++   3     
2.69    8.19___14:5:2   14      5     9     1.94    +++   4     
1       8.19___14:5:13  15      6     9     1.93    ---   3     
1.06    8.19___14:5:25  16      7     9     1.93    ---   2     
7.32    8.19___14:5:51  17      7     10    1.93    +++   3     
3.23    8.19___14:6:11  18      7     11    1.94    +++   4     
1.21    8.19___14:6:25  19      8     11    1.93    ---   3     
2.16    8.19___14:6:42  20      8     12    1.94    +++   4     
3.48    8.19___14:7:3   21      8     13    1.94    +++   5     
9.16    8.19___14:7:31  22      8     14    1.94    +++   6     
3.45    8.19___14:7:52  23      8     15    1.94    +++   7     
1.77    8.19___14:8:8   24      9     15    1.94    ---   6     
2.5     8.19___14:8:26  25      9     16    1.94    +++   7     
1.22    8.19___14:8:40  26      10    16    1.94    ---   6     
2.4     8.19___14:8:58  27      10    17    1.94    +++   7     
2.32    8.19___14:9:16  28      10    18    1.95    +++   8     
3.39    8.19___14:9:36  29      10    19    1.95    +++   9     
1.55    8.19___14:9:51  30      11    19    1.95    ---   8     
2.06    8.19___14:10:8  31      11    20    1.95    +++   9     
1.83    8.19___14:10:24 32      12    20    1.95    ---   8     
7.78    8.19___14:10:52 33      12    21    1.95    +++   9     
1.48    8.19___14:11:6  34      13    21    1.95    ---   8     
1.67    8.19___14:11:22 35      14    21    1.94    ---   7     
5.08    8.19___14:11:45 36      14    22    1.95    +++   8     
18.62   8.19___14:12:23 37      14    23    1.95    +++   9     
1.82    8.19___14:12:39 38      15    23    1.95    ---   8     
5.57    8.19___14:13:3  39      15    24    1.95    +++   9     
2.06    8.19___14:13:20 40      15    25    1.95    +++   10    
12.38   8.19___14:13:52 41      15    26    1.95    +++   11    
1.16    8.19___14:14:5  42      16    26    1.95    ---   10    
1.6     8.19___14:14:20 43      17    26    1.95    ---   9     
1.43    8.19___14:14:35 44      18    26    1.95    ---   8     
2.29    8.19___14:14:53 45      18    27    1.95    +++   9     
2.78    8.19___14:15:12 46      18    28    1.95    +++   10    
1.13    8.19___14:15:25 47      19    28    1.95    ---   9     
1.43    8.19___14:15:39 48      20    28    1.95    ---   8     
3.1     8.19___14:15:59 49      20    29    1.95    +++   9     
1.67    8.19___14:16:15 50      21    29    1.95    ---   8     
2.42    8.19___14:16:33 51      21    30    1.95    +++   9     
18.25   8.19___14:17:10 52      21    31    1.95    +++   10    
2.03    8.19___14:17:27 53      21    32    1.95    +++   11    
28.32   8.19___14:18:10 54      21    33    1.96    +++   12    
1.35    8.19___14:18:25 55      22    33    1.95    ---   11    
1.31    8.19___14:18:39 56      23    33    1.95    ---   10    
1.37    8.19___14:18:53 57      24    33    1.95    ---   9     
14.31   8.19___14:19:27 58      24    34    1.95    +++   10    
1.58    8.19___14:19:42 59      25    34    1.95    ---   9     
1.21    8.19___14:19:56 60      26    34    1.95    ---   8     
2.08    8.19___14:20:13 61      26    35    1.95    +++   9     
4.75    8.19___14:20:36 62      26    36    1.95    +++   10    
2.57    8.19___14:20:54 63      26    37    1.95    +++   11    
1.13    8.19___14:21:7  64      27    37    1.95    ---   10    
4.45    8.19___14:21:29 65      27    38    1.95    +++   11    
4.16    8.19___14:21:51 66      27    39    1.96    +++   12    
1.26    8.19___14:22:5  67      28    39    1.95    ---   11    
1.11    8.19___14:22:17 68      29    39    1.95    ---   10    
1.98    8.19___14:22:34 69      30    39    1.95    ---   9     
2.71    8.19___14:22:53 70      30    40    1.96    +++   10    
1.2     8.19___14:23:6  71      31    40    1.95    ---   9     
6.92    8.19___14:23:32 72      31    41    1.96    +++   10    
1.18    8.19___14:23:46 73      32    41    1.95    ---   9     
1.49    8.19___14:24:1  74      33    41    1.95    ---   8     
1.13    8.19___14:24:13 75      34    41    1.95    ---   7     
1.2     8.19___14:24:27 76      35    41    1.95    ---   6     
1.17    8.19___14:24:40 77      36    41    1.94    ---   5     
3.27    8.19___14:25:0  78      36    42    1.95    +++   6     
1.07    8.19___14:25:12 79      37    42    1.94    ---   5     
4.82    8.19___14:25:35 80      37    43    1.95    +++   6     
1.21    8.19___14:25:49 81      38    43    1.94    ---   5     
1.17    8.19___14:26:2  82      39    43    1.94    ---   4     
1.36    8.19___14:26:16 83      40    43    1.94    ---   3     
1.75    8.19___14:26:32 84      41    43    1.94    ---   2     
1.03    8.19___14:26:44 85      42    43    1.93    ---   1     
1.5     8.19___14:26:59 86      43    43    1.93    ---   0     
11.41   8.19___14:27:30 87      43    44    1.93    +++   1     
1.38    8.19___14:27:45 88      44    44    1.93    ---   0     
5.08    8.19___14:28:8  89      44    45    1.93    +++   1     
1.09    8.19___14:28:20 90      45    45    1.93    ---   0     
4.53    8.19___14:28:42 91      45    46    1.93    +++   1     
1.14    8.19___14:28:55 92      46    46    1.93    ---   0     
1.71    8.19___14:29:11 93      47    46    1.93    ---   -1    
1.83    8.19___14:29:28 94      48    46    1.93    ---   -2    
3.3     8.19___14:29:48 95      48    47    1.93    +++   -1    
4.91    8.19___14:30:11 96      48    48    1.93    +++   0     
1.55    8.19___14:30:26 97      49    48    1.93    ---   -1    
2.52    8.19___14:30:44 98      49    49    1.93    +++   0     
2.23    8.19___14:31:2  99      49    50    1.93    +++   1     
1.03    8.19___14:31:14 100     50    50    1.93    ---   0     
1.23    8.19___14:31:27 101     51    50    1.93    ---   -1    
3.28    8.19___14:31:47 102     51    51    1.93    +++   0     
1.47    8.19___14:32:2  103     52    51    1.93    ---   -1    
1.01    8.19___14:32:13 104     53    51    1.93    ---   -2    
3.58    8.19___14:32:34 105     53    52    1.93    +++   -1    
3.27    8.19___14:32:54 106     53    53    1.93    +++   0     
1       8.19___14:33:5  107     54    53    1.93    ---   -1    
1.65    8.19___14:33:20 108     55    53    1.93    ---   -2    
1.85    8.19___14:33:37 109     56    53    1.92    ---   -3    
1.34    8.19___14:33:51 110     57    53    1.92    ---   -4    
2.57    8.19___14:34:10 111     57    54    1.92    +++   -3    
1.24    8.19___14:34:23 112     58    54    1.92    ---   -4    
1       8.19___14:34:34 113     59    54    1.92    ---   -5    
2.05    8.19___14:34:51 114     59    55    1.92    +++   -4    
8.11    8.19___14:35:19 115     59    56    1.92    +++   -3    
2.02    8.19___14:35:36 116     59    57    1.93    +++   -2    
1.66    8.19___14:35:51 117     60    57    1.92    ---   -3    
3.37    8.19___14:36:12 118     60    58    1.93    +++   -2    
1.77    8.19___14:36:28 119     61    58    1.92    ---   -3    
4.24    8.19___14:36:50 120     61    59    1.93    +++   -2    
1       8.19___14:37:0  121     62    59    1.92    ---   -3    
1.57    8.19___14:37:16 122     63    59    1.92    ---   -4    
3.66    8.19___14:37:36 123     63    60    1.92    +++   -3    
1.23    8.19___14:37:50 124     64    60    1.92    ---   -4    
4.69    8.19___14:38:13 125     64    61    1.92    +++   -3    
1.14    8.19___14:38:26 126     65    61    1.92    ---   -4    
25.77   8.19___14:39:8  127     65    62    1.92    +++   -3    
1.76    8.19___14:39:24 128     66    62    1.92    ---   -4    
2.31    8.19___14:39:41 129     66    63    1.92    +++   -3    
3.58    8.19___14:40:2  130     66    64    1.93    +++   -2    
1.22    8.19___14:40:16 131     67    64    1.92    ---   -3    
13.84   8.19___14:40:49 132     67    65    1.93    +++   -2    
1.71    8.19___14:41:5  133     68    65    1.92    ---   -3    
1.57    8.19___14:41:20 134     69    65    1.92    ---   -4    
27.37   8.19___14:42:3  135     69    66    1.92    +++   -3    
1.48    8.19___14:42:18 136     70    66    1.92    ---   -4    
1       8.19___14:42:29 137     71    66    1.92    ---   -5    
11.12   8.19___14:42:59 138     71    67    1.92    +++   -4    
2.7     8.19___14:43:18 139     71    68    1.92    +++   -3    
1.27    8.19___14:43:32 140     72    68    1.92    ---   -4    
1.44    8.19___14:43:47 141     73    68    1.92    ---   -5    
1.84    8.19___14:44:3  142     74    68    1.92    ---   -6    
1.34    8.19___14:44:17 143     75    68    1.92    ---   -7    
8.7     8.19___14:44:45 144     75    69    1.92    +++   -6    
1.39    8.19___14:45:0  145     76    69    1.92    ---   -7    
2.7     8.19___14:45:19 146     76    70    1.92    +++   -6    
26.54   8.19___14:46:1  147     76    71    1.92    +++   -5    
26.46   8.19___14:46:44 148     76    72    1.92    +++   -4    
1.19    8.19___14:46:57 149     77    72    1.92    ---   -5    
1.48    8.19___14:47:34 150     78    72    1.92    ---   -6    
3.42    8.19___14:47:54 151     78    73    1.92    +++   -5    
1.43    8.19___14:48:9  152     79    73    1.92    ---   -6    
1.49    8.19___14:48:24 153     80    73    1.92    ---   -7    
13.41   8.19___14:48:56 154     80    74    1.92    +++   -6    
2.2     8.19___14:49:14 155     80    75    1.92    +++   -5    
1.36    8.19___14:49:28 156     81    75    1.92    ---   -6    
1.29    8.19___14:49:42 157     82    75    1.92    ---   -7    
1.96    8.19___14:49:59 158     83    75    1.92    ---   -8    
3.1     8.19___14:50:19 159     83    76    1.92    +++   -7    
1.18    8.19___14:50:32 160     84    76    1.92    ---   -8    
1.01    8.19___14:50:43 161     85    76    1.92    ---   -9    
1.33    8.19___14:50:57 162     86    76    1.92    ---   -10   
2.28    8.19___14:51:15 163     86    77    1.92    +++   -9    
1       8.19___14:51:26 164     87    77    1.92    ---   -10   
3.93    8.19___14:51:47 165     87    78    1.92    +++   -9    
1.16    8.19___14:52:0  166     88    78    1.92    ---   -10   
7.54    8.19___14:52:27 167     88    79    1.92    +++   -9    
1.19    8.19___14:52:40 168     89    79    1.92    ---   -10   
25.49   8.19___14:53:22 169     89    80    1.92    +++   -9    
1.87    8.19___14:53:38 170     90    80    1.92    ---   -10   
1.17    8.19___14:53:52 171     91    80    1.91    ---   -11   
1       8.19___14:54:2  172     92    80    1.91    ---   -12   
2.34    8.19___14:54:20 173     92    81    1.91    +++   -11   
1.68    8.19___14:54:36 174     93    81    1.91    ---   -12   
1.09    8.19___14:54:48 175     94    81    1.91    ---   -13   
1.7     8.19___14:55:4  176     95    81    1.91    ---   -14   
1.06    8.19___14:55:16 177     96    81    1.9     ---   -15   
1.26    8.19___14:55:30 178     97    81    1.9     ---   -16   
1.29    8.19___14:55:44 179     98    81    1.9     ---   -17   
10.68   8.19___14:56:14 180     98    82    1.9     +++   -16   
1.43    8.19___14:56:29 181     99    82    1.9     ---   -17   
1.67    8.19___14:56:45 182     100   82    1.9     ---   -18   
2.86    8.19___14:57:4  183     100   83    1.9     +++   -17   
21.38   8.19___14:57:43 184     100   84    1.9     +++   -16   
1.26    8.19___14:57:57 185     101   84    1.9     ---   -17   
2.68    8.19___14:58:15 186     101   85    1.9     +++   -16   
2.01    8.19___14:58:32 187     101   86    1.9     +++   -15   
2.21    8.19___14:58:50 188     101   87    1.91    +++   -14   
3.15    8.19___14:59:9  189     101   88    1.91    +++   -13   
2.01    8.19___14:59:26 190     101   89    1.91    +++   -12   
