17.72   8.19___15:0:3   1       0     1     1.91    +++   1     
20.56   8.19___15:0:41  2       0     2     1.92    +++   2     
2.3     8.19___15:0:59  3       0     3     1.92    +++   3     
7.65    8.19___15:1:26  4       0     4     1.92    +++   4     
2.7     8.19___15:1:45  5       0     5     1.92    +++   5     
1.25    8.19___15:1:58  6       1     5     1.92    ---   4     
1.26    8.19___15:2:12  7       2     5     1.92    ---   3     
1.13    8.19___15:2:25  8       3     5     1.92    ---   2     
1.37    8.19___15:2:39  9       4     5     1.91    ---   1     
1.1     8.19___15:2:52  10      5     5     1.91    ---   0     
4.04    8.19___15:3:14  11      5     6     1.91    +++   1     
2.95    8.19___15:3:33  12      5     7     1.92    +++   2     
1.45    8.19___15:3:48  13      6     7     1.91    ---   1     
2.43    8.19___15:4:6   14      6     8     1.92    +++   2     
2.4     8.19___15:4:24  15      6     9     1.92    +++   3     
1.18    8.19___15:4:37  16      7     9     1.92    ---   2     
1.77    8.19___15:4:53  17      8     9     1.91    ---   1     
1.3     8.19___15:5:7   18      9     9     1.91    ---   0     
12.84   8.19___15:5:39  19      9     10    1.91    +++   1     
2.73    8.19___15:5:58  20      9     11    1.92    +++   2     
1.54    8.19___15:6:13  21      10    11    1.91    ---   1     
2.22    8.19___15:6:31  22      10    12    1.92    +++   2     
4       8.19___15:6:53  23      10    13    1.92    +++   3     
4.37    8.19___15:7:15  24      10    14    1.92    +++   4     
1.23    8.19___15:7:28  25      11    14    1.92    ---   3     
18.14   8.19___15:8:5   26      11    15    1.92    +++   4     
28.12   8.19___15:8:48  27      11    16    1.92    +++   5     
1.63    8.19___15:9:4   28      12    16    1.92    ---   4     
11.52   8.19___15:9:35  29      12    17    1.92    +++   5     
2.97    8.19___15:9:54  30      12    18    1.92    +++   6     
1.7     8.19___15:10:10 31      13    18    1.92    ---   5     
4.99    8.19___15:10:34 32      13    19    1.92    +++   6     
2.49    8.19___15:10:52 33      13    20    1.92    +++   7     
1.38    8.19___15:11:6  34      14    20    1.92    ---   6     
2.8     8.19___15:11:25 35      14    21    1.92    +++   7     
1.3     8.19___15:11:39 36      15    21    1.92    ---   6     
6.96    8.19___15:12:5  37      15    22    1.92    +++   7     
29.89   8.19___15:12:50 38      15    23    1.93    +++   8     
1.96    8.19___15:13:7  39      16    23    1.93    ---   7     
1.37    8.19___15:13:21 40      17    23    1.93    ---   6     
2.97    8.19___15:13:40 41      17    24    1.93    +++   7     
1       8.19___15:37:29 1       1     0     1       ---   -1    
2.26    8.19___15:37:46 2       1     1     1.63    +++   0     
2.45    8.19___15:38:5  3       1     2     2.25    +++   1     
27.71   8.19___15:38:48 4       1     3     2.35    +++   2     
1.44    8.19___15:39:3  5       2     3     2.25    ---   1     
1.09    8.19___15:39:15 6       3     3     1.85    ---   0     
16.75   8.19___15:39:51 7       3     4     2.25    +++   1     
5.62    8.19___15:40:15 8       3     5     2.35    +++   2     
2.15    8.19___15:40:32 9       3     6     2.25    +++   3     
2.44    8.19___15:40:50 10      3     7     2.34    +++   4     
1.2     8.19___15:41:4  11      4     7     2.25    ---   3     
1.18    8.19___15:41:17 12      5     7     2.2     ---   2     
3.29    8.19___15:41:37 13      5     8     2.25    +++   3     
1.08    8.19___15:41:49 14      6     8     2.2     ---   2     
2.11    8.19___15:42:7  15      6     9     2.15    +++   3     
1.27    8.19___15:42:20 16      7     9     2.13    ---   2     
1.74    8.19___15:42:36 17      8     9     2.11    ---   1     
1.4     8.19___15:42:51 18      9     9     1.92    ---   0     
1.74    8.19___15:43:7  19      10    9     1.74    ---   -1    
2.68    8.19___15:43:26 20      10    10    1.92    +++   0     
5.36    8.19___15:43:49 21      10    11    2.11    +++   1     
1.32    8.19___15:44:4  22      11    11    1.92    ---   0     
2.58    8.19___15:44:22 23      11    12    2.11    +++   1     
2.71    8.19___15:44:41 24      11    13    2.13    +++   2     
3.11    8.19___15:45:1  25      11    14    2.15    +++   3     
1.16    8.19___15:45:14 26      12    14    2.13    ---   2     
1.36    8.19___15:45:28 27      13    14    2.11    ---   1     
1.07    8.19___15:45:40 28      14    14    1.92    ---   0     
2.83    8.19___15:45:59 29      14    15    2.11    +++   1     
1.06    8.19___15:46:11 30      15    15    1.92    ---   0     
1.28    8.19___15:46:25 31      16    15    1.74    ---   -1    
1.99    8.19___15:46:42 32      17    15    1.86    ---   -2    
2.98    8.19___15:47:2  33      17    16    1.99    +++   -1    
1.22    8.19___15:47:15 34      18    16    1.86    ---   -2    
1.16    8.19___15:47:28 35      19    16    1.74    ---   -3    
1.4     8.19___15:47:43 36      20    16    1.74    ---   -4    
10.19   8.19___15:48:13 37      20    17    1.74    +++   -3    
2.19    8.19___15:48:30 38      20    18    1.86    +++   -2    
1.13    8.19___15:48:43 39      21    18    1.74    ---   -3    
2.8     8.19___15:49:2  40      21    19    1.86    +++   -2    
2.13    8.19___15:49:19 41      21    20    1.99    +++   -1    
1.04    8.19___15:49:31 42      22    20    1.86    ---   -2    
1.49    8.19___15:49:46 43      23    20    1.74    ---   -3    
2.14    8.19___15:50:3  44      23    21    1.86    +++   -2    
3.02    8.19___15:50:23 45      23    22    1.99    +++   -1    
1.12    8.19___15:50:36 46      24    22    1.86    ---   -2    
1.23    8.19___15:50:49 47      25    22    1.74    ---   -3    
13.51   8.19___15:51:22 48      25    23    1.86    +++   -2    
2.31    8.19___15:51:40 49      25    24    1.99    +++   -1    
1.31    8.19___15:51:54 50      26    24    1.86    ---   -2    
1.46    8.19___15:52:9  51      27    24    1.74    ---   -3    
12.8    8.19___15:52:41 52      27    25    1.86    +++   -2    
4.14    8.19___15:53:3  53      27    26    1.99    +++   -1    
1.07    8.19___15:53:15 54      28    26    1.86    ---   -2    
5.72    8.19___15:53:39 55      28    27    1.99    +++   -1    
1.16    8.19___15:53:52 56      29    27    1.86    ---   -2    
11.47   8.19___15:54:23 57      29    28    1.99    +++   -1    
1.29    8.19___15:54:37 58      30    28    1.86    ---   -2    
1.29    8.19___15:54:51 59      31    28    1.74    ---   -3    
1.88    8.19___15:55:8  60      32    28    1.81    ---   -4    
1.41    8.19___15:55:22 61      33    28    1.74    ---   -5    
5.66    8.19___15:55:47 62      33    29    1.81    +++   -4    
5.07    8.19___15:56:10 63      33    30    1.88    +++   -3    
1.67    8.19___15:56:26 64      34    30    1.81    ---   -4    
4.97    8.19___15:56:49 65      34    31    1.88    +++   -3    
1.12    8.19___15:57:1  66      35    31    1.81    ---   -4    
3.1     8.19___15:57:21 67      35    32    1.88    +++   -3    
1.39    8.19___15:57:36 68      36    32    1.81    ---   -4    
2.21    8.19___15:57:53 69      36    33    1.88    +++   -3    
1.55    8.19___15:58:8  70      37    33    1.81    ---   -4    
1.49    8.19___15:58:23 71      38    33    1.74    ---   -5    
6.32    8.19___15:58:50 72      38    34    1.81    +++   -4    
1.05    8.19___15:59:1  73      39    34    1.74    ---   -5    
3.32    8.19___15:59:21 74      39    35    1.81    +++   -4    
4.89    8.19___15:59:44 75      39    36    1.88    +++   -3    
1.14    8.19___15:59:57 76      40    36    1.81    ---   -4    
17.68   9.19___15:0:8   1       0     1     2.35    +++   1     
1.4     9.19___15:0:23  2       1     1     2.33    ---   0     
1.19    9.19___15:0:36  3       2     1     2.31    ---   -1    
6.59    9.19___15:1:1   4       2     2     2.33    +++   0     
1.77    9.19___15:1:18  5       3     2     2.31    ---   -1    
2.79    9.19___15:1:37  6       3     3     2.33    +++   0     
1.43    9.19___15:1:51  7       4     3     2.31    ---   -1    
1.76    9.19___15:2:7   8       5     3     2.04    ---   -2    
1       9.19___15:2:18  9       6     3     1.77    ---   -3    
1       9.19___15:2:28  10      7     3     1.76    ---   -4    
19.44   9.19___15:3:6   11      7     4     1.77    +++   -3    
2.59    9.19___15:3:25  12      7     5     2.04    +++   -2    
1.91    9.19___15:3:41  13      8     5     1.91    ---   -3    
1       9.19___15:3:52  14      9     5     1.84    ---   -4    
3.34    9.19___15:4:12  15      9     6     1.91    +++   -3    
6.55    9.19___15:4:38  16      9     7     2.11    +++   -2    
3.84    9.19___15:4:59  17      9     8     2.31    +++   -1    
8.4     9.19___15:5:26  18      9     9     2.33    +++   0     
1.59    9.19___15:5:42  19      10    9     2.31    ---   -1    
5.2     9.19___15:6:5   20      10    10    2.33    +++   0     
28.06   9.19___15:6:49  21      10    11    2.35    +++   1     
1.23    9.19___15:7:2   22      11    11    2.33    ---   0     
3.9     9.19___15:7:24  23      11    12    2.35    +++   1     
1.85    9.19___15:7:40  24      12    12    2.33    ---   0     
2.09    9.19___15:7:57  25      12    13    2.31    +++   1     
3.7     9.19___15:8:18  26      12    14    2.33    +++   2     
6.9     9.19___15:8:44  27      12    15    2.35    +++   3     
4.51    9.19___15:9:7   28      12    16    2.45    +++   4     
1.08    9.19___15:9:19  29      13    16    2.35    ---   3     
1.09    9.19___15:9:31  30      14    16    2.33    ---   2     
1       9.19___15:9:42  31      15    16    2.31    ---   1     
1.49    9.19___15:9:57  32      16    16    2.2     ---   0     
20.68   9.19___15:10:36 33      16    17    2.31    +++   1     
1.06    9.19___15:10:48 34      17    17    2.2     ---   0     
5.79    9.19___15:11:12 35      17    18    2.31    +++   1     
1.72    9.19___15:11:28 36      18    18    2.2     ---   0     
3.9     9.19___15:11:49 37      18    19    2.31    +++   1     
1.14    9.19___15:12:2  38      19    19    2.2     ---   0     
7.32    9.19___15:12:29 39      19    20    2.31    +++   1     
1.26    9.19___15:12:43 40      20    20    2.2     ---   0     
2.92    9.19___15:13:2  41      20    21    2.31    +++   1     
1.21    9.19___15:13:15 42      21    21    2.2     ---   0     
1.33    9.19___15:13:30 43      22    21    2.09    ---   -1    
1.12    9.19___15:13:42 44      23    21    2       ---   -2    
2.32    9.19___15:14:0  45      23    22    2.09    +++   -1    
10.6    9.19___15:14:30 46      23    23    2.2     +++   0     
1.13    9.19___15:14:43 47      24    23    2.09    ---   -1    
1.37    9.19___15:14:58 48      25    23    2       ---   -2    
1.36    9.19___15:15:12 49      26    23    1.91    ---   -3    
4.15    9.19___15:15:34 50      26    24    2       +++   -2    
14.53   9.19___15:16:8  51      26    25    2.09    +++   -1    
1.73    9.19___15:16:24 52      27    25    2       ---   -2    
1.19    9.19___15:16:37 53      28    25    1.91    ---   -3    
2.13    9.19___15:16:54 54      28    26    2       +++   -2    
1.37    9.19___15:17:9  55      29    26    1.91    ---   -3    
2.17    9.19___15:17:26 56      29    27    2       +++   -2    
2.11    9.19___15:17:43 57      29    28    2.09    +++   -1    
1.61    9.19___15:17:59 58      30    28    2       ---   -2    
1.28    9.19___15:18:13 59      31    28    1.91    ---   -3    
2.05    9.19___15:18:30 60      31    29    1.98    +++   -2    
1.2     9.19___15:18:43 61      32    29    1.91    ---   -3    
1.11    9.19___15:18:56 62      33    29    1.88    ---   -4    
2.11    9.19___15:19:13 63      33    30    1.91    +++   -3    
2.58    9.19___15:19:32 64      33    31    1.98    +++   -2    
1.78    9.19___15:19:48 65      34    31    1.91    ---   -3    
1.35    9.19___15:20:2  66      35    31    1.88    ---   -4    
2.53    9.19___15:20:20 67      35    32    1.91    +++   -3    
1.31    9.19___15:20:34 68      36    32    1.88    ---   -4    
2.83    9.19___15:20:54 69      36    33    1.91    +++   -3    
8.62    9.19___15:21:22 70      36    34    1.98    +++   -2    
1.48    9.19___15:21:37 71      37    34    1.91    ---   -3    
6.86    9.19___15:22:2  72      37    35    1.98    +++   -2    
1.9     9.19___15:22:19 73      38    35    1.91    ---   -3    
3.08    9.19___15:22:39 74      38    36    1.98    +++   -2    
1.06    9.19___15:22:51 75      39    36    1.91    ---   -3    
1.33    9.19___15:23:5  76      40    36    1.9     ---   -4    
6.63    9.19___15:23:30 77      40    37    1.91    +++   -3    
1.07    9.19___15:23:43 78      41    37    1.9     ---   -4    
2.54    9.19___15:24:1  79      41    38    1.91    +++   -3    
2.25    9.19___15:24:19 80      41    39    1.98    +++   -2    
1.23    9.19___15:24:32 81      42    39    1.91    ---   -3    
1.25    9.19___15:24:46 82      43    39    1.9     ---   -4    
1.05    9.19___15:24:58 83      44    39    1.9     ---   -5    
4.08    9.19___15:25:20 84      44    40    1.9     +++   -4    
3.49    9.19___15:25:40 85      44    41    1.91    +++   -3    
9.12    9.19___15:26:9  86      44    42    1.98    +++   -2    
