2.86    8.19___16:0:16  1       0     1     1.88    +++   1     
1.48    8.19___16:0:31  2       1     1     1.81    ---   0     
1       8.19___16:0:42  3       2     1     1.74    ---   -1    
1.24    8.19___16:0:55  4       3     1     1.74    ---   -2    
3       8.19___16:1:15  5       3     2     1.74    +++   -1    
2.08    8.19___16:1:32  6       3     3     1.81    +++   0     
2.15    8.19___16:1:49  7       3     4     1.88    +++   1     
1.01    8.19___16:2:0   8       4     4     1.81    ---   0     
1.75    8.19___16:2:16  9       5     4     1.75    ---   -1    
1.19    8.19___16:2:30  10      6     4     1.74    ---   -2    
4.57    8.19___16:2:52  11      6     5     1.75    +++   -1    
1.89    8.19___16:3:9   12      7     5     1.81    ---   -2    
2.39    8.19___16:3:27  13      7     6     1.88    +++   -1    
1.11    8.19___16:3:39  14      8     6     1.81    ---   -2    
9.66    8.19___16:4:8   15      8     7     1.88    +++   -1    
3.16    8.19___16:4:28  16      8     8     1.88    +++   0     
28.05   8.19___16:5:12  17      8     9     1.89    +++   1     
1.04    8.19___16:5:23  18      9     9     1.88    ---   0     
2.21    8.19___16:5:41  19      9     10    1.89    +++   1     
1.91    8.19___16:5:58  20      10    10    1.9     ---   0     
1.27    8.19___16:6:12  21      11    10    1.89    ---   -1    
11.77   8.19___16:6:43  22      11    11    1.9     +++   0     
1.74    8.19___16:6:59  23      12    11    1.89    ---   -1    
3.56    8.19___16:7:20  24      12    12    1.9     +++   0     
1.14    8.19___16:7:32  25      13    12    1.89    ---   -1    
3.74    8.19___16:7:53  26      13    13    1.9     +++   0     
1.25    8.19___16:8:7   27      14    13    1.89    ---   -1    
1.24    8.19___16:8:21  28      15    13    1.88    ---   -2    
2.42    8.19___16:8:39  29      15    14    1.89    +++   -1    
10.42   8.19___16:9:9   30      15    15    1.9     +++   0     
2.68    8.19___16:9:27  31      15    16    1.91    +++   1     
2.34    8.19___16:9:45  32      15    17    1.95    +++   2     
1.13    8.19___16:10:25 33      16    17    1.91    ---   1     
1.15    8.19___16:10:38 34      17    17    1.9     ---   0     
6.05    8.19___16:11:3  35      17    18    1.91    +++   1     
1.45    8.19___16:11:17 36      18    18    1.9     ---   0     
1.19    8.19___16:11:31 37      19    18    1.89    ---   -1    
1.47    8.19___16:11:46 38      20    18    1.88    ---   -2    
1.1     8.19___16:11:58 39      21    18    1.88    ---   -3    
3.06    8.19___16:12:18 40      21    19    1.88    +++   -2    
1.68    8.19___16:12:34 41      22    19    1.88    ---   -3    
2.67    8.19___16:12:52 42      22    20    1.88    +++   -2    
1.54    8.19___16:13:8  43      23    20    1.88    ---   -3    
2.99    8.19___16:13:27 44      23    21    1.88    +++   -2    
1.78    8.19___16:13:43 45      24    21    1.88    ---   -3    
3.58    8.19___16:14:4  46      24    22    1.88    +++   -2    
1.3     8.19___16:14:18 47      25    22    1.88    ---   -3    
1       8.19___16:14:29 48      26    22    1.83    ---   -4    
1.2     8.19___16:14:42 49      27    22    1.78    ---   -5    
25.14   8.19___16:15:24 50      27    23    1.83    +++   -4    
1.76    8.19___16:15:39 51      28    23    1.78    ---   -5    
1.08    8.19___16:15:52 52      29    23    1.77    ---   -6    
3.16    8.19___16:16:12 53      29    24    1.78    +++   -5    
1.04    8.19___16:16:23 54      30    24    1.77    ---   -6    
8.82    8.19___16:16:52 55      30    25    1.78    +++   -5    
1.28    8.19___16:17:6  56      31    25    1.77    ---   -6    
1.11    8.19___16:17:18 57      32    25    1.76    ---   -7    
1.39    8.19___16:17:33 58      33    25    1.75    ---   -8    
3.31    8.19___16:17:53 59      33    26    1.76    +++   -7    
1.14    8.19___16:18:6  60      34    26    1.75    ---   -8    
3.06    8.19___16:18:26 61      34    27    1.76    +++   -7    
3.67    8.19___16:18:46 62      34    28    1.77    +++   -6    
13.14   8.19___16:19:19 63      34    29    1.78    +++   -5    
1.08    8.19___16:19:31 64      35    29    1.77    ---   -6    
1.07    8.19___16:19:44 65      36    29    1.76    ---   -7    
1.19    8.19___16:19:57 66      37    29    1.75    ---   -8    
6.19    8.19___16:20:22 67      37    30    1.76    +++   -7    
15.31   8.19___16:20:56 68      37    31    1.77    +++   -6    
1.06    8.19___16:21:8  69      38    31    1.76    ---   -7    
3.81    8.19___16:21:29 70      38    32    1.77    +++   -6    
2.99    8.19___16:21:49 71      38    33    1.78    +++   -5    
2.19    8.19___16:22:6  72      38    34    1.83    +++   -4    
1.61    8.19___16:22:22 73      39    34    1.78    ---   -5    
22.07   8.19___16:23:2  74      39    35    1.83    +++   -4    
1.77    8.19___16:23:18 75      40    35    1.78    ---   -5    
1.1     8.19___16:23:30 76      41    35    1.77    ---   -6    
1.11    8.19___16:23:43 77      42    35    1.77    ---   -7    
2.48    8.19___16:24:1  78      42    36    1.77    +++   -6    
10.1    8.19___16:24:31 79      42    37    1.78    +++   -5    
4.3     8.19___16:24:53 80      42    38    1.83    +++   -4    
1.67    8.19___16:25:8  81      43    38    1.78    ---   -5    
1.18    8.19___16:25:22 82      44    38    1.77    ---   -6    
1.17    8.19___16:25:35 83      45    38    1.77    ---   -7    
2.03    8.19___16:25:52 84      45    39    1.77    +++   -6    
2.94    8.19___16:26:11 85      45    40    1.78    +++   -5    
1.02    8.19___16:26:23 86      46    40    1.77    ---   -6    
1.55    8.19___16:26:39 87      47    40    1.77    ---   -7    
2.24    8.19___16:26:55 88      47    41    1.77    +++   -6    
4.04    8.19___16:27:17 89      47    42    1.78    +++   -5    
3.1     8.19___16:27:37 90      47    43    1.83    +++   -4    
2.12    8.19___16:27:54 91      47    44    1.88    +++   -3    
1.22    8.19___16:28:7  92      48    44    1.83    ---   -4    
3.6     8.19___16:28:28 93      48    45    1.88    +++   -3    
9.27    8.19___16:28:57 94      48    46    1.88    +++   -2    
1.64    8.19___16:29:13 95      49    46    1.88    ---   -3    
1.27    8.19___16:29:26 96      50    46    1.83    ---   -4    
2.13    8.19___16:29:44 97      50    47    1.88    +++   -3    
1.85    8.19___16:30:0  98      51    47    1.86    ---   -4    
1.1     8.19___16:30:13 99      52    47    1.85    ---   -5    
3.06    8.19___16:30:32 100     52    48    1.86    +++   -4    
1.31    8.19___16:30:46 101     53    48    1.85    ---   -5    
1.31    8.19___16:31:0  102     54    48    1.81    ---   -6    
11.14   8.19___16:31:31 103     54    49    1.85    +++   -5    
1.06    8.19___16:31:43 104     55    49    1.81    ---   -6    
1.04    8.19___16:31:55 105     56    49    1.78    ---   -7    
3.24    8.19___16:32:15 106     56    50    1.81    +++   -6    
1       8.19___16:32:26 107     57    50    1.78    ---   -7    
1.82    8.19___16:32:42 108     58    50    1.8     ---   -8    
2.45    8.19___16:33:0  109     58    51    1.82    +++   -7    
4.39    8.19___16:33:22 110     58    52    1.83    +++   -6    
1.09    8.19___16:33:35 111     59    52    1.82    ---   -7    
1.24    8.19___16:33:48 112     60    52    1.8     ---   -8    
5.59    8.19___16:34:13 113     60    53    1.82    +++   -7    
1.09    8.19___16:34:25 114     61    53    1.8     ---   -8    
1.35    8.19___16:34:39 115     62    53    1.78    ---   -9    
5.56    8.19___16:35:3  116     62    54    1.8     +++   -8    
2.5     8.19___16:35:22 117     62    55    1.82    +++   -7    
3.15    8.19___16:35:42 118     62    56    1.83    +++   -6    
2.51    8.19___16:36:0  119     62    57    1.85    +++   -5    
5.77    8.19___16:36:24 120     62    58    1.86    +++   -4    
1.3     8.19___16:36:38 121     63    58    1.85    ---   -5    
1.04    8.19___16:36:50 122     64    58    1.83    ---   -6    
1.71    8.19___16:37:6  123     65    58    1.82    ---   -7    
3.18    8.19___16:37:26 124     65    59    1.83    +++   -6    
1.72    8.19___16:37:42 125     66    59    1.82    ---   -7    
2.03    8.19___16:37:59 126     66    60    1.83    +++   -6    
6.68    8.19___16:38:24 127     66    61    1.85    +++   -5    
12.88   8.19___16:38:57 128     66    62    1.86    +++   -4    
5.12    8.19___16:39:20 129     66    63    1.88    +++   -3    
1.03    8.19___16:39:32 130     67    63    1.86    ---   -4    
1.77    8.19___16:39:48 131     68    63    1.85    ---   -5    
1.07    8.19___16:40:0  132     69    63    1.83    ---   -6    
1.1     8.19___16:40:13 133     70    63    1.82    ---   -7    
1.07    8.19___16:40:25 134     71    63    1.8     ---   -8    
2.53    8.19___16:40:43 135     71    64    1.82    +++   -7    
4.73    8.19___16:41:6  136     71    65    1.83    +++   -6    
11.52   8.19___16:41:37 137     71    66    1.85    +++   -5    
1.99    8.19___16:41:54 138     72    66    1.86    ---   -6    
1.49    8.19___16:42:9  139     73    66    1.85    ---   -7    
1.09    8.19___16:42:21 140     74    66    1.83    ---   -8    
2.81    8.19___16:42:40 141     74    67    1.85    +++   -7    
5.65    8.19___16:43:4  142     74    68    1.86    +++   -6    
1.46    8.19___16:43:19 143     75    68    1.85    ---   -7    
1.18    8.19___16:43:32 144     76    68    1.83    ---   -8    
1.53    8.19___16:43:48 145     77    68    1.82    ---   -9    
1       8.19___16:43:58 146     78    68    1.8     ---   -10   
20.69   8.19___16:44:37 147     78    69    1.82    +++   -9    
1.13    8.19___16:44:50 148     79    69    1.8     ---   -10   
1.23    8.19___16:45:3  149     80    69    1.78    ---   -11   
1.04    8.19___16:45:15 150     81    69    1.77    ---   -12   
1.86    8.19___16:45:32 151     82    69    1.78    ---   -13   
1.2     8.19___16:45:45 152     83    69    1.77    ---   -14   
1.24    8.19___16:45:59 153     84    69    1.77    ---   -15   
10.53   8.19___16:46:29 154     84    70    1.77    +++   -14   
2.03    8.19___16:46:46 155     84    71    1.78    +++   -13   
1.18    8.19___16:46:59 156     85    71    1.77    ---   -14   
2.79    8.19___16:47:18 157     85    72    1.78    +++   -13   
1.06    8.19___16:47:30 158     86    72    1.77    ---   -14   
1.21    8.19___16:47:44 159     87    72    1.77    ---   -15   
3.12    8.19___16:48:3  160     87    73    1.77    +++   -14   
2.79    8.19___16:48:22 161     87    74    1.78    +++   -13   
7.17    8.19___16:48:48 162     87    75    1.8     +++   -12   
1.14    8.19___16:49:1  163     88    75    1.78    ---   -13   
1.52    8.19___16:49:17 164     89    75    1.77    ---   -14   
2.38    8.19___16:49:34 165     89    76    1.78    +++   -13   
4.09    8.19___16:49:56 166     89    77    1.8     +++   -12   
4.92    8.19___16:50:19 167     89    78    1.82    +++   -11   
1.31    8.19___16:50:33 168     90    78    1.8     ---   -12   
1.59    8.19___16:50:49 169     91    78    1.78    ---   -13   
2.8     8.19___16:51:8  170     91    79    1.8     +++   -12   
1       8.19___16:51:18 171     92    79    1.78    ---   -13   
1.31    8.19___16:51:33 172     93    79    1.77    ---   -14   
1.07    8.19___16:51:45 173     94    79    1.77    ---   -15   
1.05    8.19___16:51:57 174     95    79    1.77    ---   -16   
3.95    8.19___16:52:18 175     95    80    1.77    +++   -15   
1.76    8.19___16:52:34 176     96    80    1.77    ---   -16   
1.84    8.19___16:52:50 177     97    80    1.77    ---   -17   
3.49    8.19___16:53:11 178     97    81    1.77    +++   -16   
1.46    8.19___16:53:26 179     98    81    1.77    ---   -17   
1.08    8.19___16:53:38 180     99    81    1.77    ---   -18   
2.42    8.19___16:53:56 181     99    82    1.77    +++   -17   
18.9    8.19___16:54:34 182     99    83    1.77    +++   -16   
9.23    8.19___16:55:2  183     99    84    1.78    +++   -15   
1.64    8.19___16:55:18 184     100   84    1.77    ---   -16   
5.1     8.19___16:55:41 185     100   85    1.78    +++   -15   
1.78    8.19___16:55:57 186     101   85    1.78    ---   -16   
2.82    8.19___16:56:17 187     101   86    1.78    +++   -15   
1.26    8.19___16:56:30 188     102   86    1.78    ---   -16   
8.96    8.19___16:56:59 189     102   87    1.78    +++   -15   
1.26    8.19___16:57:12 190     103   87    1.78    ---   -16   
1.06    8.19___16:57:25 191     104   87    1.78    ---   -17   
2.62    8.19___16:57:43 192     104   88    1.78    +++   -16   
2.46    8.19___16:58:1  193     104   89    1.78    +++   -15   
1.12    8.19___16:58:14 194     105   89    1.78    ---   -16   
1.33    8.19___16:58:28 195     106   89    1.78    ---   -17   
2.52    8.19___16:58:47 196     106   90    1.78    +++   -16   
2.09    8.19___16:59:4  197     106   91    1.78    +++   -15   
2.02    8.19___16:59:21 198     106   92    1.8     +++   -14   
1.55    8.19___16:59:36 199     107   92    1.78    ---   -15   
