10.65   8.19___17:0:6   1       0     1     1.8     +++   1     
4.59    8.19___17:0:29  2       0     2     1.82    +++   2     
1.84    8.19___17:0:45  3       1     2     1.83    ---   1     
1.75    8.19___17:1:1   4       2     2     1.82    ---   0     
1.25    8.19___17:1:15  5       3     2     1.8     ---   -1    
1.41    8.19___17:1:30  6       4     2     1.78    ---   -2    
20.64   8.19___17:2:8   7       4     3     1.8     +++   -1    
1.1     8.19___17:2:21  8       5     3     1.78    ---   -2    
1.39    8.19___17:2:35  9       6     3     1.78    ---   -3    
1.15    8.19___17:2:48  10      7     3     1.78    ---   -4    
1.65    8.19___17:3:4   11      8     3     1.77    ---   -5    
1.57    8.19___17:3:19  12      9     3     1.77    ---   -6    
1.45    8.19___17:3:34  13      10    3     1.77    ---   -7    
1.91    8.19___17:3:51  14      11    3     1.77    ---   -8    
1.45    8.19___17:4:5   15      12    3     1.77    ---   -9    
6.41    8.19___17:4:31  16      12    4     1.77    +++   -8    
1.15    8.19___17:4:44  17      13    4     1.77    ---   -9    
12.95   8.19___17:5:16  18      13    5     1.77    +++   -8    
1.36    8.19___17:5:30  19      14    5     1.77    ---   -9    
1.08    8.19___17:5:43  20      15    5     1.77    ---   -10   
2.64    8.19___17:6:1   21      15    6     1.77    +++   -9    
14.4    8.19___17:6:35  22      15    7     1.77    +++   -8    
5.8     8.19___17:6:59  23      15    8     1.77    +++   -7    
1.06    8.19___17:7:12  24      16    8     1.77    ---   -8    
2.1     8.19___17:7:29  25      16    9     1.77    +++   -7    
1.49    8.19___17:7:44  26      17    9     1.77    ---   -8    
3.83    8.19___17:8:5   27      17    10    1.77    +++   -7    
1.99    8.19___17:8:22  28      18    10    1.78    ---   -8    
25.72   8.19___17:9:4   29      18    11    1.78    +++   -7    
4.5     8.19___17:9:26  30      18    12    1.78    +++   -6    
2.61    8.19___17:9:45  31      18    13    1.8     +++   -5    
7.57    8.19___17:10:11 32      18    14    1.82    +++   -4    
1.25    8.19___17:10:25 33      19    14    1.8     ---   -5    
1       8.19___17:10:36 34      20    14    1.78    ---   -6    
3.49    8.19___17:10:56 35      20    15    1.8     +++   -5    
1.3     8.19___17:11:10 36      21    15    1.78    ---   -6    
1.7     8.19___17:11:26 37      22    15    1.78    ---   -7    
1.03    8.19___17:11:38 38      23    15    1.78    ---   -8    
1.29    8.19___17:11:52 39      24    15    1.77    ---   -9    
20.02   8.19___17:12:30 40      24    16    1.78    +++   -8    
4.5     8.19___17:12:52 41      24    17    1.78    +++   -7    
1.06    8.19___17:13:4  42      25    17    1.78    ---   -8    
4.01    8.19___17:13:26 43      25    18    1.78    +++   -7    
5.49    8.19___17:13:50 44      25    19    1.78    +++   -6    
1.17    8.19___17:14:3  45      26    19    1.78    ---   -7    
1.09    8.19___17:14:16 46      27    19    1.78    ---   -8    
6.77    8.19___17:14:41 47      27    20    1.78    +++   -7    
2.1     8.19___17:14:58 48      27    21    1.78    +++   -6    
12.25   8.19___17:15:30 49      27    22    1.8     +++   -5    
1.25    8.19___17:15:44 50      28    22    1.78    ---   -6    
5.02    8.19___17:16:7  51      28    23    1.8     +++   -5    
2.9     8.19___17:16:26 52      28    24    1.82    +++   -4    
3.48    8.19___17:16:47 53      28    25    1.83    +++   -3    
4.57    8.19___17:17:9  54      28    26    1.84    +++   -2    
1.39    8.19___17:17:24 55      29    26    1.83    ---   -3    
6.43    8.19___17:17:49 56      29    27    1.84    +++   -2    
4.57    8.19___17:18:11 57      29    28    1.84    +++   -1    
2.46    8.19___17:18:30 58      29    29    1.84    +++   0     
4.73    8.19___17:18:52 59      29    30    1.84    +++   1     
3.86    8.19___17:19:14 60      29    31    1.85    +++   2     
1.18    8.19___17:19:27 61      30    31    1.84    ---   1     
1.03    8.19___17:19:38 62      31    31    1.84    ---   0     
2.28    8.19___17:19:56 63      31    32    1.84    +++   1     
1.34    8.19___17:20:10 64      32    32    1.84    ---   0     
2.23    8.19___17:20:28 65      32    33    1.84    +++   1     
1.84    8.19___17:20:44 66      33    33    1.84    ---   0     
1.13    8.19___17:20:57 67      34    33    1.84    ---   -1    
1.48    8.19___17:21:12 68      35    33    1.84    ---   -2    
1.22    8.19___17:21:26 69      36    33    1.84    ---   -3    
14.11   8.19___17:21:59 70      36    34    1.84    +++   -2    
3.83    8.19___17:22:20 71      36    35    1.84    +++   -1    
2.62    8.19___17:22:39 72      36    36    1.84    +++   0     
16.77   8.19___17:23:15 73      36    37    1.84    +++   1     
2.11    8.19___17:23:32 74      36    38    1.85    +++   2     
1.86    8.19___17:23:48 75      37    38    1.85    ---   1     
11.13   8.19___17:24:19 76      37    39    1.86    +++   2     
1.29    8.19___17:24:33 77      38    39    1.85    ---   1     
1.98    8.19___17:24:50 78      39    39    1.86    ---   0     
1.33    8.19___17:25:4  79      40    39    1.85    ---   -1    
1.46    8.19___17:25:19 80      41    39    1.85    ---   -2    
1.02    8.19___17:25:30 81      42    39    1.84    ---   -3    
1.03    8.19___17:25:42 82      43    39    1.84    ---   -4    
2.61    8.19___17:26:0  83      43    40    1.84    +++   -3    
1.05    8.19___17:26:12 84      44    40    1.84    ---   -4    
8.17    8.19___17:26:40 85      44    41    1.84    +++   -3    
2.12    8.19___17:26:57 86      44    42    1.85    +++   -2    
1.68    8.19___17:27:13 87      45    42    1.84    ---   -3    
1.19    8.19___17:27:26 88      46    42    1.84    ---   -4    
5.39    8.19___17:27:50 89      46    43    1.84    +++   -3    
1.79    8.19___17:28:6  90      47    43    1.84    ---   -4    
5.03    8.19___17:28:29 91      47    44    1.84    +++   -3    
1       8.19___17:28:40 92      48    44    1.84    ---   -4    
1.48    8.19___17:28:55 93      49    44    1.84    ---   -5    
33.97   8.19___17:29:42 94      49    45    1.84    +++   -4    
1.8     8.19___17:29:58 95      50    45    1.84    ---   -5    
5.97    8.19___17:30:23 96      50    46    1.84    +++   -4    
1.29    8.19___17:30:37 97      51    46    1.84    ---   -5    
1.22    8.19___17:30:50 98      52    46    1.84    ---   -6    
1.25    8.19___17:31:4  99      53    46    1.84    ---   -7    
1       8.19___17:31:14 100     54    46    1.84    ---   -8    
1.44    8.19___17:31:29 101     55    46    1.83    ---   -9    
1.14    8.19___17:31:42 102     56    46    1.82    ---   -10   
7.82    8.19___17:32:9  103     56    47    1.83    +++   -9    
3.59    8.19___17:32:30 104     56    48    1.84    +++   -8    
5.34    8.19___17:32:54 105     56    49    1.84    +++   -7    
1.27    8.19___17:33:7  106     57    49    1.84    ---   -8    
3.86    8.19___17:33:29 107     57    50    1.84    +++   -7    
1.96    8.19___17:33:45 108     58    50    1.84    ---   -8    
1.38    8.19___17:34:0  109     59    50    1.84    ---   -9    
1.32    8.19___17:34:14 110     60    50    1.84    ---   -10   
1.4     8.19___17:34:29 111     61    50    1.83    ---   -11   
1.08    8.19___17:34:41 112     62    50    1.82    ---   -12   
1.22    8.19___17:34:54 113     63    50    1.81    ---   -13   
2.55    8.19___17:35:13 114     63    51    1.82    +++   -12   
1.42    8.19___17:35:27 115     64    51    1.81    ---   -13   
9.42    8.19___17:35:56 116     64    52    1.82    +++   -12   
11.12   8.19___17:36:27 117     64    53    1.83    +++   -11   
1.59    8.19___17:36:43 118     65    53    1.82    ---   -12   
12.96   8.19___17:37:15 119     65    54    1.83    +++   -11   
12.78   8.19___17:37:47 120     65    55    1.84    +++   -10   
1.86    8.19___17:38:3  121     66    55    1.84    ---   -11   
1.33    8.19___17:38:18 122     67    55    1.84    ---   -12   
8.73    8.19___17:38:46 123     67    56    1.84    +++   -11   
1.5     8.19___17:39:1  124     68    56    1.84    ---   -12   
3.8     8.19___17:39:22 125     68    57    1.84    +++   -11   
1.57    8.19___17:39:37 126     69    57    1.84    ---   -12   
2       8.19___17:39:54 127     69    58    1.84    +++   -11   
2.3     8.19___17:40:12 128     69    59    1.84    +++   -10   
4.52    8.19___17:40:34 129     69    60    1.84    +++   -9    
1.42    8.19___17:40:49 130     70    60    1.84    ---   -10   
3.62    8.19___17:41:10 131     70    61    1.84    +++   -9    
2.19    8.19___17:41:27 132     70    62    1.84    +++   -8    
2.04    8.19___17:41:44 133     70    63    1.84    +++   -7    
2.06    8.19___17:42:1  134     70    64    1.85    +++   -6    
2.01    8.19___17:42:18 135     70    65    1.85    +++   -5    
4.19    8.19___17:42:40 136     70    66    1.86    +++   -4    
1.05    8.19___17:42:52 137     71    66    1.85    ---   -5    
1.02    8.19___17:43:4  138     72    66    1.85    ---   -6    
1.14    8.19___17:43:17 139     73    66    1.84    ---   -7    
2.17    8.19___17:43:34 140     73    67    1.85    +++   -6    
1.81    8.19___17:43:50 141     74    67    1.84    ---   -7    
2.24    8.19___17:44:8  142     74    68    1.85    +++   -6    
2.68    8.19___17:44:27 143     74    69    1.85    +++   -5    
7.48    8.19___17:44:53 144     74    70    1.86    +++   -4    
3.21    8.19___17:45:13 145     74    71    1.86    +++   -3    
1.02    8.19___17:45:25 146     75    71    1.86    ---   -4    
1.02    8.19___17:45:36 147     76    71    1.85    ---   -5    
3.27    8.19___17:45:56 148     76    72    1.86    +++   -4    
2.01    8.19___17:46:13 149     76    73    1.86    +++   -3    
4.89    8.19___17:46:36 150     76    74    1.86    +++   -2    
1.97    8.19___17:46:53 151     77    74    1.86    ---   -3    
2.35    8.19___17:47:11 152     77    75    1.86    +++   -2    
1.17    8.19___17:47:24 153     78    75    1.86    ---   -3    
1.42    8.19___17:47:39 154     79    75    1.86    ---   -4    
4.58    8.19___17:48:1  155     79    76    1.86    +++   -3    
1.79    8.19___17:48:17 156     80    76    1.86    ---   -4    
1.36    8.19___17:48:32 157     81    76    1.86    ---   -5    
1.32    8.19___17:48:46 158     82    76    1.86    ---   -6    
2.35    8.19___17:49:4  159     82    77    1.86    +++   -5    
2.38    8.19___17:49:22 160     82    78    1.86    +++   -4    
1.05    8.19___17:49:34 161     83    78    1.86    ---   -5    
3.61    8.19___17:49:54 162     83    79    1.86    +++   -4    
1.19    8.19___17:50:8  163     84    79    1.86    ---   -5    
13.39   8.19___17:50:41 164     84    80    1.86    +++   -4    
1.56    8.19___17:50:56 165     85    80    1.86    ---   -5    
1.57    8.19___17:51:11 166     86    80    1.86    ---   -6    
2.24    8.19___17:51:29 167     86    81    1.86    +++   -5    
3.11    8.19___17:51:49 168     86    82    1.86    +++   -4    
1.58    8.19___17:52:4  169     87    82    1.86    ---   -5    
1.81    8.19___17:52:20 170     88    82    1.86    ---   -6    
2.42    8.19___17:52:38 171     88    83    1.86    +++   -5    
5.25    8.19___17:53:2  172     88    84    1.86    +++   -4    
9.09    8.19___17:53:30 173     88    85    1.86    +++   -3    
1.53    8.19___17:53:45 174     89    85    1.86    ---   -4    
1.47    8.19___17:54:0  175     90    85    1.86    ---   -5    
3.94    8.19___17:54:22 176     90    86    1.86    +++   -4    
2.18    8.19___17:54:39 177     90    87    1.86    +++   -3    
2.24    8.19___17:54:57 178     90    88    1.86    +++   -2    
3.38    8.19___17:55:17 179     90    89    1.87    +++   -1    
1.28    8.19___17:55:31 180     91    89    1.86    ---   -2    
3.56    8.19___17:55:52 181     91    90    1.87    +++   -1    
1.12    8.19___17:56:5  182     92    90    1.86    ---   -2    
1.28    8.19___17:56:18 183     93    90    1.86    ---   -3    
1.63    8.19___17:56:34 184     94    90    1.86    ---   -4    
3.99    8.19___17:56:56 185     94    91    1.86    +++   -3    
1.26    8.19___17:57:9  186     95    91    1.86    ---   -4    
2.97    8.19___17:57:29 187     95    92    1.86    +++   -3    
2.36    8.19___17:57:47 188     95    93    1.86    +++   -2    
1.41    8.19___17:58:1  189     96    93    1.86    ---   -3    
1.33    8.19___17:58:15 190     97    93    1.86    ---   -4    
2.48    8.19___17:58:34 191     97    94    1.86    +++   -3    
3.03    8.19___17:58:53 192     97    95    1.86    +++   -2    
1.03    8.19___17:59:5  193     98    95    1.86    ---   -3    
25.75   8.19___17:59:47 194     98    96    1.86    +++   -2    
