3.14    8.19___13:0:15  1       0     1     1.9     +++   1     
2.34    8.19___13:0:33  2       0     2     1.9     +++   2     
2.83    8.19___13:0:52  3       0     3     1.91    +++   3     
2.14    8.19___13:1:10  4       0     4     1.91    +++   4     
1.15    8.19___13:1:23  5       1     4     1.91    ---   3     
1.25    8.19___13:1:36  6       2     4     1.9     ---   2     
3.44    8.19___13:1:57  7       2     5     1.91    +++   3     
1.44    8.19___13:2:11  8       3     5     1.9     ---   2     
2.48    8.19___13:2:30  9       3     6     1.91    +++   3     
2.14    8.19___13:2:47  10      3     7     1.91    +++   4     
1.02    8.19___13:2:58  11      4     7     1.91    ---   3     
3.33    8.19___13:3:19  12      4     8     1.91    +++   4     
1.4     8.19___13:3:33  13      5     8     1.91    ---   3     
1.88    8.19___13:3:50  14      6     8     1.9     ---   2     
1.68    8.19___13:4:5   15      7     8     1.9     ---   1     
1.34    8.19___13:4:20  16      8     8     1.9     ---   0     
3.24    8.19___13:4:40  17      8     9     1.9     +++   1     
3.9     8.19___13:5:1   18      8     10    1.9     +++   2     
1.05    8.19___13:5:13  19      9     10    1.9     ---   1     
6.48    8.19___13:5:38  20      9     11    1.9     +++   2     
1.59    8.19___13:5:54  21      10    11    1.9     ---   1     
4.27    8.19___13:6:16  22      10    12    1.9     +++   2     
7.43    8.19___13:6:42  23      10    13    1.91    +++   3     
2.53    8.19___13:7:1   24      10    14    1.91    +++   4     
1.48    8.19___13:7:16  25      11    14    1.91    ---   3     
2.22    8.19___13:7:33  26      11    15    1.91    +++   4     
9.35    8.19___13:8:2   27      11    16    1.91    +++   5     
1.06    8.19___13:8:14  28      12    16    1.91    ---   4     
1.39    8.19___13:8:29  29      13    16    1.91    ---   3     
11.64   8.19___13:9:0   30      13    17    1.91    +++   4     
1.99    8.19___13:9:17  31      14    17    1.91    ---   3     
4.35    8.19___13:9:39  32      14    18    1.91    +++   4     
8.29    8.19___13:10:6  33      14    19    1.92    +++   5     
5.89    8.19___13:10:31 34      14    20    1.92    +++   6     
2.07    8.19___13:10:48 35      14    21    1.92    +++   7     
19.17   8.19___13:11:26 36      14    22    1.92    +++   8     
1.3     8.19___13:11:40 37      15    22    1.92    ---   7     
1.26    8.19___13:11:53 38      16    22    1.92    ---   6     
1.19    8.19___13:12:7  39      17    22    1.92    ---   5     
7.77    8.19___13:12:34 40      17    23    1.92    +++   6     
22.76   8.19___13:13:14 41      17    24    1.92    +++   7     
2.01    8.19___13:13:31 42      17    25    1.92    +++   8     
1.56    8.19___13:13:46 43      18    25    1.92    ---   7     
1.16    8.19___13:13:59 44      19    25    1.92    ---   6     
1.07    8.19___13:14:11 45      20    25    1.92    ---   5     
1.28    8.19___13:14:25 46      21    25    1.91    ---   4     
2.44    8.19___13:14:43 47      21    26    1.92    +++   5     
1.68    8.19___13:14:59 48      22    26    1.91    ---   4     
1.18    8.19___13:15:12 49      23    26    1.91    ---   3     
1.66    8.19___13:15:28 50      24    26    1.91    ---   2     
1.21    8.19___13:15:41 51      25    26    1.91    ---   1     
1.63    8.19___13:15:57 52      26    26    1.9     ---   0     
1.38    8.19___13:16:11 53      27    26    1.9     ---   -1    
1.09    8.19___13:16:24 54      28    26    1.9     ---   -2    
3.95    8.19___13:16:45 55      28    27    1.9     +++   -1    
1.27    8.19___13:16:59 56      29    27    1.9     ---   -2    
1.01    8.19___13:17:10 57      30    27    1.9     ---   -3    
1.34    8.19___13:17:25 58      31    27    1.9     ---   -4    
1.29    8.19___13:17:39 59      32    27    1.9     ---   -5    
3.87    8.19___13:18:0  60      32    28    1.9     +++   -4    
2.85    8.19___13:18:19 61      32    29    1.9     +++   -3    
3.5     8.19___13:18:40 62      32    30    1.9     +++   -2    
1.47    8.19___13:18:54 63      33    30    1.9     ---   -3    
15.82   8.19___13:19:29 64      33    31    1.9     +++   -2    
2.09    8.19___13:19:46 65      33    32    1.9     +++   -1    
13.36   8.19___13:20:19 66      33    33    1.9     +++   0     
3.19    8.19___13:20:39 67      33    34    1.91    +++   1     
2.16    8.19___13:20:57 68      33    35    1.91    +++   2     
1.79    8.19___13:21:13 69      34    35    1.91    ---   1     
3.58    8.19___13:21:33 70      34    36    1.91    +++   2     
1.16    8.19___13:21:46 71      35    36    1.91    ---   1     
1.92    8.19___13:22:3  72      36    36    1.91    ---   0     
3.76    8.19___13:22:24 73      36    37    1.91    +++   1     
1.15    8.19___13:22:37 74      37    37    1.91    ---   0     
9.11    8.19___13:23:6  75      37    38    1.91    +++   1     
11.55   8.19___13:23:37 76      37    39    1.91    +++   2     
1.74    8.19___13:23:53 77      38    39    1.91    ---   1     
1.28    8.19___13:24:7  78      39    39    1.91    ---   0     
1.59    8.19___13:24:22 79      40    39    1.91    ---   -1    
1.12    8.19___13:24:35 80      41    39    1.9     ---   -2    
1.39    8.19___13:24:49 81      42    39    1.9     ---   -3    
2.47    8.19___13:25:8  82      42    40    1.9     +++   -2    
14.08   8.19___13:25:41 83      42    41    1.91    +++   -1    
2.57    8.19___13:25:59 84      42    42    1.91    +++   0     
1.1     8.19___13:26:12 85      43    42    1.91    ---   -1    
7.42    8.19___13:26:39 86      43    43    1.91    +++   0     
1.12    8.19___13:26:51 87      44    43    1.91    ---   -1    
2.18    8.19___13:27:9  88      44    44    1.91    +++   0     
2.42    8.19___13:27:27 89      44    45    1.91    +++   1     
3.17    8.19___13:27:47 90      44    46    1.91    +++   2     
2.02    8.19___13:28:4  91      44    47    1.92    +++   3     
2.53    8.19___13:28:22 92      44    48    1.92    +++   4     
1.06    8.19___13:28:34 93      45    48    1.92    ---   3     
1.79    8.19___13:28:50 94      46    48    1.91    ---   2     
2.22    8.19___13:29:8  95      46    49    1.92    +++   3     
21.62   8.19___13:29:47 96      46    50    1.92    +++   4     
3.3     8.19___13:30:7  97      46    51    1.92    +++   5     
1.02    8.19___13:30:19 98      47    51    1.92    ---   4     
2.38    8.19___13:30:37 99      47    52    1.92    +++   5     
1.83    8.19___13:30:53 100     48    52    1.92    ---   4     
1.43    8.19___13:31:8  101     49    52    1.92    ---   3     
2.46    8.19___13:31:26 102     49    53    1.92    +++   4     
2.94    8.19___13:31:45 103     49    54    1.92    +++   5     
1.97    8.19___13:32:2  104     50    54    1.92    ---   4     
1.27    8.19___13:32:16 105     51    54    1.92    ---   3     
1.46    8.19___13:32:31 106     52    54    1.92    ---   2     
1.79    8.19___13:32:47 107     53    54    1.92    ---   1     
1.33    8.19___13:33:1  108     54    54    1.91    ---   0     
1.96    8.19___13:33:18 109     55    54    1.92    ---   -1    
21.87   8.19___13:33:57 110     55    55    1.92    +++   0     
3.34    8.19___13:34:18 111     55    56    1.92    +++   1     
29.78   8.19___13:35:2  112     55    57    1.92    +++   2     
4.43    8.19___13:35:24 113     55    58    1.92    +++   3     
4.1     8.19___13:35:46 114     55    59    1.92    +++   4     
1       8.19___13:35:56 115     56    59    1.92    ---   3     
4.39    8.19___13:36:19 116     56    60    1.92    +++   4     
1.23    8.19___13:36:32 117     57    60    1.92    ---   3     
1.14    8.19___13:36:45 118     58    60    1.92    ---   2     
1.41    8.19___13:37:0  119     59    60    1.92    ---   1     
2.1     8.19___13:37:17 120     59    61    1.92    +++   2     
1.49    8.19___13:37:32 121     60    61    1.92    ---   1     
1       8.19___13:37:43 122     61    61    1.92    ---   0     
1.16    8.19___13:37:56 123     62    61    1.92    ---   -1    
1.54    8.19___13:38:11 124     63    61    1.91    ---   -2    
1.45    8.19___13:38:26 125     64    61    1.91    ---   -3    
1       8.19___13:38:36 126     65    61    1.91    ---   -4    
3.18    8.19___13:38:56 127     65    62    1.91    +++   -3    
1.72    8.19___13:39:12 128     66    62    1.91    ---   -4    
4.26    8.19___13:39:34 129     66    63    1.91    +++   -3    
2.09    8.19___13:39:51 130     66    64    1.91    +++   -2    
1.12    8.19___13:40:4  131     67    64    1.91    ---   -3    
3.58    8.19___13:40:24 132     67    65    1.91    +++   -2    
4       8.19___13:40:46 133     67    66    1.92    +++   -1    
1.49    8.19___13:41:1  134     68    66    1.91    ---   -2    
2.01    8.19___13:41:18 135     68    67    1.92    +++   -1    
1.26    8.19___13:41:32 136     69    67    1.91    ---   -2    
1.4     8.19___13:41:46 137     70    67    1.91    ---   -3    
1.69    8.19___13:42:2  138     71    67    1.91    ---   -4    
1.9     8.19___13:42:19 139     72    67    1.91    ---   -5    
1.67    8.19___13:42:34 140     73    67    1.9     ---   -6    
2.31    8.19___13:42:52 141     73    68    1.91    +++   -5    
32.34   8.19___13:43:38 142     73    69    1.91    +++   -4    
3.33    8.19___13:43:58 143     73    70    1.91    +++   -3    
2.77    8.19___13:44:17 144     73    71    1.91    +++   -2    
2.63    8.19___13:44:36 145     73    72    1.92    +++   -1    
1.18    8.19___13:44:49 146     74    72    1.91    ---   -2    
5.42    8.19___13:45:13 147     74    73    1.92    +++   -1    
2.74    8.19___13:45:32 148     74    74    1.92    +++   0     
1.66    8.19___13:45:47 149     75    74    1.92    ---   -1    
1.12    8.19___13:46:0  150     76    74    1.91    ---   -2    
1.28    8.19___13:46:14 151     77    74    1.91    ---   -3    
3       8.19___13:46:34 152     77    75    1.91    +++   -2    
23.72   8.19___13:47:14 153     77    76    1.92    +++   -1    
2.8     8.19___13:47:33 154     77    77    1.92    +++   0     
1.63    8.19___13:47:49 155     78    77    1.92    ---   -1    
2.13    8.19___13:48:6  156     78    78    1.92    +++   0     
1.25    8.19___13:48:20 157     79    78    1.92    ---   -1    
15.16   8.19___13:48:54 158     79    79    1.92    +++   0     
1.38    8.19___13:49:9  159     80    79    1.92    ---   -1    
1.69    8.19___13:49:24 160     81    79    1.91    ---   -2    
2.64    8.19___13:49:43 161     81    80    1.92    +++   -1    
2.18    8.19___13:50:0  162     81    81    1.92    +++   0     
1.31    8.19___13:50:15 163     82    81    1.92    ---   -1    
1.09    8.19___13:50:27 164     83    81    1.91    ---   -2    
4.15    8.19___13:50:49 165     83    82    1.92    +++   -1    
4.23    8.19___13:51:11 166     83    83    1.92    +++   0     
1.25    8.19___13:51:24 167     84    83    1.92    ---   -1    
1.94    8.19___13:51:41 168     85    83    1.92    ---   -2    
22.31   8.19___13:52:21 169     85    84    1.92    +++   -1    
1.96    8.19___13:52:38 170     86    84    1.92    ---   -2    
1.14    8.19___13:52:50 171     87    84    1.92    ---   -3    
12.68   8.19___13:53:23 172     87    85    1.92    +++   -2    
1.34    8.19___13:53:37 173     88    85    1.92    ---   -3    
5.48    8.19___13:54:1  174     88    86    1.92    +++   -2    
12.8    8.19___13:54:33 175     88    87    1.92    +++   -1    
1.34    8.19___13:54:47 176     89    87    1.92    ---   -2    
3.99    8.19___13:55:9  177     89    88    1.92    +++   -1    
1.73    8.19___13:55:25 178     90    88    1.92    ---   -2    
2.5     8.19___13:55:43 179     90    89    1.92    +++   -1    
4.59    8.19___13:56:6  180     90    90    1.92    +++   0     
2.06    8.19___13:56:23 181     90    91    1.93    +++   1     
4.88    8.19___13:56:46 182     90    92    1.93    +++   2     
1.43    8.19___13:57:0  183     91    92    1.93    ---   1     
4.54    8.19___13:57:23 184     91    93    1.93    +++   2     
1.01    8.19___13:57:34 185     92    93    1.93    ---   1     
1.81    8.19___13:57:50 186     93    93    1.92    ---   0     
1.24    8.19___13:58:4  187     94    93    1.92    ---   -1    
3.15    8.19___13:58:24 188     94    94    1.92    +++   0     
1.04    8.19___13:58:36 189     95    94    1.92    ---   -1    
2.74    8.19___13:58:54 190     95    95    1.92    +++   0     
2.37    8.19___13:59:12 191     95    96    1.93    +++   1     
1.16    8.19___13:59:26 192     96    96    1.92    ---   0     
1.3     8.19___13:59:40 193     97    96    1.92    ---   -1    
7.6     9.19___13:0:14  1       0     1     2.5     +++   1     
9.62    9.19___13:0:44  2       0     2     2.91    +++   2     
1.21    9.19___13:0:57  3       1     2     2.5     ---   1     
2.93    9.19___13:1:16  4       1     3     2.91    +++   2     
1.17    9.19___13:1:30  5       2     3     2.5     ---   1     
1.67    9.19___13:1:45  6       3     3     2.1     ---   0     
6.04    9.19___13:2:10  7       3     4     2.5     +++   1     
4.55    9.19___13:2:33  8       3     5     2.91    +++   2     
5.37    9.19___13:2:56  9       3     6     2.92    +++   3     
1.6     9.19___13:3:12  10      4     6     2.91    ---   2     
1.58    9.19___13:3:27  11      5     6     2.5     ---   1     
1.37    9.19___13:3:42  12      6     6     2.1     ---   0     
1.3     9.19___13:3:56  13      7     6     1.88    ---   -1    
2.71    9.19___13:4:14  14      7     7     2.1     +++   0     
2.11    9.19___13:4:32  15      7     8     2.1     +++   1     
16.38   9.19___13:5:7   16      7     9     2.11    +++   2     
4.06    9.19___13:5:29  17      7     10    2.41    +++   3     
1.45    9.19___13:5:43  18      8     10    2.11    ---   2     
1.16    9.19___13:5:57  19      9     10    2.1     ---   1     
1.07    9.19___13:6:9   20      10    10    2.1     ---   0     
1.04    9.19___13:6:21  21      11    10    1.88    ---   -1    
4.1     9.19___13:6:42  22      11    11    2.1     +++   0     
1.86    9.19___13:6:59  23      12    11    1.98    ---   -1    
1.08    9.19___13:7:11  24      13    11    1.86    ---   -2    
1.28    9.19___13:7:25  25      14    11    1.76    ---   -3    
1.24    9.19___13:7:39  26      15    11    1.67    ---   -4    
2.87    9.19___13:7:58  27      15    12    1.76    +++   -3    
5.1     9.19___13:8:21  28      15    13    1.86    +++   -2    
1.89    9.19___13:8:38  29      16    13    1.87    ---   -3    
1.31    9.19___13:8:52  30      17    13    1.86    ---   -4    
1.28    9.19___13:9:6   31      18    13    1.76    ---   -5    
3.77    9.19___13:9:27  32      18    14    1.86    +++   -4    
2.56    9.19___13:9:45  33      18    15    1.87    +++   -3    
1.3     9.19___13:9:59  34      19    15    1.86    ---   -4    
1.04    9.19___13:10:11 35      20    15    1.76    ---   -5    
1.15    9.19___13:10:24 36      21    15    1.67    ---   -6    
1.54    9.19___13:10:39 37      22    15    1.63    ---   -7    
2.45    9.19___13:10:58 38      22    16    1.67    +++   -6    
1.17    9.19___13:11:11 39      23    16    1.63    ---   -7    
1.02    9.19___13:11:22 40      24    16    1.6     ---   -8    
1.34    9.19___13:11:36 41      25    16    1.59    ---   -9    
20.16   9.19___13:12:15 42      25    17    1.6     +++   -8    
1.46    9.19___13:12:29 43      26    17    1.59    ---   -9    
2.66    9.19___13:12:48 44      26    18    1.6     +++   -8    
7.46    9.19___13:13:15 45      26    19    1.63    +++   -7    
1.34    9.19___13:13:29 46      27    19    1.6     ---   -8    
4.4     9.19___13:13:51 47      27    20    1.63    +++   -7    
1.79    9.19___13:14:7  48      28    20    1.67    ---   -8    
20.06   9.19___13:14:46 49      28    21    1.73    +++   -7    
3.54    9.19___13:15:6  50      28    22    1.79    +++   -6    
3.41    9.19___13:15:27 51      28    23    1.82    +++   -5    
1       9.19___13:15:37 52      29    23    1.79    ---   -6    
1.01    9.19___13:15:48 53      30    23    1.73    ---   -7    
1.13    9.19___13:16:1  54      31    23    1.67    ---   -8    
1.04    9.19___13:16:13 55      32    23    1.63    ---   -9    
3.13    9.19___13:16:33 56      32    24    1.67    +++   -8    
4.37    9.19___13:16:55 57      32    25    1.73    +++   -7    
2.45    9.19___13:17:13 58      32    26    1.79    +++   -6    
1.08    9.19___13:17:25 59      33    26    1.73    ---   -7    
1.99    9.19___13:17:42 60      34    26    1.79    ---   -8    
1.5     9.19___13:17:57 61      35    26    1.73    ---   -9    
1.53    9.19___13:18:12 62      36    26    1.67    ---   -10   
1.01    9.19___13:18:24 63      37    26    1.63    ---   -11   
10.27   9.19___13:18:53 64      37    27    1.67    +++   -10   
13.18   9.19___13:19:26 65      37    28    1.73    +++   -9    
1.53    9.19___13:19:41 66      38    28    1.67    ---   -10   
1.37    9.19___13:19:56 67      39    28    1.63    ---   -11   
1.97    9.19___13:20:12 68      40    28    1.67    ---   -12   
2.36    9.19___13:20:30 69      40    29    1.73    +++   -11   
3.17    9.19___13:20:50 70      40    30    1.79    +++   -10   
3.89    9.19___13:21:12 71      40    31    1.82    +++   -9    
2.44    9.19___13:21:30 72      40    32    1.86    +++   -8    
1.09    9.19___13:21:42 73      41    32    1.82    ---   -9    
1.09    9.19___13:21:55 74      42    32    1.79    ---   -10   
1.73    9.19___13:22:11 75      43    32    1.76    ---   -11   
5.55    9.19___13:22:35 76      43    33    1.79    +++   -10   
1       9.19___13:22:45 77      44    33    1.76    ---   -11   
11.9    9.19___13:23:17 78      44    34    1.79    +++   -10   
1.34    9.19___13:23:31 79      45    34    1.76    ---   -11   
5.86    9.19___13:23:55 80      45    35    1.79    +++   -10   
1.36    9.19___13:24:10 81      46    35    1.76    ---   -11   
1.2     9.19___13:24:23 82      47    35    1.73    ---   -12   
2.25    9.19___13:24:41 83      47    36    1.76    +++   -11   
1.07    9.19___13:24:53 84      48    36    1.73    ---   -12   
2.5     9.19___13:25:11 85      48    37    1.76    +++   -11   
2.93    9.19___13:25:31 86      48    38    1.79    +++   -10   
2.98    9.19___13:25:50 87      48    39    1.82    +++   -9    
2.04    9.19___13:26:7  88      48    40    1.86    +++   -8    
1.18    9.19___13:26:20 89      49    40    1.82    ---   -9    
2.28    9.19___13:26:38 90      49    41    1.86    +++   -8    
1.77    9.19___13:26:54 91      50    41    1.82    ---   -9    
1.97    9.19___13:27:11 92      51    41    1.86    ---   -10   
1.53    9.19___13:27:26 93      52    41    1.82    ---   -11   
1       9.19___13:27:37 94      53    41    1.79    ---   -12   
4.05    9.19___13:27:58 95      53    42    1.82    +++   -11   
4.37    9.19___13:28:20 96      53    43    1.86    +++   -10   
1.11    9.19___13:28:33 97      54    43    1.82    ---   -11   
3.64    9.19___13:28:54 98      54    44    1.86    +++   -10   
1.52    9.19___13:29:9  99      55    44    1.82    ---   -11   
1.18    9.19___13:29:22 100     56    44    1.79    ---   -12   
4.09    9.19___13:29:44 101     56    45    1.82    +++   -11   
2.18    9.19___13:30:1  102     56    46    1.86    +++   -10   
1.01    9.19___13:30:13 103     57    46    1.82    ---   -11   
1.2     9.19___13:30:26 104     58    46    1.79    ---   -12   
1.09    9.19___13:30:38 105     59    46    1.78    ---   -13   
1.63    9.19___13:30:54 106     60    46    1.77    ---   -14   
2.55    9.19___13:31:12 107     60    47    1.78    +++   -13   
1       9.19___13:31:23 108     61    47    1.77    ---   -14   
1.13    9.19___13:31:36 109     62    47    1.75    ---   -15   
2.54    9.19___13:31:54 110     62    48    1.77    +++   -14   
1.72    9.19___13:32:10 111     63    48    1.75    ---   -15   
5.27    9.19___13:32:34 112     63    49    1.77    +++   -14   
1.1     9.19___13:32:46 113     64    49    1.75    ---   -15   
1.5     9.19___13:33:1  114     65    49    1.73    ---   -16   
2.01    9.19___13:33:18 115     65    50    1.75    +++   -15   
33.9    9.19___13:34:5  116     65    51    1.77    +++   -14   
6.22    9.19___13:34:30 117     65    52    1.78    +++   -13   
10.31   9.19___13:35:0  118     65    53    1.79    +++   -12   
1.35    9.19___13:35:14 119     66    53    1.78    ---   -13   
1.4     9.19___13:35:29 120     67    53    1.77    ---   -14   
6.4     9.19___13:35:54 121     67    54    1.78    +++   -13   
1.17    9.19___13:36:7  122     68    54    1.77    ---   -14   
4.67    9.19___13:36:30 123     68    55    1.78    +++   -13   
1.53    9.19___13:36:45 124     69    55    1.77    ---   -14   
3.2     9.19___13:37:5  125     69    56    1.78    +++   -13   
1.09    9.19___13:37:18 126     70    56    1.77    ---   -14   
13.45   9.19___13:37:50 127     70    57    1.78    +++   -13   
1.08    9.19___13:38:3  128     71    57    1.77    ---   -14   
1.83    9.19___13:38:19 129     72    57    1.78    ---   -15   
1.05    9.19___13:38:31 130     73    57    1.77    ---   -16   
1.08    9.19___13:38:43 131     74    57    1.75    ---   -17   
4.73    9.19___13:39:6  132     74    58    1.77    +++   -16   
1.4     9.19___13:39:21 133     75    58    1.75    ---   -17   
1.34    9.19___13:39:35 134     76    58    1.73    ---   -18   
24.84   9.19___13:40:16 135     76    59    1.75    +++   -17   
1.28    9.19___13:40:30 136     77    59    1.73    ---   -18   
31.25   9.19___13:41:16 137     77    60    1.75    +++   -17   
21.81   9.19___13:41:55 138     77    61    1.77    +++   -16   
1.5     9.19___13:42:10 139     78    61    1.75    ---   -17   
18.96   9.19___13:42:47 140     78    62    1.77    +++   -16   
2.02    9.19___13:43:4  141     78    63    1.78    +++   -15   
1.02    9.19___13:43:16 142     79    63    1.77    ---   -16   
6.81    9.19___13:43:42 143     79    64    1.78    +++   -15   
5.28    9.19___13:44:5  144     79    65    1.79    +++   -14   
1.89    9.19___13:44:22 145     80    65    1.81    ---   -15   
1.38    9.19___13:44:36 146     81    65    1.79    ---   -16   
1.03    9.19___13:44:48 147     82    65    1.78    ---   -17   
1.48    9.19___13:45:3  148     83    65    1.77    ---   -18   
1.19    9.19___13:45:16 149     84    65    1.75    ---   -19   
1.52    9.19___13:45:31 150     85    65    1.73    ---   -20   
2.55    9.19___13:45:50 151     85    66    1.75    +++   -19   
7.11    9.19___13:46:16 152     85    67    1.77    +++   -18   
1.76    9.19___13:46:32 153     86    67    1.76    ---   -19   
1.41    9.19___13:46:47 154     87    67    1.76    ---   -20   
3.37    9.19___13:47:7  155     87    68    1.76    +++   -19   
1.19    9.19___13:47:20 156     88    68    1.76    ---   -20   
1.7     9.19___13:47:36 157     89    68    1.74    ---   -21   
14.64   9.19___13:48:10 158     89    69    1.76    +++   -20   
1.1     9.19___13:48:22 159     90    69    1.74    ---   -21   
4.76    9.19___13:48:45 160     90    70    1.76    +++   -20   
1.09    9.19___13:48:58 161     91    70    1.74    ---   -21   
8.66    9.19___13:49:26 162     91    71    1.76    +++   -20   
1.43    9.19___13:49:40 163     92    71    1.74    ---   -21   
25.47   9.19___13:50:22 164     92    72    1.76    +++   -20   
1.53    9.19___13:50:37 165     93    72    1.74    ---   -21   
1.02    9.19___13:50:49 166     94    72    1.73    ---   -22   
1.16    9.19___13:51:2  167     95    72    1.72    ---   -23   
11.03   9.19___13:51:33 168     95    73    1.73    +++   -22   
1.23    9.19___13:51:46 169     96    73    1.72    ---   -23   
27.2    9.19___13:52:29 170     96    74    1.73    +++   -22   
5.25    9.19___13:52:53 171     96    75    1.74    +++   -21   
3.86    9.19___13:53:14 172     96    76    1.76    +++   -20   
1       9.19___13:53:25 173     97    76    1.74    ---   -21   
1.95    9.19___13:53:41 174     98    76    1.76    ---   -22   
14.83   9.19___13:54:15 175     98    77    1.76    +++   -21   
3.29    9.19___13:54:35 176     98    78    1.77    +++   -20   
2.13    9.19___13:54:53 177     98    79    1.78    +++   -19   
2.24    9.19___13:55:10 178     98    80    1.79    +++   -18   
6.32    9.19___13:55:35 179     98    81    1.81    +++   -17   
7.99    9.19___13:56:3  180     98    82    1.83    +++   -16   
1.22    9.19___13:56:16 181     99    82    1.81    ---   -17   
1.76    9.19___13:56:32 182     100   82    1.79    ---   -18   
1.05    9.19___13:56:44 183     101   82    1.78    ---   -19   
1.74    9.19___13:57:0  184     102   82    1.77    ---   -20   
1.3     9.19___13:57:14 185     103   82    1.76    ---   -21   
1.29    9.19___13:57:28 186     104   82    1.76    ---   -22   
1.97    9.19___13:57:45 187     105   82    1.76    ---   -23   
3.19    9.19___13:58:5  188     105   83    1.77    +++   -22   
2.09    9.19___13:58:22 189     105   84    1.78    +++   -21   
3.56    9.19___13:58:43 190     105   85    1.79    +++   -20   
1.15    9.19___13:58:56 191     106   85    1.78    ---   -21   
1.05    9.19___13:59:8  192     107   85    1.77    ---   -22   
3.08    9.19___13:59:28 193     107   86    1.78    +++   -21   
1.16    9.19___13:59:41 194     108   86    1.77    ---   -22   
1.98    9.19___13:59:57 195     109   86    1.78    ---   -23   
