3.66    8.19___10:14:58 1       0     1     3.66    +++   1     
2.35    8.19___10:15:16 2       0     2     3       +++   2     
6.41    8.19___10:15:41 3       0     3     3.66    +++   3     
2.66    8.19___10:16:0  4       0     4     3.16    +++   4     
2.81    8.19___10:16:19 5       0     5     2.81    +++   5     
2.42    8.19___10:16:37 6       0     6     2.73    +++   6     
2.22    8.19___10:16:54 7       0     7     2.66    +++   7     
1.2     8.19___10:17:8  8       1     7     2.54    ---   6     
2.81    8.19___10:17:27 9       1     8     2.66    +++   7     
6.77    8.19___10:17:53 10      1     9     2.73    +++   8     
1.17    8.19___10:18:6  11      2     9     2.66    ---   7     
1       8.19___10:18:16 12      3     9     2.54    ---   6     
1       8.19___10:18:27 13      4     9     2.42    ---   5     
1.92    8.19___10:18:44 14      5     9     2.38    ---   4     
2.59    8.19___10:19:2  15      5     10    2.42    +++   5     
3.24    8.19___10:19:22 16      5     11    2.5     +++   6     
11.29   8.19___10:19:53 17      5     12    2.59    +++   7     
1       8.19___10:20:3  18      6     12    2.5     ---   6     
1.04    8.19___10:20:15 19      7     12    2.42    ---   5     
1.06    8.19___10:20:27 20      8     12    2.38    ---   4     
9.82    8.19___10:20:57 21      8     13    2.42    +++   5     
3.55    8.19___10:21:17 22      8     14    2.5     +++   6     
3.46    8.19___10:21:38 23      8     15    2.59    +++   7     
1.6     8.19___10:21:53 24      9     15    2.5     ---   6     
22.41   8.19___10:22:33 25      9     16    2.59    +++   7     
4.18    8.19___10:22:55 26      9     17    2.62    +++   8     
1.03    8.19___10:23:7  27      10    17    2.59    ---   7     
2.16    8.19___10:23:24 28      10    18    2.5     +++   8     
1.6     8.19___10:23:39 29      11    18    2.42    ---   7     
7.03    8.19___10:24:5  30      11    19    2.5     +++   8     
6.06    8.19___10:24:30 31      11    20    2.59    +++   9     
1.87    8.19___10:24:47 32      12    20    2.5     ---   8     
1.31    8.19___10:25:1  33      13    20    2.42    ---   7     
1.9     8.19___10:25:17 34      14    20    2.38    ---   6     
20.37   8.19___10:25:56 35      14    21    2.42    +++   7     
1.03    8.19___10:26:7  36      15    21    2.38    ---   6     
5.91    8.19___10:26:32 37      15    22    2.42    +++   7     
1.07    8.19___10:26:44 38      16    22    2.38    ---   6     
14.57   8.19___10:27:18 39      16    23    2.42    +++   7     
4.72    8.19___10:27:41 40      16    24    2.5     +++   8     
4.11    8.19___10:28:2  41      16    25    2.59    +++   9     
1.61    8.19___10:28:18 42      17    25    2.5     ---   8     
3.4     8.19___10:28:38 43      17    26    2.59    +++   9     
1.73    8.19___10:28:54 44      18    26    2.5     ---   8     
1.39    8.19___10:29:9  45      19    26    2.42    ---   7     
13.84   8.19___10:29:42 46      19    27    2.5     +++   8     
1.04    8.19___10:29:54 47      20    27    2.42    ---   7     
5.38    8.19___10:30:18 48      20    28    2.5     +++   8     
1.08    8.19___10:30:30 49      21    28    2.42    ---   7     
1.22    8.19___10:30:43 50      22    28    2.38    ---   6     
2.3     8.19___10:31:1  51      22    29    2.35    +++   7     
3.72    8.19___10:31:22 52      22    30    2.38    +++   8     
17.31   8.19___10:31:58 53      22    31    2.42    +++   9     
1.21    8.19___10:32:12 54      23    31    2.38    ---   8     
34.15   8.19___10:32:59 55      23    32    2.42    +++   9     
1.56    8.19___10:33:14 56      24    32    2.38    ---   8     
1.35    8.19___10:33:28 57      25    32    2.35    ---   7     
1.17    8.19___10:33:41 58      26    32    2.32    ---   6     
2.19    8.19___10:33:59 59      26    33    2.29    +++   7     
1       8.19___10:34:9  60      27    33    2.25    ---   6     
21.11   8.19___10:34:48 61      27    34    2.29    +++   7     
2.32    8.19___10:35:6  62      27    35    2.3     +++   8     
7.78    8.19___10:35:33 63      27    36    2.31    +++   9     
6.23    8.19___10:35:58 64      27    37    2.33    +++   10    
1.15    8.19___10:36:11 65      28    37    2.31    ---   9     
4.27    8.19___10:36:33 66      28    38    2.33    +++   10    
15.46   8.19___10:37:8  67      28    39    2.35    +++   11    
1.36    8.19___10:37:22 68      29    39    2.33    ---   10    
1.74    8.19___10:37:38 69      30    39    2.31    ---   9     
1.44    8.19___10:37:53 70      31    39    2.3     ---   8     
6.2     8.19___10:38:18 71      31    40    2.31    +++   9     
1.89    8.19___10:38:34 72      32    40    2.3     ---   8     
1.22    8.19___10:38:48 73      33    40    2.29    ---   7     
1.99    8.19___10:39:5  74      34    40    2.25    ---   6     
1.41    8.19___10:39:19 75      35    40    2.22    ---   5     
1.55    8.19___10:39:35 76      36    40    2.2     ---   4     
1.3     8.19___10:39:49 77      37    40    2.19    ---   3     
3.58    8.19___10:40:9  78      37    41    2.2     +++   4     
1.49    8.19___10:40:24 79      38    41    2.19    ---   3     
1.54    8.19___10:40:40 80      39    41    2.17    ---   2     
1.56    8.19___10:40:55 81      40    41    2.16    ---   1     
1.32    8.19___10:41:9  82      41    41    2.07    ---   0     
1.17    8.19___10:41:22 83      42    41    1.99    ---   -1    
1.42    8.19___10:41:37 84      43    41    1.95    ---   -2    
3.97    8.19___10:41:58 85      43    42    1.99    +++   -1    
1.3     8.19___10:42:12 86      44    42    1.95    ---   -2    
1.06    8.19___10:42:25 87      45    42    1.92    ---   -3    
1.56    8.19___10:42:40 88      46    42    1.91    ---   -4    
1.12    8.19___10:42:53 89      47    42    1.9     ---   -5    
1.96    8.19___10:43:9  90      48    42    1.91    ---   -6    
1.34    8.19___10:43:24 91      49    42    1.9     ---   -7    
1.93    8.19___10:43:40 92      50    42    1.91    ---   -8    
2.48    8.19___10:43:58 93      50    43    1.92    +++   -7    
1.33    8.19___10:44:13 94      51    43    1.91    ---   -8    
1.12    8.19___10:44:25 95      52    43    1.9     ---   -9    
2.88    8.19___10:44:45 96      52    44    1.91    +++   -8    
1.28    8.19___10:44:58 97      53    44    1.9     ---   -9    
9.64    8.19___10:45:28 98      53    45    1.91    +++   -8    
1.95    8.19___10:45:44 99      54    45    1.92    ---   -9    
1       8.19___10:45:55 100     55    45    1.91    ---   -10   
3.1     8.19___10:46:15 101     55    46    1.92    +++   -9    
1.06    8.19___10:46:27 102     56    46    1.91    ---   -10   
2.33    8.19___10:46:44 103     56    47    1.92    +++   -9    
1.03    8.19___10:46:56 104     57    47    1.91    ---   -10   
1.03    8.19___10:47:8  105     58    47    1.9     ---   -11   
4.1     8.19___10:47:29 106     58    48    1.91    +++   -10   
1.23    8.19___10:47:43 107     59    48    1.9     ---   -11   
2.01    8.19___10:48:0  108     59    49    1.91    +++   -10   
1.41    8.19___10:48:15 109     60    49    1.9     ---   -11   
13.21   8.19___10:48:47 110     60    50    1.91    +++   -10   
3.88    8.19___10:49:8  111     60    51    1.92    +++   -9    
26.42   8.19___10:49:51 112     60    52    1.92    +++   -8    
5.91    8.19___10:50:15 113     60    53    1.93    +++   -7    
1.45    8.19___10:50:30 114     61    53    1.92    ---   -8    
2.42    8.19___10:50:48 115     61    54    1.93    +++   -7    
16.52   8.19___10:51:24 116     61    55    1.94    +++   -6    
1.46    8.19___10:51:39 117     62    55    1.93    ---   -7    
1.26    8.19___10:51:52 118     63    55    1.92    ---   -8    
1.15    8.19___10:52:5  119     64    55    1.92    ---   -9    
1       8.19___10:52:16 120     65    55    1.91    ---   -10   
1.53    8.19___10:52:31 121     66    55    1.9     ---   -11   
2.66    8.19___10:52:50 122     66    56    1.91    +++   -10   
8.02    8.19___10:53:17 123     66    57    1.92    +++   -9    
1.97    8.19___10:53:34 124     67    57    1.92    ---   -10   
2.38    8.19___10:53:52 125     67    58    1.93    +++   -9    
2.78    8.19___10:54:11 126     67    59    1.94    +++   -8    
1.15    8.19___10:54:24 127     68    59    1.93    ---   -9    
1.88    8.19___10:54:40 128     69    59    1.92    ---   -10   
1.79    8.19___10:54:56 129     70    59    1.92    ---   -11   
1.26    8.19___10:55:10 130     71    59    1.91    ---   -12   
1.03    8.19___10:55:22 131     72    59    1.9     ---   -13   
1.52    8.19___10:55:37 132     73    59    1.89    ---   -14   
1.7     8.19___10:55:53 133     74    59    1.89    ---   -15   
13.45   8.19___10:56:26 134     74    60    1.89    +++   -14   
1.2     8.19___10:56:39 135     75    60    1.89    ---   -15   
1.39    8.19___10:56:54 136     76    60    1.88    ---   -16   
7.65    8.19___10:57:20 137     76    61    1.89    +++   -15   
1       8.19___10:57:31 138     77    61    1.88    ---   -16   
4.99    8.19___10:57:54 139     77    62    1.89    +++   -15   
1.64    8.19___10:58:10 140     78    62    1.88    ---   -16   
7.61    8.19___10:58:37 141     78    63    1.89    +++   -15   
1.56    8.19___10:58:52 142     79    63    1.88    ---   -16   
3.44    8.19___10:59:12 143     79    64    1.89    +++   -15   
1.79    8.19___10:59:28 144     80    64    1.88    ---   -16   
2.13    8.19___10:59:46 145     80    65    1.89    +++   -15   
