1.29    10.1___11:34:28 1       1     0     1.29    ---   -1    
8.84    10.1___11:34:56 2       1     1     5.06    +++   0     
3.84    10.1___11:35:16 3       1     2     3.84    +++   1     
1.31    10.1___11:35:30 4       2     2     2.57    ---   0     
1.5     10.1___11:35:44 5       3     2     1.5     ---   -1    
2.63    10.1___11:36:2  6       3     3     2.06    +++   0     
1.75    10.1___11:36:18 7       4     3     1.75    ---   -1    
1.51    10.1___11:40:23 1       1     0     1.51    ---   -1    
2.17    10.1___11:40:40 2       1     1     1.84    +++   0     
1.05    10.1___11:40:52 3       2     1     1.51    ---   -1    
1.45    10.1___11:41:20 4       3     1     1.48    ---   -2    
1       10.1___11:41:20 5       4     1     1.45    ---   -3    
2.47    10.1___11:41:34 6       4     2     1.48    +++   -2    
3.14    10.1___11:42:33 7       4     3     1.51    +++   -1    
2.05    10.1___11:42:50 8       4     4     1.77    +++   0     
