3.11    8.21___0:35:1   1       0     1     3.11    +++   1     
3.64    8.21___0:35:45  1       0     1     3.64    +++   1     
4.28    8.21___0:36:7   2       0     2     3.96    +++   2     
1.92    8.21___0:36:23  3       1     2     3.64    ---   1     
3.45    8.21___0:36:44  4       1     3     3.54    +++   2     
2.14    8.21___0:37:1   5       1     4     3.45    +++   3     
1.28    8.21___0:37:15  6       2     4     2.79    ---   2     
2.29    8.21___0:37:33  7       2     5     2.29    +++   3     
1.24    8.21___0:37:47  8       3     5     2.21    ---   2     
1.29    8.21___0:38:1   9       4     5     2.14    ---   1     
1.96    8.21___0:38:17  10      5     5     2.04    ---   0     
1.19    8.21___0:38:31  11      6     5     1.96    ---   -1    
1.16    8.21___0:38:44  12      7     5     1.94    ---   -2    
1.82    8.21___0:39:0   13      8     5     1.92    ---   -3    
1.22    8.21___0:39:14  14      9     5     1.87    ---   -4    
2.51    8.21___0:39:32  15      9     6     1.92    +++   -3    
6.02    8.21___0:39:57  16      9     7     1.94    +++   -2    
