3.33    8.23___12:0:10  1       0     1     1.97    +++   1     
2.78    8.23___12:0:29  2       0     2     1.98    +++   2     
4.08    8.23___12:0:50  3       0     3     1.99    +++   3     
1.04    8.23___12:1:2   4       1     3     1.98    ---   2     
1.07    8.23___12:1:14  5       2     3     1.97    ---   1     
2.43    8.23___12:1:33  6       2     4     1.98    +++   2     
2.28    8.23___12:1:50  7       2     5     1.99    +++   3     
1.87    8.23___12:2:7   8       3     5     1.98    ---   2     
8.15    8.23___12:2:34  9       3     6     1.99    +++   3     
1.01    8.23___12:2:45  10      4     6     1.98    ---   2     
4.23    8.23___12:3:7   11      4     7     1.99    +++   3     
3.65    8.23___12:3:28  12      4     8     2       +++   4     
3.11    8.23___12:3:48  13      4     9     2       +++   5     
1       8.23___12:3:58  14      5     9     2       ---   4     
1.41    8.23___12:4:13  15      6     9     1.99    ---   3     
1.06    8.23___12:4:25  16      7     9     1.98    ---   2     
2.4     8.23___12:4:43  17      7     10    1.99    +++   3     
2.78    8.23___12:5:2   18      7     11    2       +++   4     
1.76    8.23___12:5:18  19      8     11    1.99    ---   3     
1.79    8.23___12:5:34  20      9     11    1.98    ---   2     
4.97    8.23___12:5:57  21      9     12    1.99    +++   3     
1.12    8.23___12:6:10  22      10    12    1.98    ---   2     
13.3    8.23___12:6:43  23      10    13    1.99    +++   3     
16.28   8.23___12:7:18  24      10    14    2       +++   4     
3.15    8.23___12:7:38  25      10    15    2       +++   5     
3.12    8.23___12:7:58  26      10    16    2.01    +++   6     
1.79    8.23___12:8:14  27      11    16    2       ---   5     
4.59    8.23___12:8:36  28      11    17    2.01    +++   6     
1.52    8.23___12:8:52  29      12    17    2       ---   5     
1.09    8.23___12:9:4   30      13    17    2       ---   4     
1.16    8.23___12:9:17  31      14    17    1.99    ---   3     
1.07    8.23___12:9:29  32      15    17    1.98    ---   2     
1.65    8.23___12:9:45  33      16    17    1.97    ---   1     
1.21    8.23___12:9:58  34      17    17    1.96    ---   0     
14.36   8.23___12:10:32 35      17    18    1.97    +++   1     
7.47    8.23___12:10:59 36      17    19    1.98    +++   2     
21.09   8.23___12:11:38 37      17    20    1.99    +++   3     
4.95    8.23___12:12:1  38      17    21    2       +++   4     
29.07   8.23___12:12:45 39      17    22    2       +++   5     
1.9     8.23___12:13:1  40      18    22    2       ---   4     
3.26    8.23___12:13:21 41      18    23    2       +++   5     
1.45    8.23___12:13:36 42      19    23    2       ---   4     
2.94    8.23___12:13:56 43      19    24    2       +++   5     
1.8     8.23___12:14:12 44      20    24    2       ---   4     
1.67    8.23___12:14:28 45      21    24    1.99    ---   3     
1.02    8.23___12:14:39 46      22    24    1.98    ---   2     
1.18    8.23___12:14:55 47      23    24    1.97    ---   1     
1.46    8.23___12:15:7  48      24    24    1.96    ---   0     
7.5     8.23___12:15:34 49      24    25    1.97    +++   1     
1.06    8.23___12:15:46 50      25    25    1.96    ---   0     
7.2     8.23___12:16:12 51      25    26    1.97    +++   1     
1.76    8.23___12:16:28 52      26    26    1.96    ---   0     
10.33   8.23___12:16:58 53      26    27    1.97    +++   1     
2.42    8.23___12:17:16 54      26    28    1.98    +++   2     
20.88   8.23___12:17:55 55      26    29    1.99    +++   3     
1.43    8.23___12:18:10 56      27    29    1.98    ---   2     
1.09    8.23___12:18:22 57      28    29    1.97    ---   1     
2.64    8.23___12:18:41 58      28    30    1.98    +++   2     
7.57    8.23___12:19:8  59      28    31    1.99    +++   3     
6.13    8.23___12:19:33 60      28    32    2       +++   4     
1.27    8.23___12:19:46 61      29    32    1.99    ---   3     
1.27    8.23___12:20:0  62      30    32    1.98    ---   2     
1.1     8.23___12:20:13 63      31    32    1.97    ---   1     
1       8.23___12:20:23 64      32    32    1.96    ---   0     
1.04    8.23___12:20:35 65      33    32    1.96    ---   -1    
18.23   8.23___12:21:12 66      33    33    1.96    +++   0     
3.57    8.23___12:21:33 67      33    34    1.97    +++   1     
1.01    8.23___12:21:44 68      34    34    1.96    ---   0     
2.01    8.23___12:22:1  69      34    35    1.97    +++   1     
6.2     8.23___12:22:26 70      34    36    1.98    +++   2     
1.13    8.23___12:22:39 71      35    36    1.97    ---   1     
1.19    8.23___12:22:52 72      36    36    1.96    ---   0     
4.16    8.23___12:23:14 73      36    37    1.97    +++   1     
2.69    8.23___12:23:32 74      36    38    1.98    +++   2     
6.75    8.23___12:23:58 75      36    39    1.99    +++   3     
1.43    8.23___12:24:13 76      37    39    1.98    ---   2     
2.7     8.23___12:24:32 77      37    40    1.99    +++   3     
8.92    8.23___12:25:0  78      37    41    2       +++   4     
1       8.23___12:25:10 79      38    41    1.99    ---   3     
1.14    8.23___12:25:23 80      39    41    1.98    ---   2     
4.89    8.23___12:25:46 81      39    42    1.99    +++   3     
1.44    8.23___12:26:1  82      40    42    1.98    ---   2     
2.33    8.23___12:26:19 83      40    43    1.99    +++   3     
2.27    8.23___12:26:37 84      40    44    2       +++   4     
1.05    8.23___12:26:49 85      41    44    1.99    ---   3     
8.22    8.23___12:27:16 86      41    45    2       +++   4     
1.01    8.23___12:27:27 87      42    45    1.99    ---   3     
3.5     8.23___12:27:48 88      42    46    2       +++   4     
1.42    8.23___12:28:3  89      43    46    1.99    ---   3     
1.05    8.23___12:28:15 90      44    46    1.98    ---   2     
4.71    8.23___12:28:37 91      44    47    1.99    +++   3     
3.5     8.23___12:28:58 92      44    48    2       +++   4     
1.3     8.23___12:29:12 93      45    48    1.99    ---   3     
3.11    8.23___12:29:32 94      45    49    2       +++   4     
1.27    8.23___12:29:45 95      46    49    1.99    ---   3     
3.36    8.23___12:30:6  96      46    50    2       +++   4     
2.92    8.23___12:30:25 97      46    51    2       +++   5     
1.35    8.23___12:30:39 98      47    51    2       ---   4     
2.01    8.23___12:30:56 99      47    52    2       +++   5     
2.54    8.23___12:31:15 100     47    53    2       +++   6     
1.41    8.23___12:31:29 101     48    53    2       ---   5     
3.86    8.23___12:31:50 102     48    54    2       +++   6     
7.99    8.23___12:32:18 103     48    55    2       +++   7     
13.02   8.23___12:32:50 104     48    56    2       +++   8     
4.3     8.23___12:33:12 105     48    57    2       +++   9     
2.7     8.23___12:33:31 106     48    58    2.01    +++   10    
30.83   8.23___12:34:16 107     48    59    2.02    +++   11    
3.99    8.23___12:34:38 108     48    60    2.02    +++   12    
5.51    8.23___12:35:2  109     48    61    2.02    +++   13    
1.61    8.23___12:35:17 110     49    61    2.02    ---   12    
1.04    8.23___12:35:29 111     50    61    2.02    ---   11    
32.61   8.23___12:36:15 112     50    62    2.02    +++   12    
2.49    8.23___12:36:33 113     50    63    2.02    +++   13    
1.94    8.23___12:36:50 114     51    63    2.02    ---   12    
10.77   8.23___12:37:20 115     51    64    2.02    +++   13    
1.23    8.23___12:37:34 116     52    64    2.02    ---   12    
6.07    8.23___12:37:59 117     52    65    2.02    +++   13    
2.05    8.23___12:38:16 118     52    66    2.02    +++   14    
1.45    8.23___12:38:30 119     53    66    2.02    ---   13    
1.87    8.23___12:38:47 120     54    66    2.02    ---   12    
1.32    8.23___12:39:1  121     55    66    2.02    ---   11    
12.44   8.23___12:39:33 122     55    67    2.02    +++   12    
3.1     8.23___12:39:53 123     55    68    2.02    +++   13    
19.07   8.23___12:40:30 124     55    69    2.02    +++   14    
1.22    8.23___12:40:44 125     56    69    2.02    ---   13    
1.19    8.23___12:40:57 126     57    69    2.02    ---   12    
2       8.23___12:41:14 127     57    70    2.02    +++   13    
1.6     8.23___12:41:29 128     58    70    2.01    ---   12    
20.81   8.23___12:42:10 129     58    71    2.02    +++   13    
1.46    8.23___12:42:25 130     59    71    2.01    ---   12    
1.99    8.23___12:42:42 131     60    71    2       ---   11    
2.89    8.23___12:43:1  132     60    72    2.01    +++   12    
3.03    8.23___12:43:20 133     60    73    2.02    +++   13    
1.02    8.23___12:43:32 134     61    73    2.01    ---   12    
2.03    8.23___12:43:49 135     61    74    2.02    +++   13    
7.37    8.23___12:44:15 136     61    75    2.02    +++   14    
1.13    8.23___12:44:28 137     62    75    2.02    ---   13    
1.45    8.23___12:44:43 138     63    75    2.01    ---   12    
2.86    8.23___12:45:2  139     63    76    2.02    +++   13    
5.6     8.23___12:45:26 140     63    77    2.02    +++   14    
1.14    8.23___12:45:39 141     64    77    2.02    ---   13    
1.2     8.23___12:45:53 142     65    77    2.01    ---   12    
1.47    8.23___12:46:8  143     66    77    2       ---   11    
1.98    8.23___12:46:24 144     67    77    2       ---   10    
1.24    8.23___12:46:39 145     68    77    2       ---   9     
10.96   8.23___12:47:9  146     68    78    2       +++   10    
14.09   8.23___12:47:42 147     68    79    2       +++   11    
5.92    8.23___12:48:7  148     68    80    2.01    +++   12    
10.64   8.23___12:48:37 149     68    81    2.02    +++   13    
3.32    8.23___12:48:57 150     68    82    2.02    +++   14    
2.24    8.23___12:49:14 151     68    83    2.02    +++   15    
1.82    8.23___12:49:31 152     69    83    2.02    ---   14    
1.05    8.23___12:49:43 153     70    83    2.02    ---   13    
1.19    8.23___12:49:56 154     71    83    2.01    ---   12    
2.43    8.23___12:50:14 155     71    84    2.02    +++   13    
1.23    8.23___12:50:28 156     72    84    2.01    ---   12    
2.12    8.23___12:50:45 157     72    85    2.02    +++   13    
20.4    8.23___12:51:23 158     72    86    2.02    +++   14    
1.32    8.23___12:51:38 159     73    86    2.02    ---   13    
3.42    8.23___12:51:58 160     73    87    2.02    +++   14    
1.23    8.23___12:52:12 161     74    87    2.02    ---   13    
1.11    8.23___12:52:24 162     75    87    2.01    ---   12    
23.69   8.23___12:53:5  163     75    88    2.02    +++   13    
1       8.23___12:53:15 164     76    88    2.01    ---   12    
1.94    8.23___12:53:32 165     77    88    2       ---   11    
1.32    8.23___12:53:46 166     78    88    2       ---   10    
2.38    8.23___12:54:4  167     78    89    2       +++   11    
12.59   8.23___12:54:36 168     78    90    2.01    +++   12    
3.08    8.23___12:54:56 169     78    91    2.02    +++   13    
1       8.23___12:55:7  170     79    91    2.01    ---   12    
1.93    8.23___12:55:23 171     80    91    2       ---   11    
1.41    8.23___12:55:38 172     81    91    2       ---   10    
1.3     8.23___12:55:52 173     82    91    2       ---   9     
1.13    8.23___12:56:5  174     83    91    2       ---   8     
3.56    8.23___12:56:25 175     83    92    2       +++   9     
1.63    8.23___12:56:41 176     84    92    2       ---   8     
1.37    8.23___12:56:55 177     85    92    2       ---   7     
1.14    8.23___12:57:8  178     86    92    2       ---   6     
5.29    8.23___12:57:32 179     86    93    2       +++   7     
1.15    8.23___12:57:45 180     87    93    2       ---   6     
11.27   8.23___12:58:16 181     87    94    2       +++   7     
2.54    8.23___12:58:34 182     87    95    2       +++   8     
1.01    8.23___12:58:45 183     88    95    2       ---   7     
1.39    8.23___12:59:0  184     89    95    2       ---   6     
1.06    8.23___12:59:12 185     90    95    2       ---   5     
1.73    8.23___12:59:28 186     91    95    1.99    ---   4     
1.26    8.23___12:59:42 187     92    95    1.99    ---   3     
1.58    8.23___12:59:57 188     93    95    1.99    ---   2     
