4.68    8.23___10:0:8   1       0     1     3.5     +++   1     
5.95    8.23___10:0:35  2       0     2     3.63    +++   2     
1.25    8.23___10:0:46  3       1     2     3.5     ---   1     
1       8.23___10:0:57  4       2     2     2.67    ---   0     
6.14    8.23___10:1:24  5       2     3     3.5     +++   1     
1.9     8.23___10:1:41  6       3     3     2.7     ---   0     
2.3     8.23___10:1:59  7       3     4     2.29    +++   1     
1.99    8.23___10:2:15  8       4     4     2.14    ---   0     
1.39    8.23___10:2:30  9       5     4     1.99    ---   -1    
3.1     8.23___10:2:49  10      5     5     2.14    +++   0     
6.78    8.23___10:3:15  11      5     6     2.29    +++   1     
1.21    8.23___10:3:29  12      6     6     2.14    ---   0     
6.72    8.23___10:3:54  13      6     7     2.29    +++   1     
10.93   8.23___10:4:25  14      6     8     2.7     +++   2     
30.39   8.23___10:5:10  15      6     9     3.1     +++   3     
6.03    8.23___10:5:34  16      6     10    3.3     +++   4     
8.66    8.23___10:6:2   17      6     11    3.5     +++   5     
6.09    8.23___10:6:27  18      6     12    3.63    +++   6     
4.73    8.23___10:6:50  19      6     13    3.78    +++   7     
2.58    8.23___10:7:8   20      6     14    3.63    +++   8     
1.14    8.23___10:7:21  21      7     14    3.5     ---   7     
2.23    8.23___10:7:39  22      7     15    3.3     +++   8     
1.43    8.23___10:7:53  23      8     15    3.1     ---   7     
1.02    8.23___10:8:5   24      9     15    2.84    ---   6     
1.25    8.23___10:8:19  25      10    15    2.58    ---   5     
1.43    8.23___10:8:33  26      11    15    2.44    ---   4     
21.27   8.23___10:9:12  27      11    16    2.58    +++   5     
1.7     8.23___10:9:28  28      12    16    2.44    ---   4     
2.41    8.23___10:9:46  29      12    17    2.41    +++   5     
1.24    8.23___10:10:1  30      13    17    2.35    ---   4     
3.06    8.23___10:10:19 31      13    18    2.41    +++   5     
1       8.23___10:10:30 32      14    18    2.35    ---   4     
1.07    8.23___10:10:42 33      15    18    2.29    ---   3     
1.42    8.23___10:10:57 34      16    18    2.26    ---   2     
7.6     8.23___10:11:24 35      16    19    2.29    +++   3     
1.12    8.23___10:11:36 36      17    19    2.26    ---   2     
1.19    8.23___10:11:50 37      18    19    2.23    ---   1     
1.96    8.23___10:12:7  38      19    19    2.11    ---   0     
2.62    8.23___10:12:25 39      19    20    2.23    +++   1     
8.61    8.23___10:12:53 40      19    21    2.26    +++   2     
4.21    8.23___10:13:15 41      19    22    2.29    +++   3     
6.32    8.23___10:13:40 42      19    23    2.35    +++   4     
3.15    8.23___10:14:0  43      19    24    2.41    +++   5     
1.13    8.23___10:14:13 44      20    24    2.35    ---   4     
1.1     8.23___10:14:25 45      21    24    2.29    ---   3     
1.61    8.23___10:14:41 46      22    24    2.26    ---   2     
1.7     8.23___10:14:57 47      23    24    2.23    ---   1     
26.02   8.23___10:15:39 48      23    25    2.26    +++   2     
2.19    8.23___10:15:56 49      23    26    2.23    +++   3     
1.21    8.23___10:16:10 50      24    26    2.21    ---   2     
23.3    8.23___10:16:50 51      24    27    2.23    +++   3     
1.57    8.23___10:17:5  52      25    27    2.21    ---   2     
1.17    8.23___10:17:19 53      26    27    2.19    ---   1     
1.04    8.23___10:17:30 54      27    27    2.09    ---   0     
1.09    8.23___10:17:43 55      28    27    1.99    ---   -1    
28.77   8.23___10:18:27 56      28    28    2.09    +++   0     
1.01    8.23___10:18:38 57      29    28    1.99    ---   -1    
3.13    8.23___10:18:58 58      29    29    2.09    +++   0     
4.11    8.23___10:19:19 59      29    30    2.19    +++   1     
20.55   8.23___10:19:58 60      29    31    2.21    +++   2     
2.04    8.23___10:20:15 61      29    32    2.19    +++   3     
11.53   8.23___10:20:46 62      29    33    2.21    +++   4     
1.69    8.23___10:21:2  63      30    33    2.19    ---   3     
1       8.23___10:21:12 64      31    33    2.11    ---   2     
2.12    8.23___10:21:30 65      31    34    2.12    +++   3     
1.16    8.23___10:21:43 66      32    34    2.08    ---   2     
1.49    8.23___10:21:58 67      33    34    2.04    ---   1     
1.29    8.23___10:22:12 68      34    34    2.01    ---   0     
1.49    8.23___10:22:27 69      35    34    1.99    ---   -1    
1.78    8.23___10:22:43 70      36    34    1.97    ---   -2    
1.15    8.23___10:22:56 71      37    34    1.96    ---   -3    
3.34    8.23___10:23:16 72      37    35    1.97    +++   -2    
6.81    8.23___10:23:42 73      37    36    1.99    +++   -1    
10.43   8.23___10:24:12 74      37    37    2.01    +++   0     
1.07    8.23___10:24:24 75      38    37    1.99    ---   -1    
1.27    8.23___10:24:38 76      39    37    1.97    ---   -2    
32.47   8.23___10:25:24 77      39    38    1.99    +++   -1    
1.27    8.23___10:25:38 78      40    38    1.97    ---   -2    
2.41    8.23___10:25:56 79      40    39    1.99    +++   -1    
1.49    8.23___10:26:11 80      41    39    1.97    ---   -2    
4.25    8.23___10:26:33 81      41    40    1.99    +++   -1    
1.41    8.23___10:26:47 82      42    40    1.97    ---   -2    
1.14    8.23___10:27:1  83      43    40    1.96    ---   -3    
1.19    8.23___10:27:13 84      44    40    1.93    ---   -4    
1.1     8.23___10:27:26 85      45    40    1.9     ---   -5    
2.19    8.23___10:27:43 86      45    41    1.93    +++   -4    
4.03    8.23___10:28:5  87      45    42    1.96    +++   -3    
1.35    8.23___10:28:19 88      46    42    1.93    ---   -4    
1.03    8.23___10:28:31 89      47    42    1.9     ---   -5    
1.49    8.23___10:28:46 90      48    42    1.87    ---   -6    
1.12    8.23___10:28:59 91      49    42    1.85    ---   -7    
1       8.23___10:29:9  92      50    42    1.81    ---   -8    
2.46    8.23___10:29:27 93      50    43    1.85    +++   -7    
1.92    8.23___10:29:44 94      51    43    1.87    ---   -8    
1.11    8.23___10:29:57 95      52    43    1.85    ---   -9    
1.76    8.23___10:30:13 96      53    43    1.81    ---   -10   
2.37    8.23___10:30:31 97      53    44    1.85    +++   -9    
1.06    8.23___10:30:43 98      54    44    1.81    ---   -10   
22.52   8.23___10:31:23 99      54    45    1.85    +++   -9    
1.21    8.23___10:31:36 100     55    45    1.81    ---   -10   
2.74    8.23___10:31:55 101     55    46    1.85    +++   -9    
1.66    8.23___10:32:11 102     56    46    1.81    ---   -10   
2.44    8.23___10:32:29 103     56    47    1.85    +++   -9    
8.01    8.23___10:32:56 104     56    48    1.87    +++   -8    
1.14    8.23___10:33:9  105     57    48    1.85    ---   -9    
6.13    8.23___10:33:34 106     57    49    1.87    +++   -8    
1.9     8.23___10:33:50 107     58    49    1.9     ---   -9    
2.7     8.23___10:34:9  108     58    50    1.9     +++   -8    
1.33    8.23___10:34:23 109     59    50    1.9     ---   -9    
3.28    8.23___10:34:43 110     59    51    1.9     +++   -8    
3.21    8.23___10:35:3  111     59    52    1.9     +++   -7    
2.2     8.23___10:35:21 112     59    53    1.91    +++   -6    
22.36   8.23___10:36:1  113     59    54    1.92    +++   -5    
2.44    8.23___10:36:19 114     59    55    1.94    +++   -4    
1       8.23___10:36:29 115     60    55    1.92    ---   -5    
11.67   8.23___10:37:0  116     60    56    1.94    +++   -4    
22.36   8.23___10:37:40 117     60    57    1.96    +++   -3    
1.85    8.23___10:37:57 118     61    57    1.94    ---   -4    
4.8     8.23___10:38:19 119     61    58    1.96    +++   -3    
9.75    8.23___10:38:49 120     61    59    1.97    +++   -2    
1.51    8.23___10:39:4  121     62    59    1.96    ---   -3    
2.25    8.23___10:39:21 122     62    60    1.97    +++   -2    
4.14    8.23___10:39:43 123     62    61    1.99    +++   -1    
8.27    8.23___10:40:11 124     62    62    2.01    +++   0     
1.55    8.23___10:40:26 125     63    62    1.99    ---   -1    
3.4     8.23___10:40:46 126     63    63    2.01    +++   0     
1.74    8.23___10:41:2  127     64    63    1.99    ---   -1    
6.62    8.23___10:41:28 128     64    64    2.01    +++   0     
1.72    8.23___10:41:44 129     65    64    1.99    ---   -1    
1.19    8.23___10:41:57 130     66    64    1.97    ---   -2    
1.42    8.23___10:42:12 131     67    64    1.96    ---   -3    
5.47    8.23___10:42:36 132     67    65    1.97    +++   -2    
1.56    8.23___10:42:51 133     68    65    1.96    ---   -3    
2.36    8.23___10:43:9  134     68    66    1.97    +++   -2    
4.67    8.23___10:43:32 135     68    67    1.99    +++   -1    
2.21    8.23___10:43:49 136     68    68    2.01    +++   0     
4.64    8.23___10:44:12 137     68    69    2.04    +++   1     
1.03    8.23___10:44:23 138     69    69    2.01    ---   0     
1.24    8.23___10:44:37 139     70    69    1.99    ---   -1    
3.18    8.23___10:44:57 140     70    70    2.01    +++   0     
27.27   8.23___10:45:40 141     70    71    2.04    +++   1     
5.6     8.23___10:46:4  142     70    72    2.08    +++   2     
17.57   8.23___10:46:40 143     70    73    2.12    +++   3     
1.61    8.23___10:46:56 144     71    73    2.08    ---   2     
2.32    8.23___10:47:13 145     71    74    2.12    +++   3     
8.99    8.23___10:47:42 146     71    75    2.15    +++   4     
3.35    8.23___10:48:2  147     71    76    2.19    +++   5     
2.19    8.23___10:48:20 148     71    77    2.19    +++   6     
1.06    8.23___10:48:32 149     72    77    2.19    ---   5     
1.5     8.23___10:48:47 150     73    77    2.15    ---   4     
4.86    8.23___10:49:10 151     73    78    2.19    +++   5     
1.15    8.23___10:49:23 152     74    78    2.15    ---   4     
3.37    8.23___10:49:43 153     74    79    2.19    +++   5     
1       8.23___10:49:54 154     75    79    2.15    ---   4     
6.79    8.23___10:50:19 155     75    80    2.19    +++   5     
2.2     8.23___10:50:37 156     75    81    2.19    +++   6     
3.83    8.23___10:50:58 157     75    82    2.19    +++   7     
1.3     8.23___10:51:12 158     76    82    2.19    ---   6     
1.14    8.23___10:51:25 159     77    82    2.19    ---   5     
2.15    8.23___10:51:42 160     77    83    2.17    +++   6     
25.93   8.23___10:52:24 161     77    84    2.19    +++   7     
1       8.23___10:52:35 162     78    84    2.17    ---   6     
1.83    8.23___10:52:51 163     79    84    2.15    ---   5     
3.81    8.23___10:53:12 164     79    85    2.17    +++   6     
1.1     8.23___10:53:25 165     80    85    2.15    ---   5     
1.51    8.23___10:53:40 166     81    85    2.13    ---   4     
1.74    8.23___10:53:56 167     82    85    2.12    ---   3     
1.84    8.23___10:54:12 168     83    85    2.08    ---   2     
1.87    8.23___10:54:29 169     84    85    2.04    ---   1     
20.51   8.23___10:55:7  170     84    86    2.08    +++   2     
2.02    8.23___10:55:24 171     84    87    2.04    +++   3     
1.61    8.23___10:55:40 172     85    87    2.03    ---   2     
2.51    8.23___10:55:58 173     85    88    2.04    +++   3     
1.38    8.23___10:56:13 174     86    88    2.03    ---   2     
1.33    8.23___10:56:27 175     87    88    2.02    ---   1     
1.25    8.23___10:56:40 176     88    88    2       ---   0     
1.48    8.23___10:56:55 177     89    88    1.99    ---   -1    
1.89    8.23___10:57:12 178     90    88    1.97    ---   -2    
1.76    8.23___10:57:28 179     91    88    1.96    ---   -3    
3.83    8.23___10:57:49 180     91    89    1.97    +++   -2    
1.6     8.23___10:58:5  181     92    89    1.96    ---   -3    
23.31   8.23___10:58:45 182     92    90    1.97    +++   -2    
1.61    8.23___10:59:0  183     93    90    1.96    ---   -3    
1.4     8.23___10:59:15 184     94    90    1.94    ---   -4    
5.63    8.23___10:59:39 185     94    91    1.96    +++   -3    
3.27    8.23___10:59:59 186     94    92    1.97    +++   -2    
