1.36    8.23___16:0:2   1       1     0     1.77    ---   -1    
1.27    8.23___16:0:16  2       2     0     1.77    ---   -2    
1.04    8.23___16:0:27  3       3     0     1.77    ---   -3    
1.79    8.23___16:0:44  4       4     0     1.77    ---   -4    
2.3     8.23___16:1:1   5       4     1     1.77    +++   -3    
1.52    8.23___16:1:17  6       5     1     1.77    ---   -4    
1.72    8.23___16:1:32  7       6     1     1.77    ---   -5    
1.25    8.23___16:1:46  8       7     1     1.74    ---   -6    
1.2     8.23___16:2:0   9       8     1     1.72    ---   -7    
2.13    8.23___16:2:17  10      8     2     1.74    +++   -6    
7.24    8.23___16:2:43  11      8     3     1.77    +++   -5    
1.38    8.23___16:2:58  12      9     3     1.74    ---   -6    
4.12    8.23___16:3:19  13      9     4     1.77    +++   -5    
10.51   8.23___16:3:50  14      9     5     1.77    +++   -4    
18.77   8.23___16:4:27  15      9     6     1.77    +++   -3    
3.91    8.23___16:4:48  16      9     7     1.77    +++   -2    
2.06    8.23___16:5:5   17      9     8     1.77    +++   -1    
1.42    8.23___16:5:20  18      10    8     1.77    ---   -2    
1.01    8.23___16:5:31  19      11    8     1.77    ---   -3    
1.28    8.23___16:5:45  20      12    8     1.77    ---   -4    
1.04    8.23___16:5:57  21      13    8     1.77    ---   -5    
3.3     8.23___16:6:17  22      13    9     1.77    +++   -4    
4.99    8.23___16:6:40  23      13    10    1.77    +++   -3    
1.73    8.23___16:6:56  24      14    10    1.77    ---   -4    
1.05    8.23___16:7:8   25      15    10    1.77    ---   -5    
1.6     8.23___16:7:24  26      16    10    1.75    ---   -6    
1.04    8.23___16:7:35  27      17    10    1.73    ---   -7    
1.15    8.23___16:7:48  28      18    10    1.72    ---   -8    
1.03    8.23___16:8:0   29      19    10    1.72    ---   -9    
11.62   8.23___16:8:31  30      19    11    1.72    +++   -8    
2.81    8.23___16:8:50  31      19    12    1.73    +++   -7    
2.4     8.23___16:9:8   32      19    13    1.75    +++   -6    
2.39    8.23___16:9:26  33      19    14    1.77    +++   -5    
1.32    8.23___16:9:40  34      20    14    1.75    ---   -6    
1.01    8.23___16:9:51  35      21    14    1.73    ---   -7    
11.69   8.23___16:10:22 36      21    15    1.75    +++   -6    
1.87    8.23___16:10:39 37      22    15    1.77    ---   -7    
25.73   8.23___16:11:22 38      22    16    1.77    +++   -6    
1.19    8.23___16:11:34 39      23    16    1.77    ---   -7    
4.02    8.23___16:11:56 40      23    17    1.77    +++   -6    
1.75    8.23___16:12:12 41      24    17    1.77    ---   -7    
4.21    8.23___16:12:34 42      24    18    1.77    +++   -6    
1.12    8.23___16:12:46 43      25    18    1.77    ---   -7    
6.14    8.23___16:13:11 44      25    19    1.77    +++   -6    
1.18    8.23___16:13:25 45      26    19    1.77    ---   -7    
1.4     8.23___16:13:39 46      27    19    1.76    ---   -8    
5.96    8.23___16:14:4  47      27    20    1.77    +++   -7    
1.55    8.23___16:14:19 48      28    20    1.76    ---   -8    
1       8.23___16:14:30 49      29    20    1.75    ---   -9    
3.23    8.23___16:14:50 50      29    21    1.76    +++   -8    
15.64   8.23___16:15:24 51      29    22    1.77    +++   -7    
5.23    8.23___16:15:48 52      29    23    1.77    +++   -6    
3       8.23___16:16:8  53      29    24    1.77    +++   -5    
2.48    8.23___16:16:26 54      29    25    1.77    +++   -4    
3.52    8.23___16:16:46 55      29    26    1.77    +++   -3    
1.22    8.23___16:17:0  56      30    26    1.77    ---   -4    
1       8.23___16:17:11 57      31    26    1.77    ---   -5    
1.06    8.23___16:17:23 58      32    26    1.77    ---   -6    
1.37    8.23___16:17:37 59      33    26    1.77    ---   -7    
2.15    8.23___16:17:54 60      33    27    1.77    +++   -6    
4.31    8.23___16:18:16 61      33    28    1.77    +++   -5    
8.68    8.23___16:18:44 62      33    29    1.77    +++   -4    
9.11    8.23___16:19:13 63      33    30    1.77    +++   -3    
3.1     8.23___16:19:33 64      33    31    1.78    +++   -2    
1.46    8.23___16:19:47 65      34    31    1.77    ---   -3    
1.28    8.23___16:20:1  66      35    31    1.77    ---   -4    
16.73   8.23___16:20:37 67      35    32    1.77    +++   -3    
6       8.23___16:21:2  68      35    33    1.78    +++   -2    
2.8     8.23___16:21:21 69      35    34    1.79    +++   -1    
1.25    8.23___16:21:34 70      36    34    1.78    ---   -2    
1.69    8.23___16:21:50 71      37    34    1.77    ---   -3    
1.23    8.23___16:22:4  72      38    34    1.77    ---   -4    
1.45    8.23___16:22:19 73      39    34    1.77    ---   -5    
1.12    8.23___16:22:31 74      40    34    1.77    ---   -6    
4.37    8.23___16:22:54 75      40    35    1.77    +++   -5    
3.69    8.23___16:23:14 76      40    36    1.77    +++   -4    
1.56    8.23___16:23:30 77      41    36    1.77    ---   -5    
1.71    8.23___16:23:46 78      42    36    1.77    ---   -6    
17.05   8.23___16:24:21 79      42    37    1.77    +++   -5    
1.05    8.23___16:24:33 80      43    37    1.77    ---   -6    
1.04    8.23___16:24:45 81      44    37    1.77    ---   -7    
5.11    8.23___16:25:9  82      44    38    1.77    +++   -6    
10.07   8.23___16:25:38 83      44    39    1.77    +++   -5    
9.92    8.23___16:26:8  84      44    40    1.77    +++   -4    
1.81    8.23___16:26:24 85      45    40    1.77    ---   -5    
1.62    8.23___16:26:39 86      46    40    1.77    ---   -6    
4.95    8.23___16:27:3  87      46    41    1.77    +++   -5    
2.19    8.23___16:27:20 88      46    42    1.78    +++   -4    
3.96    8.23___16:27:41 89      46    43    1.79    +++   -3    
1.68    8.23___16:27:57 90      47    43    1.78    ---   -4    
28.29   8.23___16:28:41 91      47    44    1.79    +++   -3    
2.49    8.23___16:28:59 92      47    45    1.79    +++   -2    
2.05    8.23___16:29:16 93      47    46    1.79    +++   -1    
1.75    8.23___16:29:32 94      48    46    1.79    ---   -2    
4.1     8.23___16:29:54 95      48    47    1.79    +++   -1    
3.71    8.23___16:30:15 96      48    48    1.79    +++   0     
7.35    8.23___16:30:41 97      48    49    1.8     +++   1     
1.07    8.23___16:30:53 98      49    49    1.79    ---   0     
4.91    8.23___16:31:17 99      49    50    1.8     +++   1     
2.73    8.23___16:31:35 100     49    51    1.8     +++   2     
31.51   8.23___16:32:21 101     49    52    1.8     +++   3     
4.23    8.23___16:32:43 102     49    53    1.8     +++   4     
17.5    8.23___16:33:19 103     49    54    1.8     +++   5     
1.1     8.23___16:33:32 104     50    54    1.8     ---   4     
4.32    8.23___16:33:54 105     50    55    1.8     +++   5     
1.26    8.23___16:34:7  106     51    55    1.8     ---   4     
23.66   8.23___16:34:48 107     51    56    1.8     +++   5     
2.11    8.23___16:35:5  108     51    57    1.8     +++   6     
4.21    8.23___16:35:28 109     51    58    1.81    +++   7     
6.4     8.23___16:35:53 110     51    59    1.83    +++   8     
1.03    8.23___16:36:4  111     52    59    1.81    ---   7     
1.12    8.23___16:36:17 112     53    59    1.8     ---   6     
1.31    8.23___16:36:31 113     54    59    1.8     ---   5     
2.77    8.23___16:36:50 114     54    60    1.8     +++   6     
1.08    8.23___16:37:2  115     55    60    1.8     ---   5     
1.52    8.23___16:37:17 116     56    60    1.8     ---   4     
1.73    8.23___16:37:34 117     57    60    1.8     ---   3     
1.78    8.23___16:37:50 118     58    60    1.8     ---   2     
1.3     8.23___16:38:5  119     59    60    1.8     ---   1     
2.13    8.23___16:38:21 120     59    61    1.8     +++   2     
2.31    8.23___16:38:39 121     59    62    1.8     +++   3     
3.03    8.23___16:38:58 122     59    63    1.8     +++   4     
3.23    8.23___16:39:18 123     59    64    1.8     +++   5     
5.88    8.23___16:39:43 124     59    65    1.8     +++   6     
3.57    8.23___16:40:3  125     59    66    1.81    +++   7     
10.03   8.23___16:40:33 126     59    67    1.83    +++   8     
2.31    8.23___16:40:51 127     59    68    1.85    +++   9     
1.23    8.23___16:41:4  128     60    68    1.83    ---   8     
1.48    8.23___16:41:19 129     61    68    1.81    ---   7     
2.23    8.23___16:41:37 130     61    69    1.83    +++   8     
15.26   8.23___16:42:11 131     61    70    1.85    +++   9     
1.66    8.23___16:42:27 132     62    70    1.83    ---   8     
2.5     8.23___16:42:45 133     62    71    1.85    +++   9     
1.03    8.23___16:42:57 134     63    71    1.83    ---   8     
1.22    8.23___16:43:11 135     64    71    1.81    ---   7     
4.29    8.23___16:43:33 136     64    72    1.83    +++   8     
1.39    8.23___16:43:50 137     65    72    1.81    ---   7     
1       8.23___16:43:58 138     66    72    1.8     ---   6     
1.81    8.23___16:44:14 139     67    72    1.81    ---   5     
4.87    8.23___16:44:37 140     67    73    1.81    +++   6     
1       8.23___16:44:48 141     68    73    1.81    ---   5     
1.11    8.23___16:45:0  142     69    73    1.8     ---   4     
5.03    8.23___16:45:24 143     69    74    1.81    +++   5     
2.42    8.23___16:45:42 144     69    75    1.81    +++   6     
2.47    8.23___16:46:0  145     69    76    1.81    +++   7     
2.02    8.23___16:46:17 146     69    77    1.83    +++   8     
1.2     8.23___16:46:30 147     70    77    1.81    ---   7     
12.55   8.23___16:47:2  148     70    78    1.83    +++   8     
1.1     8.23___16:47:15 149     71    78    1.81    ---   7     
1.81    8.23___16:47:31 150     72    78    1.81    ---   6     
2.09    8.23___16:47:48 151     72    79    1.81    +++   7     
2.13    8.23___16:48:5  152     72    80    1.83    +++   8     
1.01    8.23___16:48:17 153     73    80    1.81    ---   7     
2.01    8.23___16:48:34 154     73    81    1.83    +++   8     
1.65    8.23___16:48:49 155     74    81    1.81    ---   7     
1.1     8.23___16:49:2  156     75    81    1.81    ---   6     
5.59    8.23___16:49:26 157     75    82    1.81    +++   7     
1       8.23___16:49:36 158     76    82    1.81    ---   6     
24.31   8.23___16:50:18 159     76    83    1.81    +++   7     
1.1     8.23___16:50:30 160     77    83    1.81    ---   6     
1.55    8.23___16:50:45 161     78    83    1.81    ---   5     
7.06    8.23___16:51:12 162     78    84    1.81    +++   6     
1.24    8.23___16:51:26 163     79    84    1.81    ---   5     
3.06    8.23___16:51:45 164     79    85    1.81    +++   6     
1.8     8.23___16:52:1  165     80    85    1.81    ---   5     
2.84    8.23___16:52:20 166     80    86    1.81    +++   6     
22.23   8.23___16:53:0  167     80    87    1.81    +++   7     
2.02    8.23___16:53:17 168     80    88    1.83    +++   8     
15.66   8.23___16:53:52 169     80    89    1.85    +++   9     
14.66   8.23___16:54:26 170     80    90    1.86    +++   10    
1.51    8.23___16:54:41 171     81    90    1.85    ---   9     
1.09    8.23___16:54:53 172     82    90    1.83    ---   8     
23.87   8.23___16:55:34 173     82    91    1.85    +++   9     
1.55    8.23___16:55:49 174     83    91    1.83    ---   8     
1.75    8.23___16:56:5  175     84    91    1.81    ---   7     
1.31    8.23___16:56:19 176     85    91    1.81    ---   6     
1.18    8.23___16:56:32 177     86    91    1.81    ---   5     
1.06    8.23___16:56:45 178     87    91    1.81    ---   4     
3.31    8.23___16:57:5  179     87    92    1.81    +++   5     
1.96    8.23___16:57:21 180     88    92    1.81    ---   4     
1.82    8.23___16:57:38 181     89    92    1.81    ---   3     
2.2     8.23___16:57:55 182     89    93    1.81    +++   4     
2.15    8.23___16:58:13 183     89    94    1.82    +++   5     
2.51    8.23___16:58:31 184     89    95    1.83    +++   6     
1.37    8.23___16:58:45 185     90    95    1.82    ---   5     
1.05    8.23___16:58:57 186     91    95    1.81    ---   4     
1.98    8.23___16:59:14 187     92    95    1.82    ---   3     
2.43    8.23___16:59:32 188     92    96    1.83    +++   4     
