23.28   8.23___17:0:13  1       0     1     1.85    +++   1     
22.86   8.23___17:0:53  2       0     2     1.86    +++   2     
5.18    8.23___17:1:16  3       0     3     1.87    +++   3     
4.33    8.23___17:1:38  4       0     4     1.88    +++   4     
1       8.23___17:1:49  5       1     4     1.87    ---   3     
1.05    8.23___17:2:1   6       2     4     1.86    ---   2     
27.41   8.23___17:2:44  7       2     5     1.87    +++   3     
1.32    8.23___17:2:58  8       3     5     1.86    ---   2     
2.23    8.23___17:3:16  9       3     6     1.87    +++   3     
1.1     8.23___17:3:28  10      4     6     1.86    ---   2     
1.03    8.23___17:3:40  11      5     6     1.85    ---   1     
1.83    8.23___17:3:56  12      6     6     1.84    ---   0     
1.11    8.23___17:4:9   13      7     6     1.83    ---   -1    
2       8.23___17:4:26  14      7     7     1.84    +++   0     
1.43    8.23___17:4:40  15      8     7     1.83    ---   -1    
3.61    8.23___17:5:1   16      8     8     1.84    +++   0     
13.49   8.23___17:5:34  17      8     9     1.85    +++   1     
1.21    8.23___17:5:48  18      9     9     1.84    ---   0     
4.6     8.23___17:6:10  19      9     10    1.85    +++   1     
2.2     8.23___17:6:28  20      9     11    1.86    +++   2     
1.04    8.23___17:6:40  21      10    11    1.85    ---   1     
1.51    8.23___17:6:55  22      11    11    1.84    ---   0     
1.69    8.23___17:7:10  23      12    11    1.83    ---   -1    
2.08    8.23___17:7:27  24      12    12    1.84    +++   0     
1       8.23___17:7:38  25      13    12    1.83    ---   -1    
1       8.23___17:7:49  26      14    12    1.82    ---   -2    
21.85   8.23___17:8:28  27      14    13    1.83    +++   -1    
5.66    8.23___17:8:52  28      14    14    1.84    +++   0     
1.55    8.23___17:9:7   29      15    14    1.83    ---   -1    
1.05    8.23___17:9:20  30      16    14    1.82    ---   -2    
3.02    8.23___17:9:39  31      16    15    1.83    +++   -1    
1.15    8.23___17:9:52  32      17    15    1.82    ---   -2    
1.12    8.23___17:10:5  33      18    15    1.82    ---   -3    
2.84    8.23___17:10:24 34      18    16    1.82    +++   -2    
1.53    8.23___17:10:39 35      19    16    1.82    ---   -3    
1.54    8.23___17:10:54 36      20    16    1.81    ---   -4    
7.31    8.23___17:11:21 37      20    17    1.82    +++   -3    
1.83    8.23___17:11:37 38      21    17    1.82    ---   -4    
1.76    8.23___17:11:53 39      22    17    1.82    ---   -5    
1.22    8.23___17:12:7  40      23    17    1.81    ---   -6    
1.08    8.23___17:12:19 41      24    17    1.81    ---   -7    
1.59    8.23___17:12:34 42      25    17    1.81    ---   -8    
1       8.23___17:12:45 43      26    17    1.81    ---   -9    
4.46    8.23___17:13:7  44      26    18    1.81    +++   -8    
33.75   8.23___17:13:54 45      26    19    1.81    +++   -7    
1.12    8.23___17:14:7  46      27    19    1.81    ---   -8    
1.02    8.23___17:14:18 47      28    19    1.81    ---   -9    
1.07    8.23___17:14:30 48      29    19    1.81    ---   -10   
3.55    8.23___17:14:51 49      29    20    1.81    +++   -9    
2.13    8.23___17:15:10 50      29    21    1.81    +++   -8    
1.6     8.23___17:15:25 51      30    21    1.81    ---   -9    
1.85    8.23___17:15:40 52      31    21    1.81    ---   -10   
3.28    8.23___17:16:2  53      31    22    1.81    +++   -9    
18.05   8.23___17:16:38 54      31    23    1.81    +++   -8    
9.9     8.23___17:17:25 55      31    24    1.82    +++   -7    
20.69   8.23___17:18:50 56      31    25    1.82    +++   -6    
9.53    8.23___17:19:19 57      31    26    1.83    +++   -5    
12.26   8.23___17:19:50 58      31    27    1.83    +++   -4    
1.72    8.23___17:20:6  59      32    27    1.83    ---   -5    
4.15    8.23___17:20:28 60      32    28    1.83    +++   -4    
1.18    8.23___17:20:41 61      33    28    1.83    ---   -5    
1.78    8.23___17:20:58 62      34    28    1.82    ---   -6    
1.44    8.23___17:21:12 63      35    28    1.82    ---   -7    
3.67    8.23___17:21:35 64      35    29    1.82    +++   -6    
1.29    8.23___17:21:47 65      36    29    1.82    ---   -7    
28.3    8.23___17:22:31 66      36    30    1.82    +++   -6    
1.37    8.23___17:22:45 67      37    30    1.82    ---   -7    
4.92    8.23___17:23:8  68      37    31    1.82    +++   -6    
22.67   8.23___17:23:49 69      37    32    1.83    +++   -5    
17.28   8.23___17:24:25 70      37    33    1.83    +++   -4    
1.07    8.23___17:24:37 71      38    33    1.83    ---   -5    
5.05    8.23___17:25:10 72      38    34    1.83    +++   -4    
7.36    8.23___17:25:28 73      38    35    1.83    +++   -3    
2.19    8.23___17:25:44 74      38    36    1.84    +++   -2    
1.99    8.23___17:26:1  75      39    36    1.85    ---   -3    
2.29    8.23___17:26:18 76      39    37    1.85    +++   -2    
33.58   8.23___17:27:5  77      39    38    1.85    +++   -1    
17.58   8.23___17:27:44 78      39    39    1.86    +++   0     
3.23    8.23___17:28:1  79      39    40    1.87    +++   1     
2.34    8.23___17:28:21 80      39    41    1.88    +++   2     
2.28    8.23___17:28:37 81      39    42    1.9     +++   3     
1.09    8.23___17:28:50 82      40    42    1.88    ---   2     
11.79   8.23___17:29:21 83      40    43    1.9     +++   3     
1.31    8.23___17:29:35 84      41    43    1.88    ---   2     
2.69    8.23___17:29:53 85      41    44    1.9     +++   3     
1.9     8.23___17:30:10 86      42    44    1.9     ---   2     
1.01    8.23___17:30:21 87      43    44    1.9     ---   1     
1       8.23___17:30:32 88      44    44    1.88    ---   0     
2.28    8.23___17:30:50 89      44    45    1.9     +++   1     
1.37    8.23___17:31:4  90      45    45    1.88    ---   0     
1.39    8.23___17:31:18 91      46    45    1.87    ---   -1    
1.29    8.23___17:31:33 92      47    45    1.86    ---   -2    
3.8     8.23___17:31:54 93      47    46    1.87    +++   -1    
1.36    8.23___17:32:8  94      48    46    1.86    ---   -2    
21.19   8.23___17:32:47 95      48    47    1.87    +++   -1    
1.05    8.23___17:32:59 96      49    47    1.86    ---   -2    
3.57    8.23___17:33:20 97      49    48    1.87    +++   -1    
1.14    8.23___17:33:33 98      50    48    1.86    ---   -2    
1.88    8.23___17:33:49 99      51    48    1.87    ---   -3    
1.65    8.23___17:34:5  100     52    48    1.86    ---   -4    
1.18    8.23___17:34:18 101     53    48    1.85    ---   -5    
2.11    8.23___17:34:35 102     53    49    1.86    +++   -4    
3.99    8.23___17:34:57 103     53    50    1.87    +++   -3    
1.67    8.23___17:35:13 104     54    50    1.86    ---   -4    
1.05    8.23___17:35:24 105     55    50    1.85    ---   -5    
1       8.23___17:35:36 106     56    50    1.85    ---   -6    
13.49   8.23___17:36:8  107     56    51    1.85    +++   -5    
2.12    8.23___17:36:28 108     56    52    1.86    +++   -4    
2.02    8.23___17:36:42 109     56    53    1.87    +++   -3    
6.62    8.23___17:37:7  110     56    54    1.87    +++   -2    
2.86    8.23___17:37:27 111     56    55    1.88    +++   -1    
4.71    8.23___17:37:50 112     56    56    1.89    +++   0     
9.03    8.23___17:38:18 113     56    57    1.9     +++   1     
1.18    8.23___17:38:31 114     57    57    1.89    ---   0     
1.05    8.23___17:38:43 115     58    57    1.88    ---   -1    
1       8.23___17:38:54 116     59    57    1.87    ---   -2    
1.86    8.23___17:39:10 117     60    57    1.87    ---   -3    
1.04    8.23___17:39:22 118     61    57    1.86    ---   -4    
1.23    8.23___17:39:35 119     62    57    1.86    ---   -5    
4.38    8.23___17:39:58 120     62    58    1.86    +++   -4    
1.54    8.23___17:40:13 121     63    58    1.86    ---   -5    
1.23    8.23___17:40:26 122     64    58    1.85    ---   -6    
5.55    8.23___17:40:51 123     64    59    1.86    +++   -5    
1.65    8.23___17:41:6  124     65    59    1.85    ---   -6    
1       8.23___17:41:17 125     66    59    1.85    ---   -7    
2.53    8.23___17:41:35 126     66    60    1.85    +++   -6    
2.29    8.23___17:41:53 127     66    61    1.86    +++   -5    
2.63    8.23___17:42:12 128     66    62    1.86    +++   -4    
1.74    8.23___17:42:27 129     67    62    1.86    ---   -5    
1.67    8.23___17:42:43 130     68    62    1.85    ---   -6    
1.52    8.23___17:42:58 131     69    62    1.85    ---   -7    
1.06    8.23___17:43:11 132     70    62    1.85    ---   -8    
3.84    8.23___17:43:32 133     70    63    1.85    +++   -7    
1.03    8.23___17:43:43 134     71    63    1.85    ---   -8    
1.05    8.23___17:43:55 135     72    63    1.85    ---   -9    
1.25    8.23___17:44:9  136     73    63    1.84    ---   -10   
1.11    8.23___17:44:22 137     74    63    1.83    ---   -11   
3.71    8.23___17:44:43 138     74    64    1.84    +++   -10   
1.01    8.23___17:44:54 139     75    64    1.83    ---   -11   
3.23    8.23___17:45:14 140     75    65    1.84    +++   -10   
3.61    8.23___17:45:35 141     75    66    1.85    +++   -9    
1.08    8.23___17:45:47 142     76    66    1.84    ---   -10   
3.67    8.23___17:46:8  143     76    67    1.85    +++   -9    
2.87    8.23___17:46:27 144     76    68    1.85    +++   -8    
2.26    8.23___17:46:45 145     76    69    1.85    +++   -7    
1.13    8.23___17:46:57 146     77    69    1.85    ---   -8    
1.11    8.23___17:47:10 147     78    69    1.85    ---   -9    
1       8.23___17:47:21 148     79    69    1.84    ---   -10   
22.3    8.23___17:48:0  149     79    70    1.85    +++   -9    
1.35    8.23___17:48:15 150     80    70    1.84    ---   -10   
1.11    8.23___17:48:27 151     81    70    1.83    ---   -11   
2.45    8.23___17:48:46 152     81    71    1.84    +++   -10   
1.11    8.23___17:48:58 153     82    71    1.83    ---   -11   
1.85    8.23___17:49:15 154     83    71    1.84    ---   -12   
1.3     8.23___17:49:29 155     84    71    1.83    ---   -13   
1.45    8.23___17:49:43 156     85    71    1.83    ---   -14   
5.35    8.23___17:50:7  157     85    72    1.83    +++   -13   
4.57    8.23___17:50:30 158     85    73    1.84    +++   -12   
3.84    8.23___17:50:51 159     85    74    1.85    +++   -11   
3.29    8.23___17:51:11 160     85    75    1.85    +++   -10   
3.54    8.23___17:51:32 161     85    76    1.85    +++   -9    
7.39    8.23___17:51:58 162     85    77    1.85    +++   -8    
1       8.23___17:52:9  163     86    77    1.85    ---   -9    
4.17    8.23___17:52:31 164     86    78    1.85    +++   -8    
1.59    8.23___17:52:46 165     87    78    1.85    ---   -9    
1.43    8.23___17:53:1  166     88    78    1.85    ---   -10   
6.71    8.23___17:53:26 167     88    79    1.85    +++   -9    
1.7     8.23___17:53:58 168     89    79    1.85    ---   -10   
1.98    8.23___17:54:15 169     90    79    1.85    ---   -11   
2.63    8.23___17:54:33 170     90    80    1.85    +++   -10   
1.03    8.23___17:54:45 171     91    80    1.85    ---   -11   
3.05    8.23___17:55:4  172     91    81    1.85    +++   -10   
1.25    8.23___17:55:18 173     92    81    1.85    ---   -11   
8       8.23___17:55:45 174     92    82    1.85    +++   -10   
1.83    8.23___17:56:2  175     93    82    1.85    ---   -11   
3.05    8.23___17:56:21 176     93    83    1.85    +++   -10   
3.08    8.23___17:56:41 177     93    84    1.85    +++   -9    
2.58    8.23___17:57:0  178     93    85    1.85    +++   -8    
1.23    8.23___17:57:13 179     94    85    1.85    ---   -9    
19.68   8.23___17:57:51 180     94    86    1.85    +++   -8    
1.03    8.23___17:58:3  181     95    86    1.85    ---   -9    
1.01    8.23___17:58:14 182     96    86    1.85    ---   -10   
2.07    8.23___17:58:31 183     96    87    1.85    +++   -9    
4.81    8.23___17:58:54 184     96    88    1.85    +++   -8    
2.14    8.23___17:59:11 185     96    89    1.86    +++   -7    
1.08    8.23___17:59:23 186     97    89    1.85    ---   -8    
3.59    8.23___17:59:44 187     97    90    1.86    +++   -7    
