2.46    8.23___15:0:6   1       0     1     1.69    +++   1     
1.14    8.23___15:0:19  2       1     1     1.67    ---   0     
1.79    8.23___15:0:35  3       2     1     1.69    ---   -1    
1.22    8.23___15:0:48  4       3     1     1.67    ---   -2    
1.11    8.23___15:1:1   5       4     1     1.64    ---   -3    
1       8.23___15:1:11  6       5     1     1.62    ---   -4    
1.07    8.23___15:1:24  7       6     1     1.61    ---   -5    
1.69    8.23___15:1:39  8       7     1     1.62    ---   -6    
1.61    8.23___15:1:55  9       8     1     1.61    ---   -7    
4.23    8.23___15:2:17  10      8     2     1.62    +++   -6    
1.28    8.23___15:2:31  11      9     2     1.61    ---   -7    
1.23    8.23___15:2:44  12      10    2     1.61    ---   -8    
1.03    8.23___15:2:56  13      11    2     1.61    ---   -9    
1.44    8.23___15:3:11  14      12    2     1.61    ---   -10   
2.04    8.23___15:3:28  15      12    3     1.61    +++   -9    
2.88    8.23___15:3:47  16      12    4     1.61    +++   -8    
3.17    8.23___15:4:7   17      12    5     1.61    +++   -7    
1.49    8.23___15:4:22  18      13    5     1.61    ---   -8    
3.27    8.23___15:4:42  19      13    6     1.61    +++   -7    
1.21    8.23___15:4:55  20      14    6     1.61    ---   -8    
1.02    8.23___15:5:7   21      15    6     1.61    ---   -9    
1       8.23___15:5:17  22      16    6     1.61    ---   -10   
4.54    8.23___15:5:40  23      16    7     1.61    +++   -9    
1.97    8.23___15:5:56  24      17    7     1.61    ---   -10   
6.39    8.23___15:6:22  25      17    8     1.61    +++   -9    
2.37    8.23___15:6:39  26      17    9     1.62    +++   -8    
20.29   8.23___15:7:18  27      17    10    1.64    +++   -7    
1.2     8.23___15:7:31  28      18    10    1.62    ---   -8    
1.13    8.23___15:7:44  29      19    10    1.61    ---   -9    
1.28    8.23___15:7:58  30      20    10    1.61    ---   -10   
2.19    8.23___15:8:15  31      20    11    1.61    +++   -9    
1.77    8.23___15:8:31  32      21    11    1.62    ---   -10   
1.64    8.23___15:8:47  33      22    11    1.63    ---   -11   
2.66    8.23___15:9:6   34      22    12    1.64    +++   -10   
15.06   8.23___15:9:40  35      22    13    1.65    +++   -9    
5.66    8.23___15:10:4  36      22    14    1.67    +++   -8    
1.47    8.23___15:10:19 37      23    14    1.65    ---   -9    
1.23    8.23___15:10:33 38      24    14    1.64    ---   -10   
3.41    8.23___15:10:53 39      24    15    1.65    +++   -9    
3.28    8.23___15:11:13 40      24    16    1.67    +++   -8    
1.9     8.23___15:11:30 41      25    16    1.68    ---   -9    
19.06   8.23___15:12:7  42      25    17    1.69    +++   -8    
2.39    8.23___15:12:25 43      25    18    1.7     +++   -7    
1.04    8.23___15:12:37 44      26    18    1.69    ---   -8    
1.25    8.23___15:12:51 45      27    18    1.68    ---   -9    
1.57    8.23___15:13:6  46      28    18    1.67    ---   -10   
7.89    8.23___15:13:33 47      28    19    1.68    +++   -9    
1.85    8.23___15:13:49 48      29    19    1.69    ---   -10   
1.08    8.23___15:14:2  49      30    19    1.68    ---   -11   
1.21    8.23___15:14:15 50      31    19    1.67    ---   -12   
1.8     8.23___15:14:31 51      32    19    1.68    ---   -13   
1.33    8.23___15:14:46 52      33    19    1.67    ---   -14   
1.2     8.23___15:14:59 53      34    19    1.65    ---   -15   
1       8.23___15:15:9  54      35    19    1.64    ---   -16   
4.12    8.23___15:15:31 55      35    20    1.65    +++   -15   
2.03    8.23___15:15:48 56      35    21    1.67    +++   -14   
10.47   8.23___15:16:18 57      35    22    1.68    +++   -13   
2.44    8.23___15:16:36 58      35    23    1.69    +++   -12   
3.08    8.23___15:16:56 59      35    24    1.7     +++   -11   
1.11    8.23___15:17:8  60      36    24    1.69    ---   -12   
1.42    8.23___15:17:23 61      37    24    1.68    ---   -13   
2.53    8.23___15:17:42 62      37    25    1.69    +++   -12   
1.8     8.23___15:17:58 63      38    25    1.7     ---   -13   
1.43    8.23___15:18:12 64      39    25    1.69    ---   -14   
1.39    8.23___15:18:27 65      40    25    1.68    ---   -15   
1.63    8.23___15:18:42 66      41    25    1.67    ---   -16   
29.71   8.23___15:19:27 67      41    26    1.68    +++   -15   
7.23    8.23___15:19:53 68      41    27    1.69    +++   -14   
1.7     8.23___15:20:9  69      42    27    1.69    ---   -15   
6.88    8.23___15:20:35 70      42    28    1.7     +++   -14   
1.34    8.23___15:20:49 71      43    28    1.69    ---   -15   
2.23    8.23___15:21:7  72      43    29    1.7     +++   -14   
2.32    8.23___15:21:25 73      43    30    1.7     +++   -13   
9.51    8.23___15:21:54 74      43    31    1.71    +++   -12   
3       8.23___15:22:13 75      43    32    1.74    +++   -11   
3.68    8.23___15:22:34 76      43    33    1.77    +++   -10   
1.57    8.23___15:22:49 77      44    33    1.74    ---   -11   
1.26    8.23___15:23:16 78      45    33    1.71    ---   -12   
1.39    8.23___15:23:30 79      46    33    1.7     ---   -13   
3.94    8.23___15:23:52 80      46    34    1.71    +++   -12   
2.02    8.23___15:24:9  81      46    35    1.74    +++   -11   
1.07    8.23___15:24:21 82      47    35    1.71    ---   -12   
1.5     8.23___15:24:36 83      48    35    1.7     ---   -13   
1.2     8.23___15:24:49 84      49    35    1.7     ---   -14   
3.25    8.23___15:25:9  85      49    36    1.7     +++   -13   
26.15   8.23___15:25:52 86      49    37    1.71    +++   -12   
5.22    8.23___15:26:15 87      49    38    1.74    +++   -11   
1.36    8.23___15:26:30 88      50    38    1.71    ---   -12   
3.71    8.23___15:26:51 89      50    39    1.74    +++   -11   
5.85    8.23___15:27:15 90      50    40    1.77    +++   -10   
3.29    8.23___15:27:35 91      50    41    1.77    +++   -9    
2.67    8.23___15:27:54 92      50    42    1.77    +++   -8    
1.07    8.23___15:28:6  93      51    42    1.77    ---   -9    
1.19    8.23___15:28:19 94      52    42    1.77    ---   -10   
6.99    8.23___15:28:45 95      52    43    1.77    +++   -9    
3.71    8.23___15:29:6  96      52    44    1.77    +++   -8    
1.5     8.23___15:29:21 97      53    44    1.77    ---   -9    
15.85   8.23___15:29:56 98      53    45    1.77    +++   -8    
2.49    8.23___15:30:14 99      53    46    1.78    +++   -7    
3.39    8.23___15:30:35 100     53    47    1.79    +++   -6    
21.74   8.23___15:31:14 101     53    48    1.79    +++   -5    
1.62    8.23___15:31:30 102     54    48    1.79    ---   -6    
4.49    8.23___15:31:52 103     54    49    1.79    +++   -5    
1.99    8.23___15:32:9  104     55    49    1.8     ---   -6    
2.9     8.23___15:32:28 105     55    50    1.8     +++   -5    
6.31    8.23___15:32:53 106     55    51    1.8     +++   -4    
3.58    8.23___15:33:14 107     55    52    1.82    +++   -3    
1.96    8.23___15:33:31 108     56    52    1.85    ---   -4    
2.7     8.23___15:33:50 109     56    53    1.87    +++   -3    
1.07    8.23___15:34:2  110     57    53    1.85    ---   -4    
11.98   8.23___15:34:33 111     57    54    1.87    +++   -3    
3.47    8.23___15:34:54 112     57    55    1.9     +++   -2    
2.3     8.23___15:35:12 113     57    56    1.91    +++   -1    
1.12    8.23___15:35:24 114     58    56    1.9     ---   -2    
1.94    8.23___15:35:41 115     59    56    1.91    ---   -3    
3.94    8.23___15:36:2  116     59    57    1.92    +++   -2    
1.25    8.23___15:36:16 117     60    57    1.91    ---   -3    
1.56    8.23___15:36:31 118     61    57    1.9     ---   -4    
1.41    8.23___15:36:46 119     62    57    1.87    ---   -5    
2.46    8.23___15:37:4  120     62    58    1.9     +++   -4    
3.47    8.23___15:37:25 121     62    59    1.91    +++   -3    
1       8.23___15:37:35 122     63    59    1.9     ---   -4    
1.16    8.23___15:37:48 123     64    59    1.87    ---   -5    
1.14    8.23___15:38:1  124     65    59    1.85    ---   -6    
2.86    8.23___15:38:20 125     65    60    1.87    +++   -5    
1.37    8.23___15:38:35 126     66    60    1.85    ---   -6    
1.47    8.23___15:38:50 127     67    60    1.82    ---   -7    
1.44    8.23___15:39:5  128     68    60    1.8     ---   -8    
1.09    8.23___15:39:17 129     69    60    1.8     ---   -9    
1.36    8.23___15:39:31 130     70    60    1.8     ---   -10   
1.77    8.23___15:39:47 131     71    60    1.79    ---   -11   
1.24    8.23___15:40:1  132     72    60    1.79    ---   -12   
16.53   8.23___15:40:37 133     72    61    1.79    +++   -11   
2.82    8.23___15:40:56 134     72    62    1.8     +++   -10   
4.66    8.23___15:41:18 135     72    63    1.8     +++   -9    
3.91    8.23___15:41:40 136     72    64    1.8     +++   -8    
1.06    8.23___15:41:52 137     73    64    1.8     ---   -9    
1.55    8.23___15:42:7  138     74    64    1.8     ---   -10   
1       8.23___15:42:17 139     75    64    1.79    ---   -11   
1.02    8.23___15:42:29 140     76    64    1.79    ---   -12   
1.63    8.23___15:42:44 141     77    64    1.78    ---   -13   
1.15    8.23___15:42:57 142     78    64    1.77    ---   -14   
1.55    8.23___15:43:13 143     79    64    1.77    ---   -15   
3.08    8.23___15:43:32 144     79    65    1.77    +++   -14   
2.46    8.23___15:43:51 145     79    66    1.78    +++   -13   
1.29    8.23___15:44:4  146     80    66    1.77    ---   -14   
1.66    8.23___15:44:20 147     81    66    1.77    ---   -15   
28.79   8.23___15:45:4  148     81    67    1.77    +++   -14   
8.71    8.23___15:45:32 149     81    68    1.78    +++   -13   
23.15   8.23___15:46:12 150     81    69    1.79    +++   -12   
1.3     8.23___15:46:26 151     82    69    1.78    ---   -13   
1.02    8.23___15:46:38 152     83    69    1.77    ---   -14   
14.11   8.23___15:47:11 153     83    70    1.78    +++   -13   
1.46    8.23___15:47:26 154     84    70    1.77    ---   -14   
1.66    8.23___15:47:42 155     85    70    1.77    ---   -15   
14.53   8.23___15:48:16 156     85    71    1.77    +++   -14   
1.24    8.23___15:48:29 157     86    71    1.77    ---   -15   
1.12    8.23___15:48:42 158     87    71    1.77    ---   -16   
1.32    8.23___15:48:56 159     88    71    1.77    ---   -17   
2.4     8.23___15:49:14 160     88    72    1.77    +++   -16   
1.8     8.23___15:49:30 161     89    72    1.77    ---   -17   
2       8.23___15:49:47 162     89    73    1.77    +++   -16   
1.21    8.23___15:50:1  163     90    73    1.77    ---   -17   
2.67    8.23___15:50:20 164     90    74    1.77    +++   -16   
3.07    8.23___15:50:39 165     90    75    1.78    +++   -15   
30      8.23___15:51:24 166     90    76    1.79    +++   -14   
1.65    8.23___15:51:39 167     91    76    1.78    ---   -15   
6.76    8.23___15:52:5  168     91    77    1.79    +++   -14   
1.13    8.23___15:52:18 169     92    77    1.78    ---   -15   
1.48    8.23___15:52:33 170     93    77    1.77    ---   -16   
11.22   8.23___15:53:4  171     93    78    1.78    +++   -15   
2.09    8.23___15:53:21 172     93    79    1.79    +++   -14   
1.17    8.23___15:53:34 173     94    79    1.78    ---   -15   
1.04    8.23___15:53:46 174     95    79    1.77    ---   -16   
2       8.23___15:54:3  175     95    80    1.78    +++   -15   
1.41    8.23___15:54:17 176     96    80    1.77    ---   -16   
1.94    8.23___15:54:34 177     97    80    1.78    ---   -17   
6.47    8.23___15:54:59 178     97    81    1.79    +++   -16   
23.31   8.23___15:55:40 179     97    82    1.79    +++   -15   
1.56    8.23___15:55:55 180     98    82    1.79    ---   -16   
1       8.23___15:56:5  181     99    82    1.78    ---   -17   
1.4     8.23___15:56:20 182     100   82    1.77    ---   -18   
1.03    8.23___15:56:32 183     101   82    1.77    ---   -19   
1.52    8.23___15:56:47 184     102   82    1.77    ---   -20   
1.1     8.23___15:56:59 185     103   82    1.77    ---   -21   
1.41    8.23___15:57:14 186     104   82    1.77    ---   -22   
9.84    8.23___15:57:44 187     104   83    1.77    +++   -21   
5.25    8.23___15:58:9  188     104   84    1.77    +++   -20   
1.6     8.23___15:58:22 189     105   84    1.77    ---   -21   
1.14    8.23___15:58:35 190     106   84    1.77    ---   -22   
8.45    8.23___15:59:3  191     106   85    1.77    +++   -21   
2.29    8.23___15:59:21 192     106   86    1.77    +++   -20   
7.61    8.23___15:59:48 193     106   87    1.77    +++   -19   
