5.23    8.23___14:0:1   1       0     1     2.41    +++   1     
1.48    8.23___14:0:16  2       1     1     2.4     ---   0     
3.65    8.23___14:0:37  3       1     2     2.41    +++   1     
18.13   8.23___14:1:13  4       1     3     2.46    +++   2     
3.57    8.23___14:1:34  5       1     4     2.52    +++   3     
2.07    8.23___14:1:51  6       1     5     2.46    +++   4     
3.82    8.23___14:2:12  7       1     6     2.52    +++   5     
3.48    8.23___14:2:33  8       1     7     2.53    +++   6     
10.45   8.23___14:3:3   9       1     8     2.54    +++   7     
1.53    8.23___14:3:18  10      2     8     2.53    ---   6     
1.02    8.23___14:3:29  11      3     8     2.52    ---   5     
1.25    8.23___14:3:43  12      4     8     2.46    ---   4     
2.63    8.23___14:4:2   13      4     9     2.52    +++   5     
4.25    8.23___14:4:23  14      4     10    2.53    +++   6     
2.27    8.23___14:4:41  15      4     11    2.52    +++   7     
3.1     8.23___14:5:1   16      4     12    2.53    +++   8     
1.45    8.23___14:5:16  17      5     12    2.52    ---   7     
3.02    8.23___14:5:35  18      5     13    2.53    +++   8     
1.38    8.23___14:5:50  19      6     13    2.52    ---   7     
2.03    8.23___14:6:7   20      6     14    2.46    +++   8     
6.04    8.23___14:6:31  21      6     15    2.52    +++   9     
8.98    8.23___14:7:0   22      6     16    2.53    +++   10    
1.72    8.23___14:7:16  23      7     16    2.52    ---   9     
1.15    8.23___14:7:29  24      8     16    2.46    ---   8     
1.02    8.23___14:7:40  25      9     16    2.41    ---   7     
8.94    8.23___14:8:9   26      9     17    2.46    +++   8     
10.92   8.23___14:8:39  27      9     18    2.52    +++   9     
1.92    8.23___14:8:56  28      10    18    2.46    ---   8     
6.13    8.23___14:9:20  29      10    19    2.52    +++   9     
3.31    8.23___14:9:41  30      10    20    2.53    +++   10    
2.02    8.23___14:9:58  31      10    21    2.52    +++   11    
1.1     8.23___14:10:10 32      11    21    2.46    ---   10    
1.63    8.23___14:10:26 33      12    21    2.41    ---   9     
1.01    8.23___14:10:37 34      13    21    2.4     ---   8     
2.39    8.23___14:10:55 35      13    22    2.4     +++   9     
1.23    8.23___14:11:8  36      14    22    2.39    ---   8     
13.61   8.23___14:11:41 37      14    23    2.4     +++   9     
8.88    8.23___14:12:10 38      14    24    2.4     +++   10    
1.15    8.23___14:12:23 39      15    24    2.4     ---   9     
1.6     8.23___14:12:38 40      16    24    2.39    ---   8     
1       8.23___14:12:49 41      17    24    2.39    ---   7     
1.37    8.23___14:13:3  42      18    24    2.33    ---   6     
2.8     8.23___14:13:22 43      18    25    2.39    +++   7     
1.58    8.23___14:13:38 44      19    25    2.33    ---   6     
1.83    8.23___14:13:54 45      20    25    2.27    ---   5     
12.97   8.23___14:14:26 46      20    26    2.33    +++   6     
2.42    8.23___14:14:44 47      20    27    2.39    +++   7     
2.16    8.23___14:15:2  48      20    28    2.33    +++   8     
1.6     8.23___14:15:17 49      21    28    2.27    ---   7     
1.12    8.23___14:15:30 50      22    28    2.25    ---   6     
3.66    8.23___14:15:51 51      22    29    2.27    +++   7     
1.81    8.23___14:16:7  52      23    29    2.25    ---   6     
1.5     8.23___14:16:22 53      24    29    2.25    ---   5     
1.7     8.23___14:16:38 54      25    29    2.2     ---   4     
5.5     8.23___14:17:2  55      25    30    2.25    +++   5     
1.22    8.23___14:17:15 56      26    30    2.2     ---   4     
2.31    8.23___14:17:33 57      26    31    2.25    +++   5     
2.92    8.23___14:17:53 58      26    32    2.25    +++   6     
1.93    8.23___14:18:9  59      27    32    2.25    ---   5     
1.19    8.23___14:18:22 60      28    32    2.2     ---   4     
1.38    8.23___14:18:37 61      29    32    2.16    ---   3     
5.97    8.23___14:19:2  62      29    33    2.2     +++   4     
1.94    8.23___14:19:18 63      30    33    2.16    ---   3     
1.43    8.23___14:19:33 64      31    33    2.16    ---   2     
1.14    8.23___14:19:46 65      32    33    2.16    ---   1     
12.06   8.23___14:20:18 66      32    34    2.16    +++   2     
3.36    8.23___14:20:38 67      32    35    2.16    +++   3     
1.24    8.23___14:20:51 68      33    35    2.16    ---   2     
2.55    8.23___14:21:10 69      33    36    2.16    +++   3     
1.27    8.23___14:21:24 70      34    36    2.16    ---   2     
1.27    8.23___14:21:37 71      35    36    2.16    ---   1     
1.94    8.23___14:21:54 72      36    36    2.12    ---   0     
6.46    8.23___14:22:19 73      36    37    2.16    +++   1     
1.08    8.23___14:22:32 74      37    37    2.12    ---   0     
8.14    8.23___14:22:59 75      37    38    2.16    +++   1     
1.37    8.23___14:23:14 76      38    38    2.12    ---   0     
8.34    8.23___14:23:41 77      38    39    2.16    +++   1     
1.46    8.23___14:23:56 78      39    39    2.12    ---   0     
19.07   8.23___14:24:34 79      39    40    2.16    +++   1     
1.04    8.23___14:24:45 80      40    40    2.12    ---   0     
2.6     8.23___14:25:4  81      40    41    2.16    +++   1     
2.85    8.23___14:25:23 82      40    42    2.16    +++   2     
10.46   8.23___14:25:53 83      40    43    2.16    +++   3     
1.08    8.23___14:26:5  84      41    43    2.16    ---   2     
4.27    8.23___14:26:27 85      41    44    2.16    +++   3     
1.8     8.23___14:26:44 86      42    44    2.16    ---   2     
1.96    8.23___14:27:0  87      43    44    2.16    ---   1     
1.3     8.23___14:27:14 88      44    44    2.12    ---   0     
5.98    8.23___14:27:39 89      44    45    2.16    +++   1     
1.36    8.23___14:27:53 90      45    45    2.12    ---   0     
1.39    8.23___14:28:8  91      46    45    2.09    ---   -1    
1.15    8.23___14:28:21 92      47    45    2.08    ---   -2    
4.96    8.23___14:28:44 93      47    46    2.09    +++   -1    
1.29    8.23___14:28:58 94      48    46    2.08    ---   -2    
1.31    8.23___14:29:12 95      49    46    2.06    ---   -3    
1.18    8.23___14:29:25 96      50    46    2.06    ---   -4    
1.77    8.23___14:29:41 97      51    46    2.06    ---   -5    
1.07    8.23___14:29:54 98      52    46    2.04    ---   -6    
1.51    8.23___14:30:9  99      53    46    2.02    ---   -7    
1.07    8.23___14:30:21 100     54    46    2.02    ---   -8    
1.64    8.23___14:30:36 101     55    46    2.02    ---   -9    
12.44   8.23___14:31:8  102     55    47    2.02    +++   -8    
1.34    8.23___14:31:23 103     56    47    2.02    ---   -9    
4.77    8.23___14:31:45 104     56    48    2.02    +++   -8    
1.25    8.23___14:31:59 105     57    48    2.02    ---   -9    
1.47    8.23___14:32:14 106     58    48    1.99    ---   -10   
2.26    8.23___14:32:32 107     58    49    2.02    +++   -9    
4.1     8.23___14:32:53 108     58    50    2.02    +++   -8    
1.32    8.23___14:33:7  109     59    50    2.02    ---   -9    
9.57    8.23___14:33:37 110     59    51    2.02    +++   -8    
1.89    8.23___14:33:53 111     60    51    2.02    ---   -9    
1.07    8.23___14:34:5  112     61    51    1.99    ---   -10   
1.21    8.23___14:34:19 113     62    51    1.96    ---   -11   
2.17    8.23___14:34:36 114     62    52    1.99    +++   -10   
6.89    8.23___14:35:2  115     62    53    2.02    +++   -9    
1       8.23___14:35:13 116     63    53    1.99    ---   -10   
4.42    8.23___14:35:35 117     63    54    2.02    +++   -9    
1.26    8.23___14:35:49 118     64    54    1.99    ---   -10   
1.66    8.23___14:36:4  119     65    54    1.96    ---   -11   
1.23    8.23___14:36:18 120     66    54    1.96    ---   -12   
5.8     8.23___14:36:42 121     66    55    1.96    +++   -11   
1.03    8.23___14:36:54 122     67    55    1.96    ---   -12   
1.38    8.23___14:37:8  123     68    55    1.96    ---   -13   
1.08    8.23___14:37:21 124     69    55    1.95    ---   -14   
2.4     8.23___14:37:39 125     69    56    1.96    +++   -13   
6.82    8.23___14:38:5  126     69    57    1.96    +++   -12   
1       8.23___14:38:15 127     70    57    1.96    ---   -13   
1.1     8.23___14:38:28 128     71    57    1.95    ---   -14   
1.97    8.23___14:38:44 129     72    57    1.96    ---   -15   
1.46    8.23___14:38:59 130     73    57    1.95    ---   -16   
5.46    8.23___14:39:23 131     73    58    1.96    +++   -15   
1       8.23___14:39:34 132     74    58    1.95    ---   -16   
25.09   8.23___14:40:15 133     74    59    1.96    +++   -15   
3.01    8.23___14:40:35 134     74    60    1.96    +++   -14   
1.95    8.23___14:40:51 135     75    60    1.96    ---   -15   
1.11    8.23___14:41:4  136     76    60    1.95    ---   -16   
1.72    8.23___14:41:20 137     77    60    1.95    ---   -17   
1.29    8.23___14:41:34 138     78    60    1.95    ---   -18   
1.07    8.23___14:41:46 139     79    60    1.95    ---   -19   
1.31    8.23___14:42:0  140     80    60    1.94    ---   -20   
5.37    8.23___14:42:24 141     80    61    1.95    +++   -19   
1.68    8.23___14:42:40 142     81    61    1.94    ---   -20   
1.02    8.23___14:42:51 143     82    61    1.94    ---   -21   
1.98    8.23___14:43:8  144     83    61    1.94    ---   -22   
3.67    8.23___14:43:29 145     83    62    1.95    +++   -21   
1.81    8.23___14:43:45 146     84    62    1.94    ---   -22   
1.1     8.23___14:43:58 147     85    62    1.94    ---   -23   
23.97   8.23___14:44:39 148     85    63    1.94    +++   -22   
3.96    8.23___14:45:0  149     85    64    1.95    +++   -21   
1.29    8.23___14:45:14 150     86    64    1.94    ---   -22   
1       8.23___14:45:25 151     87    64    1.94    ---   -23   
3.18    8.23___14:45:44 152     87    65    1.94    +++   -22   
1.08    8.23___14:46:13 1       1     0     1.08    ---   -1    
5.85    8.23___14:46:37 2       1     1     3.46    +++   0     
6.45    8.23___14:47:3  3       1     2     5.85    +++   1     
22.07   8.23___14:47:42 4       1     3     6.15    +++   2     
2.38    8.23___14:48:0  5       1     4     5.85    +++   3     
14.69   8.23___14:48:34 6       1     5     6.15    +++   4     
1.15    8.23___14:48:47 7       2     5     5.85    ---   3     
1.5     8.23___14:49:2  8       3     5     4.11    ---   2     
1.2     8.23___14:49:15 9       4     5     2.38    ---   1     
2.07    8.23___14:49:33 10      4     6     2.22    +++   2     
17.14   8.23___14:50:8  11      4     7     2.38    +++   3     
2.43    8.23___14:50:27 12      4     8     2.4     +++   4     
2.79    8.23___14:50:46 13      4     9     2.43    +++   5     
8.85    8.23___14:51:14 14      4     10    2.61    +++   6     
1.49    8.23___14:51:29 15      5     10    2.43    ---   5     
1.12    8.23___14:51:42 16      6     10    2.4     ---   4     
8.89    8.23___14:52:10 17      6     11    2.43    +++   5     
2.71    8.23___14:52:29 18      6     12    2.57    +++   6     
1.46    8.23___14:52:44 19      7     12    2.43    ---   5     
1.62    8.23___14:52:59 20      8     12    2.4     ---   4     
1.95    8.23___14:53:16 21      9     12    2.38    ---   3     
4.44    8.23___14:53:38 22      9     13    2.4     +++   4     
1.25    8.23___14:53:52 23      10    13    2.38    ---   3     
3.65    8.23___14:54:13 24      10    14    2.4     +++   4     
2.36    8.23___14:54:31 25      10    15    2.38    +++   5     
1.33    8.23___14:54:45 26      11    15    2.37    ---   4     
24.75   8.23___14:55:26 27      11    16    2.38    +++   5     
1.54    8.23___14:55:41 28      12    16    2.37    ---   4     
1.21    8.23___14:55:55 29      13    16    2.36    ---   3     
1.17    8.23___14:56:8  30      14    16    2.21    ---   2     
1.22    8.23___14:56:21 31      15    16    2.06    ---   1     
1.67    8.23___14:56:37 32      16    16    2       ---   0     
1       8.23___14:56:48 33      17    16    1.95    ---   -1    
1.77    8.23___14:57:4  34      18    16    1.86    ---   -2    
1.52    8.23___14:57:19 35      19    16    1.77    ---   -3    
1.26    8.23___14:57:33 36      20    16    1.72    ---   -4    
3.16    8.23___14:57:53 37      20    17    1.77    +++   -3    
1.13    8.23___14:58:5  38      21    17    1.72    ---   -4    
2.52    8.23___14:58:24 39      21    18    1.77    +++   -3    
1.71    8.23___14:58:40 40      22    18    1.74    ---   -4    
1       8.23___14:58:50 41      23    18    1.71    ---   -5    
1.07    8.23___14:59:2  42      24    18    1.69    ---   -6    
1.14    8.23___14:59:15 43      25    18    1.67    ---   -7    
1.61    8.23___14:59:31 44      26    18    1.64    ---   -8    
1.92    8.23___14:59:47 45      27    18    1.67    ---   -9    
