1.53    8.23___13:0:12  1       1     0     1.99    ---   -1    
2.08    8.23___13:0:29  2       1     1     1.99    +++   0     
1.78    8.23___13:0:46  3       2     1     1.99    ---   -1    
1.2     8.23___13:0:59  4       3     1     1.98    ---   -2    
2.37    8.23___13:1:17  5       3     2     1.99    +++   -1    
2.45    8.23___13:1:35  6       3     3     1.99    +++   0     
1.43    8.23___13:1:50  7       4     3     1.99    ---   -1    
2.66    8.23___13:2:8   8       4     4     1.99    +++   0     
1.24    8.23___13:2:22  9       5     4     1.99    ---   -1    
1.49    8.23___13:2:37  10      6     4     1.98    ---   -2    
2.46    8.23___13:2:55  11      6     5     1.99    +++   -1    
2.51    8.23___13:3:14  12      6     6     1.99    +++   0     
1.09    8.23___13:3:26  13      7     6     1.99    ---   -1    
1.22    8.23___13:3:40  14      8     6     1.98    ---   -2    
1.15    8.23___13:3:53  15      9     6     1.98    ---   -3    
1.78    8.23___13:4:9   16      10    6     1.97    ---   -4    
1.94    8.23___13:4:25  17      11    6     1.97    ---   -5    
1.6     8.23___13:4:41  18      12    6     1.96    ---   -6    
1.65    8.23___13:4:56  19      13    6     1.96    ---   -7    
1.13    8.23___13:5:9   20      14    6     1.96    ---   -8    
1.15    8.23___13:5:22  21      15    6     1.96    ---   -9    
1.16    8.23___13:5:35  22      16    6     1.95    ---   -10   
1.18    8.23___13:5:48  23      17    6     1.95    ---   -11   
29.6    8.23___13:6:33  24      17    7     1.95    +++   -10   
3.95    8.23___13:6:54  25      17    8     1.96    +++   -9    
1.7     8.23___13:7:10  26      18    8     1.95    ---   -10   
1.23    8.23___13:7:24  27      19    8     1.95    ---   -11   
4       8.23___13:7:45  28      19    9     1.95    +++   -10   
1.44    8.23___13:8:0   29      20    9     1.95    ---   -11   
1.76    8.23___13:8:16  30      21    9     1.94    ---   -12   
3.24    8.23___13:8:36  31      21    10    1.95    +++   -11   
8.72    8.23___13:9:4   32      21    11    1.95    +++   -10   
3.7     8.23___13:9:25  33      21    12    1.96    +++   -9    
1.62    8.23___13:9:40  34      22    12    1.95    ---   -10   
1.55    8.23___13:9:56  35      23    12    1.95    ---   -11   
21.82   8.23___13:10:35 36      23    13    1.95    +++   -10   
16.09   8.23___13:11:10 37      23    14    1.96    +++   -9    
4.37    8.23___13:11:32 38      23    15    1.96    +++   -8    
1.34    8.23___13:11:47 39      24    15    1.96    ---   -9    
6.16    8.23___13:12:11 40      24    16    1.96    +++   -8    
2.62    8.23___13:12:30 41      24    17    1.96    +++   -7    
5.9     8.23___13:12:55 42      24    18    1.96    +++   -6    
1.02    8.23___13:13:6  43      25    18    1.96    ---   -7    
1.93    8.23___13:13:23 44      26    18    1.96    ---   -8    
2.3     8.23___13:13:40 45      26    19    1.96    +++   -7    
1.37    8.23___13:13:55 46      27    19    1.96    ---   -8    
16.78   8.23___13:14:31 47      27    20    1.96    +++   -7    
2.07    8.23___13:14:48 48      27    21    1.96    +++   -6    
1.88    8.23___13:15:4  49      28    21    1.96    ---   -7    
1.01    8.23___13:15:15 50      29    21    1.96    ---   -8    
2.78    8.23___13:15:34 51      29    22    1.96    +++   -7    
23.05   8.23___13:16:15 52      29    23    1.96    +++   -6    
1.48    8.23___13:16:29 53      30    23    1.96    ---   -7    
5.84    8.23___13:16:54 54      30    24    1.96    +++   -6    
3.19    8.23___13:17:14 55      30    25    1.97    +++   -5    
1.02    8.23___13:17:25 56      31    25    1.96    ---   -6    
5.44    8.23___13:17:49 57      31    26    1.97    +++   -5    
1.46    8.23___13:18:4  58      32    26    1.96    ---   -6    
5.49    8.23___13:18:28 59      32    27    1.97    +++   -5    
2.91    8.23___13:18:47 60      32    28    1.97    +++   -4    
2.14    8.23___13:19:4  61      32    29    1.98    +++   -3    
1.15    8.23___13:19:18 62      33    29    1.97    ---   -4    
21.78   8.23___13:19:57 63      33    30    1.98    +++   -3    
1.95    8.23___13:20:14 64      34    30    1.97    ---   -4    
1.03    8.23___13:20:25 65      35    30    1.97    ---   -5    
1.4     8.23___13:20:40 66      36    30    1.96    ---   -6    
4.02    8.23___13:21:1  67      36    31    1.97    +++   -5    
1.31    8.23___13:21:15 68      37    31    1.96    ---   -6    
2.43    8.23___13:21:34 69      37    32    1.97    +++   -5    
2.71    8.23___13:21:52 70      37    33    1.97    +++   -4    
13.86   8.23___13:22:26 71      37    34    1.98    +++   -3    
1.06    8.23___13:22:38 72      38    34    1.97    ---   -4    
1.77    8.23___13:22:54 73      39    34    1.97    ---   -5    
8.13    8.23___13:23:21 74      39    35    1.97    +++   -4    
1.26    8.23___13:23:35 75      40    35    1.97    ---   -5    
3.57    8.23___13:23:56 76      40    36    1.97    +++   -4    
1.06    8.23___13:24:8  77      41    36    1.97    ---   -5    
4.19    8.23___13:24:30 78      41    37    1.97    +++   -4    
1.43    8.23___13:24:44 79      42    37    1.97    ---   -5    
6.68    8.23___13:25:10 80      42    38    1.97    +++   -4    
3.15    8.23___13:25:30 81      42    39    1.98    +++   -3    
1.71    8.23___13:25:46 82      43    39    1.97    ---   -4    
3.45    8.23___13:26:6  83      43    40    1.98    +++   -3    
1.08    8.23___13:26:18 84      44    40    1.97    ---   -4    
1.1     8.23___13:26:31 85      45    40    1.97    ---   -5    
1.89    8.23___13:26:47 86      46    40    1.96    ---   -6    
1.37    8.23___13:27:2  87      47    40    1.96    ---   -7    
1.04    8.23___13:27:14 88      48    40    1.96    ---   -8    
1.51    8.23___13:27:29 89      49    40    1.96    ---   -9    
1.34    8.23___13:27:43 90      50    40    1.95    ---   -10   
1       8.23___13:27:54 91      51    40    1.95    ---   -11   
1.83    8.23___13:28:10 92      52    40    1.95    ---   -12   
1.44    8.23___13:28:25 93      53    40    1.95    ---   -13   
2.58    8.23___13:28:43 94      53    41    1.95    +++   -12   
1.55    8.23___13:28:58 95      54    41    1.95    ---   -13   
1       8.23___13:29:9  96      55    41    1.94    ---   -14   
1.21    8.23___13:29:22 97      56    41    1.94    ---   -15   
2.77    8.23___13:29:41 98      56    42    1.94    +++   -14   
1.44    8.23___13:29:56 99      57    42    1.94    ---   -15   
8.35    8.23___13:30:24 100     57    43    1.94    +++   -14   
5.56    8.23___13:30:48 101     57    44    1.95    +++   -13   
15.37   8.23___13:31:22 102     57    45    1.95    +++   -12   
1.18    8.23___13:31:36 103     58    45    1.95    ---   -13   
1.18    8.23___13:31:49 104     59    45    1.94    ---   -14   
3.27    8.23___13:32:9  105     59    46    1.95    +++   -13   
2.06    8.23___13:32:26 106     59    47    1.95    +++   -12   
24.73   8.23___13:33:7  107     59    48    1.95    +++   -11   
5.39    8.23___13:33:31 108     59    49    1.95    +++   -10   
1       8.23___13:33:42 109     60    49    1.95    ---   -11   
20.43   8.23___13:34:20 110     60    50    1.95    +++   -10   
1.41    8.23___13:34:35 111     61    50    1.95    ---   -11   
3.19    8.23___13:34:55 112     61    51    1.95    +++   -10   
24.85   8.23___13:35:36 113     61    52    1.96    +++   -9    
1.63    8.23___13:35:52 114     62    52    1.95    ---   -10   
1.73    8.23___13:36:8  115     63    52    1.95    ---   -11   
1.3     8.23___13:36:22 116     64    52    1.95    ---   -12   
1.37    8.23___13:36:36 117     65    52    1.95    ---   -13   
1.02    8.23___13:36:47 118     66    52    1.94    ---   -14   
1.11    8.23___13:37:0  119     67    52    1.94    ---   -15   
2.14    8.23___13:37:17 120     67    53    1.94    +++   -14   
1.01    8.23___13:37:29 121     68    53    1.94    ---   -15   
8.09    8.23___13:37:56 122     68    54    1.94    +++   -14   
4.06    8.23___13:38:18 123     68    55    1.95    +++   -13   
31.18   8.23___13:39:3  124     68    56    1.95    +++   -12   
1.42    8.23___13:39:17 125     69    56    1.95    ---   -13   
1.08    8.23___13:39:30 126     70    56    1.94    ---   -14   
23.79   8.23___13:40:24 1       0     1     23.79   +++   1     
1       8.23___13:40:35 2       1     1     12.39   ---   0     
13.1    8.23___13:41:8  3       1     2     13.1    +++   1     
1.33    8.23___13:41:22 4       2     2     7.21    ---   0     
3.08    8.23___13:41:41 5       2     3     3.08    +++   1     
1.83    8.23___13:41:58 6       3     3     2.45    ---   0     
2.88    8.23___13:42:17 7       3     4     2.88    +++   1     
3.25    8.23___13:42:37 8       3     5     2.98    +++   2     
2.41    8.23___13:42:55 9       3     6     2.88    +++   3     
2.52    8.23___13:43:13 10      3     7     2.7     +++   4     
2.07    8.23___13:43:30 11      3     8     2.52    +++   5     
2.69    8.23___13:43:49 12      3     9     2.6     +++   6     
2.4     8.23___13:44:7  13      3     10    2.52    +++   7     
2.09    8.23___13:44:24 14      3     11    2.46    +++   8     
20.93   8.23___13:45:3  15      3     12    2.52    +++   9     
1.21    8.23___13:45:17 16      4     12    2.46    ---   8     
1.24    8.23___13:45:30 17      5     12    2.41    ---   7     
10.55   8.23___13:46:0  18      5     13    2.46    +++   8     
3.52    8.23___13:46:21 19      5     14    2.52    +++   9     
3.07    8.23___13:46:41 20      5     15    2.6     +++   10    
1.24    8.23___13:46:54 21      6     15    2.52    ---   9     
1.95    8.23___13:47:11 22      7     15    2.46    ---   8     
5.04    8.23___13:47:34 23      7     16    2.52    +++   9     
1.72    8.23___13:47:50 24      8     16    2.46    ---   8     
1.47    8.23___13:48:5  25      9     16    2.41    ---   7     
2.16    8.23___13:48:22 26      9     17    2.4     +++   8     
2.94    8.23___13:48:42 27      9     18    2.41    +++   9     
1.08    8.23___13:48:54 28      10    18    2.4     ---   8     
8.22    8.23___13:49:21 29      10    19    2.41    +++   9     
2.96    8.23___13:49:41 30      10    20    2.46    +++   10    
1.9     8.23___13:49:57 31      11    20    2.41    ---   9     
1.31    8.23___13:50:11 32      12    20    2.4     ---   8     
1.82    8.23___13:50:28 33      13    20    2.4     ---   7     
6.2     8.23___13:50:53 34      13    21    2.4     +++   8     
2.25    8.23___13:51:10 35      13    22    2.4     +++   9     
1.3     8.23___13:51:24 36      14    22    2.32    ---   8     
1.04    8.23___13:51:36 37      15    22    2.25    ---   7     
1.4     8.23___13:51:51 38      16    22    2.2     ---   6     
8.18    8.23___13:52:18 39      16    23    2.25    +++   7     
24.07   8.23___13:52:59 40      16    24    2.32    +++   8     
24.46   8.23___13:53:40 41      16    25    2.4     +++   9     
3.41    8.23___13:54:1  42      16    26    2.4     +++   10    
4.36    8.23___13:54:23 43      16    27    2.41    +++   11    
1       8.23___13:54:33 44      17    27    2.4     ---   10    
4.73    8.23___13:54:56 45      17    28    2.41    +++   11    
1.22    8.23___13:55:10 46      18    28    2.4     ---   10    
24.13   8.23___13:55:51 47      18    29    2.41    +++   11    
1.25    8.23___13:56:4  48      19    29    2.4     ---   10    
2.54    8.23___13:56:23 49      19    30    2.41    +++   11    
5.1     8.23___13:56:46 50      19    31    2.46    +++   12    
5.61    8.23___13:57:10 51      19    32    2.52    +++   13    
1.22    8.23___13:57:24 52      20    32    2.46    ---   12    
7.93    8.23___13:57:51 53      20    33    2.52    +++   13    
1.28    8.23___13:58:5  54      21    33    2.46    ---   12    
1.17    8.23___13:58:18 55      22    33    2.41    ---   11    
1.96    8.23___13:58:35 56      23    33    2.4     ---   10    
2.64    8.23___13:58:53 57      23    34    2.41    +++   11    
1.06    8.23___13:59:5  58      24    34    2.4     ---   10    
3.2     8.23___13:59:25 59      24    35    2.41    +++   11    
1.04    8.23___13:59:37 60      25    35    2.4     ---   10    
