12.04   8.23___18:0:16  1       0     1     1.86    +++   1     
3.37    8.23___18:0:36  2       0     2     1.87    +++   2     
2.42    8.23___18:0:54  3       0     3     1.87    +++   3     
1.59    8.23___18:1:10  4       1     3     1.87    ---   2     
1.37    8.23___18:1:24  5       2     3     1.86    ---   1     
1.52    8.23___18:1:39  6       3     3     1.86    ---   0     
1.35    8.23___18:1:53  7       4     3     1.85    ---   -1    
3.95    8.23___18:2:15  8       4     4     1.86    +++   0     
4.03    8.23___18:2:36  9       4     5     1.86    +++   1     
1.42    8.23___18:2:51  10      5     5     1.86    ---   0     
2.03    8.23___18:3:8   11      5     6     1.86    +++   1     
6.69    8.23___18:3:34  12      5     7     1.87    +++   2     
1.9     8.23___18:3:50  13      6     7     1.87    ---   1     
1.43    8.23___18:4:5   14      7     7     1.87    ---   0     
1.96    8.23___18:4:22  15      8     7     1.87    ---   -1    
1.77    8.23___18:4:38  16      9     7     1.87    ---   -2    
6.51    8.23___18:5:3   17      9     8     1.87    +++   -1    
2.06    8.23___18:5:20  18      9     9     1.88    +++   0     
1.46    8.23___18:5:35  19      10    9     1.87    ---   -1    
1.03    8.23___18:5:47  20      11    9     1.87    ---   -2    
5.99    8.23___18:6:12  21      11    10    1.87    +++   -1    
1.49    8.23___18:6:26  22      12    10    1.87    ---   -2    
1.43    8.23___18:6:41  23      13    10    1.86    ---   -3    
