3.37    8.23___11:0:19  1       0     1     1.99    +++   1     
7.7     8.23___11:0:46  2       0     2     2       +++   2     
2.33    8.23___11:1:4   3       0     3     2.02    +++   3     
1.18    8.23___11:1:17  4       1     3     2       ---   2     
1.44    8.23___11:1:32  5       2     3     1.99    ---   1     
1.68    8.23___11:1:48  6       3     3     1.97    ---   0     
1.6     8.23___11:2:3   7       4     3     1.96    ---   -1    
1.01    8.23___11:2:15  8       5     3     1.94    ---   -2    
2.13    8.23___11:2:32  9       5     4     1.96    +++   -1    
1.46    8.23___11:2:47  10      6     4     1.94    ---   -2    
1.31    8.23___11:3:1   11      7     4     1.92    ---   -3    
2.45    8.23___11:3:19  12      7     5     1.94    +++   -2    
1.39    8.23___11:3:33  13      8     5     1.92    ---   -3    
1.26    8.23___11:3:47  14      9     5     1.91    ---   -4    
5.21    8.23___11:4:11  15      9     6     1.92    +++   -3    
4.08    8.23___11:4:32  16      9     7     1.94    +++   -2    
1.2     8.23___11:4:46  17      10    7     1.92    ---   -3    
2.17    8.23___11:5:3   18      10    8     1.94    +++   -2    
3.83    8.23___11:5:24  19      10    9     1.96    +++   -1    
1.05    8.23___11:5:36  20      11    9     1.94    ---   -2    
27.75   8.23___11:6:19  21      11    10    1.96    +++   -1    
15.63   8.23___11:6:54  22      11    11    1.97    +++   0     
1.28    8.23___11:7:8   23      12    11    1.96    ---   -1    
1.49    8.23___11:7:23  24      13    11    1.94    ---   -2    
1.01    8.23___11:7:34  25      14    11    1.92    ---   -3    
18.12   8.23___11:8:11  26      14    12    1.94    +++   -2    
2.75    8.23___11:8:30  27      14    13    1.96    +++   -1    
3.21    8.23___11:8:50  28      14    14    1.97    +++   0     
3.33    8.23___11:9:10  29      14    15    1.99    +++   1     
1.55    8.23___11:9:25  30      15    15    1.97    ---   0     
4.48    8.23___11:9:48  31      15    16    1.99    +++   1     
14.25   8.23___11:10:21 32      15    17    2       +++   2     
3.66    8.23___11:10:42 33      15    18    2.02    +++   3     
1.18    8.23___11:10:55 34      16    18    2       ---   2     
3.37    8.23___11:11:15 35      16    19    2.02    +++   3     
2.02    8.23___11:11:32 36      16    20    2.02    +++   4     
2.67    8.23___11:11:51 37      16    21    2.02    +++   5     
1.03    8.23___11:12:3  38      17    21    2.02    ---   4     
1.3     8.23___11:12:17 39      18    21    2.02    ---   3     
2.82    8.23___11:12:36 40      18    22    2.02    +++   4     
1.31    8.23___11:12:50 41      19    22    2.02    ---   3     
17.96   8.23___11:13:27 42      19    23    2.02    +++   4     
3.72    8.23___11:13:47 43      19    24    2.02    +++   5     
1.2     8.23___11:14:1  44      20    24    2.02    ---   4     
1       8.23___11:14:11 45      21    24    2.02    ---   3     
3.77    8.23___11:14:32 46      21    25    2.02    +++   4     
25.34   8.23___11:15:14 47      21    26    2.02    +++   5     
1.05    8.23___11:15:26 48      22    26    2.02    ---   4     
4.74    8.23___11:15:49 49      22    27    2.02    +++   5     
1.96    8.23___11:16:6  50      23    27    2.02    ---   4     
1.05    8.23___11:16:18 51      24    27    2.02    ---   3     
1.54    8.23___11:16:33 52      25    27    2       ---   2     
1.75    8.23___11:16:49 53      26    27    1.99    ---   1     
3.87    8.23___11:17:10 54      26    28    2       +++   2     
1.12    8.23___11:17:23 55      27    28    1.99    ---   1     
4.89    8.23___11:17:46 56      27    29    2       +++   2     
3.92    8.23___11:18:7  57      27    30    2.02    +++   3     
2.55    8.23___11:18:26 58      27    31    2.02    +++   4     
1.14    8.23___11:18:39 59      28    31    2.02    ---   3     
1       8.23___11:18:50 60      29    31    2       ---   2     
1.4     8.23___11:19:4  61      30    31    1.99    ---   1     
2.22    8.23___11:19:21 62      30    32    2       +++   2     
1.13    8.23___11:19:34 63      31    32    1.99    ---   1     
1.57    8.23___11:19:49 64      32    32    1.97    ---   0     
4.32    8.23___11:20:12 65      32    33    1.99    +++   1     
4.38    8.23___11:20:34 66      32    34    2       +++   2     
1.39    8.23___11:20:48 67      33    34    1.99    ---   1     
2.34    8.23___11:21:6  68      33    35    2       +++   2     
1.3     8.23___11:21:20 69      34    35    1.99    ---   1     
2.48    8.23___11:21:38 70      34    36    2       +++   2     
1.34    8.23___11:21:53 71      35    36    1.99    ---   1     
1.86    8.23___11:22:9  72      36    36    1.97    ---   0     
2.02    8.23___11:22:26 73      36    37    1.99    +++   1     
2.31    8.23___11:22:44 74      36    38    2       +++   2     
1.02    8.23___11:22:55 75      37    38    1.99    ---   1     
3.08    8.23___11:23:15 76      37    39    2       +++   2     
2.75    8.23___11:23:34 77      37    40    2.02    +++   3     
1.82    8.23___11:23:50 78      38    40    2       ---   2     
3.93    8.23___11:24:11 79      38    41    2.02    +++   3     
6.18    8.23___11:24:37 80      38    42    2.02    +++   4     
1.03    8.23___11:24:48 81      39    42    2.02    ---   3     
1.25    8.23___11:25:2  82      40    42    2       ---   2     
1.58    8.23___11:25:17 83      41    42    1.99    ---   1     
1.78    8.23___11:25:33 84      42    42    1.97    ---   0     
3.22    8.23___11:25:53 85      42    43    1.99    +++   1     
1.05    8.23___11:26:5  86      43    43    1.97    ---   0     
5.54    8.23___11:26:29 87      43    44    1.99    +++   1     
1.1     8.23___11:26:41 88      44    44    1.97    ---   0     
1.1     8.23___11:26:54 89      45    44    1.96    ---   -1    
25.84   8.23___11:27:36 90      45    45    1.97    +++   0     
1.57    8.23___11:27:51 91      46    45    1.96    ---   -1    
1.09    8.23___11:28:4  92      47    45    1.96    ---   -2    
1.36    8.23___11:28:18 93      48    45    1.96    ---   -3    
3.06    8.23___11:28:38 94      48    46    1.96    +++   -2    
12.85   8.23___11:29:10 95      48    47    1.96    +++   -1    
1.45    8.23___11:29:25 96      49    47    1.96    ---   -2    
7.81    8.23___11:29:52 97      49    48    1.96    +++   -1    
1.41    8.23___11:30:6  98      50    48    1.96    ---   -2    
2.21    8.23___11:30:24 99      50    49    1.96    +++   -1    
1       8.23___11:30:35 100     51    49    1.96    ---   -2    
14.26   8.23___11:31:8  101     51    50    1.96    +++   -1    
1.12    8.23___11:31:21 102     52    50    1.96    ---   -2    
7.92    8.23___11:31:48 103     52    51    1.96    +++   -1    
1.23    8.23___11:32:2  104     53    51    1.96    ---   -2    
1.11    8.23___11:32:14 105     54    51    1.96    ---   -3    
2.14    8.23___11:32:31 106     54    52    1.96    +++   -2    
1.17    8.23___11:32:45 107     55    52    1.96    ---   -3    
1.01    8.23___11:32:56 108     56    52    1.94    ---   -4    
1.32    8.23___11:33:10 109     57    52    1.92    ---   -5    
1       8.23___11:33:20 110     58    52    1.91    ---   -6    
4.23    8.23___11:33:43 111     58    53    1.92    +++   -5    
4.2     8.23___11:34:4  112     58    54    1.94    +++   -4    
1.89    8.23___11:34:21 113     59    54    1.92    ---   -5    
1.21    8.23___11:34:34 114     60    54    1.91    ---   -6    
2.66    8.23___11:34:53 115     60    55    1.92    +++   -5    
1.01    8.23___11:35:4  116     61    55    1.91    ---   -6    
1.87    8.23___11:35:20 117     62    55    1.9     ---   -7    
2.02    8.23___11:35:37 118     62    56    1.91    +++   -6    
7.86    8.23___11:36:4  119     62    57    1.92    +++   -5    
1.63    8.23___11:36:20 120     63    57    1.91    ---   -6    
5.1     8.23___11:36:43 121     63    58    1.92    +++   -5    
1       8.23___11:36:54 122     64    58    1.91    ---   -6    
11.27   8.23___11:37:25 123     64    59    1.92    +++   -5    
26.48   8.23___11:38:7  124     64    60    1.94    +++   -4    
1.08    8.23___11:38:19 125     65    60    1.92    ---   -5    
1.72    8.23___11:38:35 126     66    60    1.91    ---   -6    
1.02    8.23___11:38:47 127     67    60    1.9     ---   -7    
2.12    8.23___11:39:4  128     67    61    1.91    +++   -6    
4.73    8.23___11:39:27 129     67    62    1.92    +++   -5    
1.68    8.23___11:39:43 130     68    62    1.91    ---   -6    
1.15    8.23___11:39:56 131     69    62    1.9     ---   -7    
2.25    8.23___11:40:13 132     69    63    1.91    +++   -6    
1.05    8.23___11:40:26 133     70    63    1.9     ---   -7    
4.94    8.23___11:40:50 134     70    64    1.91    +++   -6    
2.99    8.23___11:41:8  135     70    65    1.92    +++   -5    
1       8.23___11:41:19 136     71    65    1.91    ---   -6    
2.27    8.23___11:41:36 137     71    66    1.92    +++   -5    
1.08    8.23___11:41:49 138     72    66    1.91    ---   -6    
1.28    8.23___11:42:3  139     73    66    1.9     ---   -7    
6.05    8.23___11:42:27 140     73    67    1.91    +++   -6    
1.67    8.23___11:42:43 141     74    67    1.9     ---   -7    
2.38    8.23___11:43:1  142     74    68    1.91    +++   -6    
1.97    8.23___11:43:18 143     75    68    1.92    ---   -7    
1.21    8.23___11:43:31 144     76    68    1.91    ---   -8    
1.69    8.23___11:43:47 145     77    68    1.9     ---   -9    
2.03    8.23___11:44:4  146     77    69    1.91    +++   -8    
1       8.23___11:44:14 147     78    69    1.9     ---   -9    
22.31   8.23___11:44:54 148     78    70    1.91    +++   -8    
2.41    8.23___11:45:12 149     78    71    1.92    +++   -7    
1.94    8.23___11:45:29 150     79    71    1.93    ---   -8    
1.56    8.23___11:45:44 151     80    71    1.92    ---   -9    
8.9     8.23___11:46:12 152     80    72    1.93    +++   -8    
1.64    8.23___11:46:28 153     81    72    1.92    ---   -9    
1.38    8.23___11:46:42 154     82    72    1.91    ---   -10   
3.04    8.23___11:47:2  155     82    73    1.92    +++   -9    
2.41    8.23___11:47:20 156     82    74    1.93    +++   -8    
3.76    8.23___11:47:41 157     82    75    1.94    +++   -7    
32.1    8.23___11:48:27 158     82    76    1.95    +++   -6    
2.05    8.23___11:48:44 159     82    77    1.96    +++   -5    
1.72    8.23___11:49:0  160     83    77    1.95    ---   -6    
2.01    8.23___11:49:17 161     83    78    1.96    +++   -5    
4.55    8.23___11:49:39 162     83    79    1.96    +++   -4    
6.43    8.23___11:50:5  163     83    80    1.96    +++   -3    
1.44    8.23___11:50:19 164     84    80    1.96    ---   -4    
29.06   8.23___11:51:3  165     84    81    1.96    +++   -3    
1.75    8.23___11:51:19 166     85    81    1.96    ---   -4    
1.17    8.23___11:51:32 167     86    81    1.96    ---   -5    
2.17    8.23___11:51:51 168     86    82    1.96    +++   -4    
4.04    8.23___11:52:11 169     86    83    1.96    +++   -3    
16.88   8.23___11:52:47 170     86    84    1.96    +++   -2    
1.95    8.23___11:53:4  171     87    84    1.96    ---   -3    
1.09    8.23___11:53:16 172     88    84    1.96    ---   -4    
19.06   8.23___11:53:54 173     88    85    1.96    +++   -3    
13.6    8.23___11:54:27 174     88    86    1.96    +++   -2    
3.39    8.23___11:54:47 175     88    87    1.97    +++   -1    
1.87    8.23___11:55:4  176     89    87    1.96    ---   -2    
20.47   8.23___11:55:42 177     89    88    1.97    +++   -1    
2.4     8.23___11:56:0  178     89    89    1.98    +++   0     
1.47    8.23___11:56:15 179     90    89    1.97    ---   -1    
3.12    8.23___11:56:35 180     90    90    1.98    +++   0     
27.89   8.23___11:57:18 181     90    91    1.99    +++   1     
4.22    8.23___11:57:40 182     90    92    2       +++   2     
2.25    8.23___11:57:57 183     90    93    2       +++   3     
1.74    8.23___11:58:13 184     91    93    2       ---   2     
2.41    8.23___11:58:31 185     91    94    2       +++   3     
1.55    8.23___11:58:47 186     92    94    2       ---   2     
1.74    8.23___11:59:3  187     93    94    1.99    ---   1     
1.34    8.23___11:59:17 188     94    94    1.98    ---   0     
1.76    8.23___11:59:33 189     95    94    1.97    ---   -1    
1.9     8.23___11:59:50 190     96    94    1.96    ---   -2    
