4.48    8.23___9:53:0   1       0     1     4.48    +++   1     
4.66    8.23___9:53:23  2       0     2     4.57    +++   2     
1.59    8.23___9:53:38  3       1     2     4.48    ---   1     
1.41    8.23___9:53:53  4       2     2     3.03    ---   0     
1.09    8.23___9:54:5   5       3     2     1.59    ---   -1    
3.5     8.23___9:54:26  6       3     3     2.54    +++   0     
1.85    8.23___9:54:42  7       4     3     1.85    ---   -1    
1.43    8.23___9:54:57  8       5     3     1.72    ---   -2    
1.28    8.23___9:55:11  9       6     3     1.59    ---   -3    
6.86    8.23___9:55:36  10      6     4     1.72    +++   -2    
1.69    8.23___9:55:52  11      7     4     1.69    ---   -3    
8.57    8.23___9:56:20  12      7     5     1.77    +++   -2    
10.46   8.23___9:56:50  13      7     6     1.85    +++   -1    
1.49    8.23___9:57:5   14      8     6     1.77    ---   -2    
3.78    8.23___9:57:27  15      8     7     1.85    +++   -1    
4.99    8.23___9:57:49  16      8     8     2.67    +++   0     
1.02    8.23___9:58:1   17      9     8     1.85    ---   -1    
3.86    8.23___9:58:22  18      9     9     2.67    +++   0     
1.08    8.23___9:58:34  19      10    9     1.85    ---   -1    
6.49    8.23___9:59:0   20      10    10    2.67    +++   0     
1.06    8.23___9:59:12  21      11    10    1.85    ---   -1    
13.91   8.23___9:59:45  22      11    11    2.67    +++   0     
