7.52    8.24___16:0:3   1       0     1     1.89    +++   1     
1.08    8.24___16:0:16  2       1     1     1.89    ---   0     
1.93    8.24___16:0:32  3       2     1     1.89    ---   -1    
10.51   8.24___16:1:2   4       2     2     1.89    +++   0     
3.1     8.24___16:1:22  5       2     3     1.89    +++   1     
4.52    8.24___16:1:44  6       2     4     1.9     +++   2     
20.29   8.24___16:2:23  7       2     5     1.9     +++   3     
1       8.24___16:2:33  8       3     5     1.9     ---   2     
1.1     8.24___16:2:46  9       4     5     1.89    ---   1     
3.07    8.24___16:3:5   10      4     6     1.9     +++   2     
2.44    8.24___16:3:24  11      4     7     1.9     +++   3     
1.23    8.24___16:3:37  12      5     7     1.9     ---   2     
2.89    8.24___16:3:57  13      5     8     1.9     +++   3     
1.33    8.24___16:4:11  14      6     8     1.9     ---   2     
1.42    8.24___16:4:25  15      7     8     1.89    ---   1     
2.12    8.24___16:4:43  16      7     9     1.9     +++   2     
1.41    8.24___16:4:57  17      8     9     1.89    ---   1     
1.77    8.24___16:5:13  18      9     9     1.89    ---   0     
3.51    8.24___16:5:34  19      9     10    1.89    +++   1     
1.21    8.24___16:5:48  20      10    10    1.89    ---   0     
1.1     8.24___16:6:0   21      11    10    1.89    ---   -1    
1.18    8.24___16:6:13  22      12    10    1.89    ---   -2    
3.85    8.24___16:6:35  23      12    11    1.89    +++   -1    
1.22    8.24___16:6:48  24      13    11    1.89    ---   -2    
1.29    8.24___16:7:2   25      14    11    1.89    ---   -3    
2.54    8.24___16:7:21  26      14    12    1.89    +++   -2    
1.03    8.24___16:7:32  27      15    12    1.89    ---   -3    
2.4     8.24___16:7:50  28      15    13    1.89    +++   -2    
2.22    8.24___16:8:8   29      15    14    1.89    +++   -1    
1.1     8.24___16:8:20  30      16    14    1.89    ---   -2    
1       8.24___16:8:31  31      17    14    1.89    ---   -3    
24.64   8.24___16:9:12  32      17    15    1.89    +++   -2    
1.08    8.24___16:9:24  33      18    15    1.89    ---   -3    
2.59    8.24___16:9:43  34      18    16    1.89    +++   -2    
1.42    8.24___16:9:58  35      19    16    1.89    ---   -3    
1.19    8.24___16:10:11 36      20    16    1.89    ---   -4    
1.57    8.24___16:10:26 37      21    16    1.89    ---   -5    
9.9     8.24___16:10:56 38      21    17    1.89    +++   -4    
2.09    8.24___16:11:13 39      21    18    1.89    +++   -3    
1.08    8.24___16:11:25 40      22    18    1.89    ---   -4    
7.84    8.24___16:11:52 41      22    19    1.89    +++   -3    
2.56    8.24___16:12:11 42      22    20    1.89    +++   -2    
1.66    8.24___16:12:26 43      23    20    1.89    ---   -3    
3.58    8.24___16:12:47 44      23    21    1.89    +++   -2    
7.28    8.24___16:13:13 45      23    22    1.89    +++   -1    
3.56    8.24___16:13:34 46      23    23    1.89    +++   0     
2.52    8.24___16:13:52 47      23    24    1.89    +++   1     
1.62    8.24___16:14:8  48      24    24    1.89    ---   0     
29.71   8.24___16:14:52 49      24    25    1.89    +++   1     
1.11    8.24___16:15:5  50      25    25    1.89    ---   0     
3.82    8.24___16:15:26 51      25    26    1.89    +++   1     
6.45    8.24___16:15:51 52      25    27    1.9     +++   2     
2.06    8.24___16:16:9  53      25    28    1.9     +++   3     
1.34    8.24___16:16:23 54      26    28    1.9     ---   2     
4.35    8.24___16:16:45 55      26    29    1.9     +++   3     
3.54    8.24___16:17:6  56      26    30    1.9     +++   4     
2.22    8.24___16:17:23 57      26    31    1.9     +++   5     
1.79    8.24___16:17:39 58      27    31    1.9     ---   4     
1.18    8.24___16:17:52 59      28    31    1.9     ---   3     
20.2    8.24___16:18:31 60      28    32    1.9     +++   4     
1.67    8.24___16:18:46 61      29    32    1.9     ---   3     
10.1    8.24___16:19:16 62      29    33    1.9     +++   4     
1.51    8.24___16:19:31 63      30    33    1.9     ---   3     
2.05    8.24___16:19:48 64      30    34    1.9     +++   4     
1.01    8.24___16:19:59 65      31    34    1.9     ---   3     
1.02    8.24___16:20:11 66      32    34    1.9     ---   2     
6.4     8.24___16:20:36 67      32    35    1.9     +++   3     
1.57    8.24___16:20:51 68      33    35    1.9     ---   2     
1.69    8.24___16:21:7  69      34    35    1.89    ---   1     
4.38    8.24___16:21:29 70      34    36    1.9     +++   2     
2.84    8.24___16:21:49 71      34    37    1.9     +++   3     
1.43    8.24___16:22:3  72      35    37    1.9     ---   2     
1.26    8.24___16:22:17 73      36    37    1.89    ---   1     
4.44    8.24___16:22:39 74      36    38    1.9     +++   2     
1.36    8.24___16:22:54 75      37    38    1.89    ---   1     
27.09   8.24___16:23:37 76      37    39    1.9     +++   2     
1.08    8.24___16:23:49 77      38    39    1.89    ---   1     
2.06    8.24___16:24:6  78      38    40    1.9     +++   2     
1.23    8.24___16:24:20 79      39    40    1.89    ---   1     
2.05    8.24___16:24:37 80      39    41    1.9     +++   2     
1.05    8.24___16:24:49 81      40    41    1.89    ---   1     
1.39    8.24___16:25:3  82      41    41    1.89    ---   0     
1.48    8.24___16:25:18 83      42    41    1.89    ---   -1    
1.24    8.24___16:25:32 84      43    41    1.89    ---   -2    
1.37    8.24___16:25:46 85      44    41    1.89    ---   -3    
1.5     8.24___16:26:1  86      45    41    1.89    ---   -4    
23.99   8.24___16:26:42 87      45    42    1.89    +++   -3    
6.44    8.24___16:27:7  88      45    43    1.89    +++   -2    
4.12    8.24___16:27:29 89      45    44    1.89    +++   -1    
2.55    8.24___16:27:47 90      45    45    1.89    +++   0     
2.15    8.24___16:28:5  91      45    46    1.89    +++   1     
1.42    8.24___16:28:21 92      46    46    1.89    ---   0     
1.06    8.24___16:28:32 93      47    46    1.89    ---   -1    
1.25    8.24___16:28:45 94      48    46    1.89    ---   -2    
3.75    8.24___16:29:8  95      48    47    1.89    +++   -1    
1.15    8.24___16:29:19 96      49    47    1.89    ---   -2    
20.67   8.24___16:29:58 97      49    48    1.89    +++   -1    
4.78    8.24___16:30:21 98      49    49    1.89    +++   0     
1.58    8.24___16:30:36 99      50    49    1.89    ---   -1    
1.81    8.24___16:30:52 100     51    49    1.89    ---   -2    
