1.47    8.24___15:0:3   1       1     0     1.89    ---   -1    
1.33    8.24___15:0:18  2       2     0     1.89    ---   -2    
1       8.24___15:0:28  3       3     0     1.89    ---   -3    
3.64    8.24___15:0:49  4       3     1     1.89    +++   -2    
1.09    8.24___15:1:1   5       4     1     1.89    ---   -3    
1.22    8.24___15:1:15  6       5     1     1.89    ---   -4    
7.77    8.24___15:1:42  7       5     2     1.89    +++   -3    
2.04    8.24___15:1:59  8       5     3     1.89    +++   -2    
3.06    8.24___15:2:18  9       5     4     1.89    +++   -1    
3.93    8.24___15:2:40  10      5     5     1.89    +++   0     
16.74   8.24___15:3:15  11      5     6     1.89    +++   1     
1.06    8.24___15:3:27  12      6     6     1.89    ---   0     
7.11    8.24___15:3:54  13      6     7     1.89    +++   1     
9.27    8.24___15:4:22  14      6     8     1.9     +++   2     
1.33    8.24___15:4:36  15      7     8     1.89    ---   1     
2.83    8.24___15:4:56  16      7     9     1.9     +++   2     
2.32    8.24___15:5:13  17      7     10    1.9     +++   3     
1.16    8.24___15:5:26  18      8     10    1.9     ---   2     
5.16    8.24___15:5:50  19      8     11    1.9     +++   3     
1.43    8.24___15:6:5   20      9     11    1.9     ---   2     
1.12    8.24___15:6:17  21      10    11    1.89    ---   1     
1.53    8.24___15:6:33  22      11    11    1.89    ---   0     
1       8.24___15:6:43  23      12    11    1.89    ---   -1    
1.33    8.24___15:6:57  24      13    11    1.89    ---   -2    
1.32    8.24___15:7:11  25      14    11    1.89    ---   -3    
14.97   8.24___15:7:46  26      14    12    1.89    +++   -2    
1.67    8.24___15:8:1   27      15    12    1.89    ---   -3    
5.2     8.24___15:8:25  28      15    13    1.89    +++   -2    
1.43    8.24___15:8:39  29      16    13    1.89    ---   -3    
2.24    8.24___15:8:57  30      16    14    1.89    +++   -2    
2.01    8.24___15:9:14  31      16    15    1.89    +++   -1    
12.24   8.24___15:9:46  32      16    16    1.89    +++   0     
2.04    8.24___15:10:3  33      16    17    1.89    +++   1     
11.81   8.24___15:10:34 34      16    18    1.9     +++   2     
1.17    8.24___15:10:47 35      17    18    1.89    ---   1     
4.62    8.24___15:11:10 36      17    19    1.9     +++   2     
1.97    8.24___15:11:27 37      18    19    1.9     ---   1     
5.01    8.24___15:11:50 38      18    20    1.9     +++   2     
7.64    8.24___15:12:17 39      18    21    1.9     +++   3     
1.45    8.24___15:12:31 40      19    21    1.9     ---   2     
2.21    8.24___15:12:49 41      19    22    1.9     +++   3     
27.48   8.24___15:13:32 42      19    23    1.9     +++   4     
29.73   8.24___15:14:16 43      19    24    1.9     +++   5     
1.81    8.24___15:14:33 44      20    24    1.9     ---   4     
3.91    8.24___15:14:54 45      20    25    1.9     +++   5     
2.04    8.24___15:15:11 46      20    26    1.91    +++   6     
2.81    8.24___15:15:30 47      20    27    1.91    +++   7     
1.26    8.24___15:15:44 48      21    27    1.91    ---   6     
23.78   8.24___15:16:25 49      21    28    1.91    +++   7     
5.9     8.24___15:16:49 50      21    29    1.91    +++   8     
2.06    8.24___15:17:6  51      21    30    1.91    +++   9     
1.47    8.24___15:17:21 52      22    30    1.91    ---   8     
21.77   8.24___15:18:0  53      22    31    1.91    +++   9     
3.65    8.24___15:18:21 54      22    32    1.92    +++   10    
1.74    8.24___15:18:37 55      23    32    1.91    ---   9     
1.02    8.24___15:18:49 56      24    32    1.91    ---   8     
1.05    8.24___15:19:1  57      25    32    1.91    ---   7     
1.11    8.24___15:19:13 58      26    32    1.91    ---   6     
1.68    8.24___15:19:29 59      27    32    1.9     ---   5     
6.86    8.24___15:19:55 60      27    33    1.91    +++   6     
1.65    8.24___15:20:11 61      28    33    1.9     ---   5     
1.87    8.24___15:20:27 62      29    33    1.9     ---   4     
1.06    8.24___15:20:39 63      30    33    1.9     ---   3     
1       8.24___15:20:50 64      31    33    1.9     ---   2     
3.7     8.24___15:21:11 65      31    34    1.9     +++   3     
1.76    8.24___15:21:27 66      32    34    1.9     ---   2     
1.31    8.24___15:21:41 67      33    34    1.9     ---   1     
2.68    8.24___15:22:0  68      33    35    1.9     +++   2     
1.37    8.24___15:22:14 69      34    35    1.9     ---   1     
2.87    8.24___15:22:33 70      34    36    1.9     +++   2     
3.66    8.24___15:22:54 71      34    37    1.9     +++   3     
1.31    8.24___15:23:8  72      35    37    1.9     ---   2     
1.18    8.24___15:23:21 73      36    37    1.9     ---   1     
2.34    8.24___15:23:39 74      36    38    1.9     +++   2     
3.84    8.24___15:24:1  75      36    39    1.9     +++   3     
1.12    8.24___15:24:13 76      37    39    1.9     ---   2     
4.43    8.24___15:24:37 77      37    40    1.9     +++   3     
1.27    8.24___15:24:50 78      38    40    1.9     ---   2     
3.09    8.24___15:25:9  79      38    41    1.9     +++   3     
2.69    8.24___15:25:28 80      38    42    1.9     +++   4     
1.14    8.24___15:25:41 81      39    42    1.9     ---   3     
1.42    8.24___15:25:55 82      40    42    1.9     ---   2     
1.34    8.24___15:26:10 83      41    42    1.9     ---   1     
3.06    8.24___15:26:29 84      41    43    1.9     +++   2     
1.08    8.24___15:26:42 85      42    43    1.9     ---   1     
1.62    8.24___15:26:57 86      43    43    1.9     ---   0     
1       8.24___15:27:8  87      44    43    1.89    ---   -1    
1.04    8.24___15:27:20 88      45    43    1.89    ---   -2    
3.2     8.24___15:27:39 89      45    44    1.89    +++   -1    
2.11    8.24___15:27:57 90      45    45    1.9     +++   0     
1.16    8.24___15:28:10 91      46    45    1.89    ---   -1    
1.02    8.24___15:28:21 92      47    45    1.89    ---   -2    
4.46    8.24___15:28:43 93      47    46    1.89    +++   -1    
1.05    8.24___15:28:55 94      48    46    1.89    ---   -2    
2.37    8.24___15:29:13 95      48    47    1.89    +++   -1    
1.2     8.24___15:29:27 96      49    47    1.89    ---   -2    
4.1     8.24___15:29:48 97      49    48    1.89    +++   -1    
2.02    8.24___15:30:5  98      49    49    1.9     +++   0     
1.3     8.24___15:30:19 99      50    49    1.89    ---   -1    
4.57    8.24___15:30:42 100     50    50    1.9     +++   0     
1.26    8.24___15:30:56 101     51    50    1.89    ---   -1    
4.33    8.24___15:31:18 102     51    51    1.9     +++   0     
1.18    8.24___15:31:31 103     52    51    1.89    ---   -1    
1.36    8.24___15:31:45 104     53    51    1.89    ---   -2    
6.09    8.24___15:32:10 105     53    52    1.89    +++   -1    
7.4     8.24___15:32:37 106     53    53    1.9     +++   0     
3.71    8.24___15:32:58 107     53    54    1.9     +++   1     
2.87    8.24___15:33:17 108     53    55    1.9     +++   2     
10.36   8.24___15:33:47 109     53    56    1.9     +++   3     
1       8.24___15:33:57 110     54    56    1.9     ---   2     
1.68    8.24___15:34:13 111     55    56    1.9     ---   1     
1.41    8.24___15:34:28 112     56    56    1.9     ---   0     
2.13    8.24___15:34:45 113     56    57    1.9     +++   1     
1.65    8.24___15:35:0  114     57    57    1.9     ---   0     
1.21    8.24___15:35:14 115     58    57    1.89    ---   -1    
1.07    8.24___15:35:26 116     59    57    1.89    ---   -2    
1.04    8.24___15:35:38 117     60    57    1.89    ---   -3    
4.18    8.24___15:36:0  118     60    58    1.89    +++   -2    
9.13    8.24___15:36:28 119     60    59    1.89    +++   -1    
1.1     8.24___15:36:41 120     61    59    1.89    ---   -2    
3.87    8.24___15:37:2  121     61    60    1.89    +++   -1    
2.01    8.24___15:37:19 122     61    61    1.9     +++   0     
5.3     8.24___15:37:43 123     61    62    1.9     +++   1     
2.63    8.24___15:38:1  124     61    63    1.9     +++   2     
1       8.24___15:38:12 125     62    63    1.9     ---   1     
1.86    8.24___15:38:28 126     63    63    1.9     ---   0     
4.09    8.24___15:38:50 127     63    64    1.9     +++   1     
5.91    8.24___15:39:14 128     63    65    1.9     +++   2     
1.09    8.24___15:39:27 129     64    65    1.9     ---   1     
1.5     8.24___15:39:42 130     65    65    1.9     ---   0     
2.07    8.24___15:39:59 131     65    66    1.9     +++   1     
12.09   8.24___15:40:31 132     65    67    1.9     +++   2     
29.04   8.24___15:41:15 133     65    68    1.9     +++   3     
1.42    8.24___15:41:29 134     66    68    1.9     ---   2     
4.56    8.24___15:41:52 135     66    69    1.9     +++   3     
1.7     8.24___15:42:8  136     67    69    1.9     ---   2     
2.09    8.24___15:42:25 137     67    70    1.9     +++   3     
4.4     8.24___15:42:47 138     67    71    1.9     +++   4     
1.18    8.24___15:43:0  139     68    71    1.9     ---   3     
1.48    8.24___15:43:15 140     69    71    1.9     ---   2     
3.22    8.24___15:43:35 141     69    72    1.9     +++   3     
1.27    8.24___15:43:49 142     70    72    1.9     ---   2     
1.34    8.24___15:44:3  143     71    72    1.9     ---   1     
14.03   8.24___15:44:37 144     71    73    1.9     +++   2     
1.07    8.24___15:44:49 145     72    73    1.9     ---   1     
6.53    8.24___15:45:14 146     72    74    1.9     +++   2     
1.1     8.24___15:45:27 147     73    74    1.9     ---   1     
1.34    8.24___15:45:41 148     74    74    1.9     ---   0     
1.71    8.24___15:45:57 149     75    74    1.89    ---   -1    
1.07    8.24___15:46:9  150     76    74    1.89    ---   -2    
2.78    8.24___15:46:28 151     76    75    1.89    +++   -1    
1.24    8.24___15:46:42 152     77    75    1.89    ---   -2    
4.84    8.24___15:47:23 153     77    76    1.89    +++   -1    
1.54    8.24___15:47:38 154     78    76    1.89    ---   -2    
1.28    8.24___15:47:52 155     79    76    1.89    ---   -3    
29.84   8.24___15:48:37 156     79    77    1.89    +++   -2    
1.14    8.24___15:48:50 157     80    77    1.89    ---   -3    
1.21    8.24___15:49:3  158     81    77    1.89    ---   -4    
5.28    8.24___15:49:27 159     81    78    1.89    +++   -3    
11.67   8.24___15:49:58 160     81    79    1.89    +++   -2    
11.6    8.24___15:50:29 161     81    80    1.89    +++   -1    
4.69    8.24___15:50:52 162     81    81    1.9     +++   0     
1.55    8.24___15:51:7  163     82    81    1.89    ---   -1    
13.41   8.24___15:51:40 164     82    82    1.9     +++   0     
1.18    8.24___15:51:53 165     83    82    1.89    ---   -1    
1.83    8.24___15:52:10 166     84    82    1.89    ---   -2    
2.26    8.24___15:52:27 167     84    83    1.89    +++   -1    
5.08    8.24___15:52:51 168     84    84    1.9     +++   0     
1.27    8.24___15:53:4  169     85    84    1.89    ---   -1    
1.72    8.24___15:53:20 170     86    84    1.89    ---   -2    
3.94    8.24___15:53:42 171     86    85    1.89    +++   -1    
1.17    8.24___15:53:55 172     87    85    1.89    ---   -2    
4.81    8.24___15:54:18 173     87    86    1.89    +++   -1    
3.72    8.24___15:54:39 174     87    87    1.9     +++   0     
1.41    8.24___15:54:53 175     88    87    1.89    ---   -1    
8.29    8.24___15:55:21 176     88    88    1.9     +++   0     
1.42    8.24___15:55:36 177     89    88    1.89    ---   -1    
6.96    8.24___15:56:2  178     89    89    1.9     +++   0     
22.97   8.24___15:56:42 179     89    90    1.9     +++   1     
1       8.24___15:56:52 180     90    90    1.9     ---   0     
2.16    8.24___15:57:10 181     90    91    1.9     +++   1     
6.82    8.24___15:57:36 182     90    92    1.9     +++   2     
1.63    8.24___15:57:51 183     91    92    1.9     ---   1     
1.45    8.24___15:58:6  184     92    92    1.9     ---   0     
1.13    8.24___15:58:19 185     93    92    1.89    ---   -1    
1.33    8.24___15:58:33 186     94    92    1.89    ---   -2    
1.74    8.24___15:58:49 187     95    92    1.89    ---   -3    
2.19    8.24___15:59:6  188     95    93    1.89    +++   -2    
1.28    8.24___15:59:20 189     96    93    1.89    ---   -3    
1.76    8.24___15:59:36 190     97    93    1.89    ---   -4    
