1.08    8.24___10:0:10  1       1     0     1.72    ---   -1    
23.63   8.24___10:0:50  2       1     1     1.76    +++   0     
1.51    8.24___10:1:5   3       2     1     1.72    ---   -1    
1.15    8.24___10:1:18  4       3     1     1.68    ---   -2    
1.03    8.24___10:1:30  5       4     1     1.67    ---   -3    
4.01    8.24___10:1:52  6       4     2     1.68    +++   -2    
1.13    8.24___10:2:4   7       5     2     1.67    ---   -3    
5.42    8.24___10:2:28  8       5     3     1.68    +++   -2    
1.03    8.24___10:2:40  9       6     3     1.67    ---   -3    
2.42    8.24___10:2:58  10      6     4     1.68    +++   -2    
7.43    8.24___10:3:25  11      6     5     1.72    +++   -1    
1.43    8.24___10:3:39  12      7     5     1.68    ---   -2    
1.08    8.24___10:3:52  13      8     5     1.67    ---   -3    
1.02    8.24___10:4:3   14      9     5     1.66    ---   -4    
1.11    8.24___10:4:16  15      10    5     1.61    ---   -5    
2.39    8.24___10:4:34  16      10    6     1.66    +++   -4    
1.24    8.24___10:4:47  17      11    6     1.61    ---   -5    
1.53    8.24___10:5:3   18      12    6     1.57    ---   -6    
2.15    8.24___10:5:20  19      12    7     1.61    +++   -5    
2.54    8.24___10:5:38  20      12    8     1.66    +++   -4    
1.58    8.24___10:5:54  21      13    8     1.62    ---   -5    
2.74    8.24___10:6:12  22      13    9     1.66    +++   -4    
2.44    8.24___10:6:31  23      13    10    1.67    +++   -3    
3.27    8.24___10:6:51  24      13    11    1.68    +++   -2    
1.38    8.24___10:7:5   25      14    11    1.67    ---   -3    
1.51    8.24___10:7:20  26      15    11    1.66    ---   -4    
1.55    8.24___10:7:35  27      16    11    1.62    ---   -5    
5.57    8.24___10:7:59  28      16    12    1.66    +++   -4    
2.66    8.24___10:8:18  29      16    13    1.67    +++   -3    
1.36    8.24___10:8:32  30      17    13    1.66    ---   -4    
2.64    8.24___10:8:51  31      17    14    1.67    +++   -3    
2.16    8.24___10:9:8   32      17    15    1.68    +++   -2    
1.53    8.24___10:9:24  33      18    15    1.67    ---   -3    
2.67    8.24___10:9:42  34      18    16    1.68    +++   -2    
3       8.24___10:10:2  35      18    17    1.72    +++   -1    
1.57    8.24___10:10:17 36      19    17    1.68    ---   -2    
1.27    8.24___10:10:31 37      20    17    1.67    ---   -3    
3.65    8.24___10:10:52 38      20    18    1.68    +++   -2    
2.49    8.24___10:11:10 39      20    19    1.72    +++   -1    
1       8.24___10:11:21 40      21    19    1.68    ---   -2    
2.79    8.24___10:11:40 41      21    20    1.72    +++   -1    
19.59   8.24___10:12:17 42      21    21    1.76    +++   0     
3.29    8.24___10:12:38 43      21    22    1.8     +++   1     
1.49    8.24___10:12:52 44      22    22    1.76    ---   0     
1.52    8.24___10:13:8  45      23    22    1.72    ---   -1    
1.26    8.24___10:13:21 46      24    22    1.68    ---   -2    
14.34   8.24___10:13:55 47      24    23    1.72    +++   -1    
1.35    8.24___10:14:9  48      25    23    1.68    ---   -2    
2.4     8.24___10:14:27 49      25    24    1.72    +++   -1    
5.69    8.24___10:14:51 50      25    25    1.76    +++   0     
2.04    8.24___10:15:8  51      25    26    1.8     +++   1     
4.31    8.24___10:15:31 52      25    27    1.84    +++   2     
8.35    8.24___10:15:58 53      25    28    1.86    +++   3     
1       8.24___10:16:9  54      26    28    1.84    ---   2     
1.16    8.24___10:16:22 55      27    28    1.8     ---   1     
5.52    8.24___10:16:46 56      27    29    1.84    +++   2     
32.02   8.24___10:17:32 57      27    30    1.86    +++   3     
1.33    8.24___10:17:46 58      28    30    1.84    ---   2     
1.05    8.24___10:17:58 59      29    30    1.8     ---   1     
1.49    8.24___10:18:13 60      30    30    1.76    ---   0     
9.07    8.24___10:18:41 61      30    31    1.8     +++   1     
2.76    8.24___10:19:0  62      30    32    1.84    +++   2     
1.48    8.24___10:19:15 63      31    32    1.8     ---   1     
1       8.24___10:19:26 64      32    32    1.76    ---   0     
2.92    8.24___10:19:45 65      32    33    1.8     +++   1     
17.36   8.24___10:20:21 66      32    34    1.84    +++   2     
2.44    8.24___10:20:39 67      32    35    1.86    +++   3     
1.43    8.24___10:20:54 68      33    35    1.84    ---   2     
2.43    8.24___10:21:12 69      33    36    1.86    +++   3     
7.77    8.24___10:21:39 70      33    37    1.89    +++   4     
12.8    8.24___10:22:11 71      33    38    1.89    +++   5     
1       8.24___10:22:22 72      34    38    1.89    ---   4     
1.72    8.24___10:22:38 73      35    38    1.86    ---   3     
18.38   8.24___10:23:15 74      35    39    1.89    +++   4     
1.6     8.24___10:23:30 75      36    39    1.86    ---   3     
1.26    8.24___10:23:44 76      37    39    1.84    ---   2     
1.08    8.24___10:23:56 77      38    39    1.8     ---   1     
1.27    8.24___10:24:10 78      39    39    1.76    ---   0     
29.88   8.24___10:24:55 79      39    40    1.8     +++   1     
1.33    8.24___10:25:9  80      40    40    1.76    ---   0     
2.03    8.24___10:25:26 81      40    41    1.8     +++   1     
3.26    8.24___10:25:46 82      40    42    1.84    +++   2     
2.63    8.24___10:26:4  83      40    43    1.86    +++   3     
1.17    8.24___10:26:18 84      41    43    1.84    ---   2     
1.11    8.24___10:26:30 85      42    43    1.8     ---   1     
2.25    8.24___10:26:48 86      42    44    1.84    +++   2     
2.66    8.24___10:27:6  87      42    45    1.86    +++   3     
1.06    8.24___10:27:19 88      43    45    1.84    ---   2     
2.66    8.24___10:27:38 89      43    46    1.86    +++   3     
1       8.24___10:27:48 90      44    46    1.84    ---   2     
8.54    8.24___10:28:16 91      44    47    1.86    +++   3     
26.96   8.24___10:28:59 92      44    48    1.89    +++   4     
2.82    8.24___10:29:18 93      44    49    1.89    +++   5     
22.47   8.24___10:29:57 94      44    50    1.89    +++   6     
1.31    8.24___10:30:11 95      45    50    1.89    ---   5     
6.88    8.24___10:30:37 96      45    51    1.89    +++   6     
22.28   8.24___10:31:17 97      45    52    1.89    +++   7     
1.77    8.24___10:31:33 98      46    52    1.89    ---   6     
1.02    8.24___10:31:45 99      47    52    1.89    ---   5     
1.33    8.24___10:31:59 100     48    52    1.89    ---   4     
2.6     8.24___10:32:17 101     48    53    1.89    +++   5     
1.91    8.24___10:32:34 102     49    53    1.89    ---   4     
5.35    8.24___10:32:58 103     49    54    1.89    +++   5     
1.04    8.24___10:33:10 104     50    54    1.89    ---   4     
1.05    8.24___10:33:22 105     51    54    1.89    ---   3     
12.63   8.24___10:33:54 106     51    55    1.89    +++   4     
1.1     8.24___10:34:6  107     52    55    1.89    ---   3     
2.38    8.24___10:34:24 108     52    56    1.89    +++   4     
1.04    8.24___10:34:36 109     53    56    1.89    ---   3     
1.06    8.24___10:34:48 110     54    56    1.89    ---   2     
2.58    8.24___10:35:7  111     54    57    1.89    +++   3     
21.68   8.24___10:35:46 112     54    58    1.89    +++   4     
7.12    8.24___10:36:12 113     54    59    1.89    +++   5     
1.11    8.24___10:36:25 114     55    59    1.89    ---   4     
8.06    8.24___10:36:52 115     55    60    1.89    +++   5     
3.43    8.24___10:37:12 116     55    61    1.9     +++   6     
1.55    8.24___10:37:28 117     56    61    1.89    ---   5     
1.35    8.24___10:37:42 118     57    61    1.89    ---   4     
2.66    8.24___10:38:1  119     57    62    1.89    +++   5     
2.64    8.24___10:38:19 120     57    63    1.9     +++   6     
7.57    8.24___10:38:46 121     57    64    1.9     +++   7     
2.38    8.24___10:39:4  122     57    65    1.91    +++   8     
1.68    8.24___10:39:20 123     58    65    1.9     ---   7     
1.16    8.24___10:39:33 124     59    65    1.9     ---   6     
1.12    8.24___10:39:46 125     60    65    1.89    ---   5     
2.92    8.24___10:40:5  126     60    66    1.9     +++   6     
5.07    8.24___10:40:28 127     60    67    1.9     +++   7     
21.34   8.24___10:41:7  128     60    68    1.91    +++   8     
4.44    8.24___10:41:30 129     60    69    1.92    +++   9     
1.54    8.24___10:41:45 130     61    69    1.91    ---   8     
4.47    8.24___10:42:7  131     61    70    1.92    +++   9     
18.36   8.24___10:42:44 132     61    71    1.94    +++   10    
4.06    8.24___10:43:6  133     61    72    1.98    +++   11    
3.98    8.24___10:43:27 134     61    73    2.02    +++   12    
4.21    8.24___10:43:49 135     61    74    2.03    +++   13    
11.75   8.24___10:44:20 136     61    75    2.04    +++   14    
1.31    8.24___10:44:34 137     62    75    2.03    ---   13    
2.89    8.24___10:44:54 138     62    76    2.04    +++   14    
1.1     8.24___10:45:6  139     63    76    2.03    ---   13    
12.17   8.24___10:45:38 140     63    77    2.04    +++   14    
1.06    8.24___10:45:50 141     64    77    2.03    ---   13    
1       8.24___10:46:0  142     65    77    2.02    ---   12    
12.47   8.24___10:46:32 143     65    78    2.03    +++   13    
1.05    8.24___10:46:44 144     66    78    2.02    ---   12    
24.32   8.24___10:47:25 145     66    79    2.03    +++   13    
2.94    8.24___10:47:45 146     66    80    2.04    +++   14    
2.93    8.24___10:48:4  147     66    81    2.05    +++   15    
2.74    8.24___10:48:23 148     66    82    2.06    +++   16    
1.56    8.24___10:48:38 149     67    82    2.05    ---   15    
1.08    8.24___10:48:51 150     68    82    2.04    ---   14    
1.06    8.24___10:49:3  151     69    82    2.03    ---   13    
5.43    8.24___10:49:27 152     69    83    2.04    +++   14    
2.73    8.24___10:49:45 153     69    84    2.05    +++   15    
29.85   8.24___10:50:30 154     69    85    2.06    +++   16    
5.99    8.24___10:50:55 155     69    86    2.11    +++   17    
21.69   8.24___10:51:34 156     69    87    2.15    +++   18    
1.07    8.24___10:51:46 157     70    87    2.11    ---   17    
1.85    8.24___10:52:2  158     71    87    2.06    ---   16    
1.68    8.24___10:52:18 159     72    87    2.05    ---   15    
1.74    8.24___10:52:34 160     73    87    2.04    ---   14    
1.08    8.24___10:52:47 161     74    87    2.03    ---   13    
1.67    8.24___10:53:2  162     75    87    2.02    ---   12    
1.78    8.24___10:53:18 163     76    87    1.98    ---   11    
1.96    8.24___10:53:35 164     77    87    1.96    ---   10    
2.21    8.24___10:53:53 165     77    88    1.99    +++   11    
1       8.24___10:54:3  166     78    88    1.96    ---   10    
1.23    8.24___10:54:17 167     79    88    1.95    ---   9     
1.72    8.24___10:54:33 168     80    88    1.94    ---   8     
1.17    8.24___10:54:46 169     81    88    1.92    ---   7     
1.13    8.24___10:54:59 170     82    88    1.91    ---   6     
1.01    8.24___10:55:10 171     83    88    1.9     ---   5     
1.42    8.24___10:55:25 172     84    88    1.9     ---   4     
1.36    8.24___10:55:39 173     85    88    1.89    ---   3     
2.07    8.24___10:55:56 174     85    89    1.9     +++   4     
7.83    8.24___10:56:23 175     85    90    1.9     +++   5     
1.75    8.24___10:56:39 176     86    90    1.9     ---   4     
11.31   8.24___10:57:10 177     86    91    1.9     +++   5     
18.12   8.24___10:57:47 178     86    92    1.91    +++   6     
1.11    8.24___10:57:59 179     87    92    1.9     ---   5     
1.43    8.24___10:58:14 180     88    92    1.9     ---   4     
4.38    8.24___10:58:36 181     88    93    1.9     +++   5     
1.46    8.24___10:58:51 182     89    93    1.9     ---   4     
6.17    8.24___10:59:16 183     89    94    1.9     +++   5     
23.29   8.24___10:59:56 184     89    95    1.91    +++   6     
