2.19    8.24___11:0:14  1       0     1     1.92    +++   1     
6.75    8.24___11:0:40  2       0     2     1.94    +++   2     
2.35    8.24___11:0:57  3       0     3     1.95    +++   3     
1.01    8.24___11:1:9   4       1     3     1.94    ---   2     
2.83    8.24___11:1:28  5       1     4     1.95    +++   3     
5.07    8.24___11:1:51  6       1     5     1.96    +++   4     
3.2     8.24___11:2:11  7       1     6     1.99    +++   5     
1.18    8.24___11:2:24  8       2     6     1.96    ---   4     
2.24    8.24___11:2:42  9       2     7     1.99    +++   5     
5.19    8.24___11:3:5   10      2     8     2.02    +++   6     
1.04    8.24___11:3:17  11      3     8     1.99    ---   5     
1.9     8.24___11:3:34  12      4     8     1.96    ---   4     
1.16    8.24___11:3:47  13      5     8     1.95    ---   3     
2.83    8.24___11:4:6   14      5     9     1.96    +++   4     
2.05    8.24___11:4:23  15      5     10    1.99    +++   5     
12.49   8.24___11:4:55  16      5     11    2.02    +++   6     
1.07    8.24___11:5:7   17      6     11    1.99    ---   5     
4.04    8.24___11:5:29  18      6     12    2.02    +++   6     
1.51    8.24___11:5:44  19      7     12    1.99    ---   5     
1.49    8.24___11:5:59  20      8     12    1.96    ---   4     
3.66    8.24___11:6:20  21      8     13    1.99    +++   5     
1.71    8.24___11:6:35  22      9     13    1.96    ---   4     
1       8.24___11:6:46  23      10    13    1.95    ---   3     
3.09    8.24___11:7:6   24      10    14    1.96    +++   4     
34.63   8.24___11:7:53  25      10    15    1.99    +++   5     
1.32    8.24___11:8:7   26      11    15    1.96    ---   4     
4.13    8.24___11:8:29  27      11    16    1.99    +++   5     
5.15    8.24___11:8:52  28      11    17    2.02    +++   6     
1.1     8.24___11:9:5   29      12    17    1.99    ---   5     
4.37    8.24___11:9:27  30      12    18    2.02    +++   6     
3.02    8.24___11:9:46  31      12    19    2.03    +++   7     
3.99    8.24___11:10:8  32      12    20    2.04    +++   8     
13.92   8.24___11:10:41 33      12    21    2.04    +++   9     
1.11    8.24___11:10:54 34      13    21    2.04    ---   8     
3.7     8.24___11:11:15 35      13    22    2.04    +++   9     
1.59    8.24___11:11:30 36      14    22    2.04    ---   8     
2.08    8.24___11:11:47 37      14    23    2.04    +++   9     
3.79    8.24___11:12:8  38      14    24    2.04    +++   10    
4.61    8.24___11:12:31 39      14    25    2.05    +++   11    
1.59    8.24___11:12:46 40      15    25    2.04    ---   10    
26.56   8.24___11:13:29 41      15    26    2.05    +++   11    
19.8    8.24___11:14:7  42      15    27    2.06    +++   12    
1.46    8.24___11:14:22 43      16    27    2.05    ---   11    
2.75    8.24___11:14:40 44      16    28    2.06    +++   12    
1.09    8.24___11:14:53 45      17    28    2.05    ---   11    
5.58    8.24___11:15:17 46      17    29    2.06    +++   12    
1.2     8.24___11:15:30 47      18    29    2.05    ---   11    
7.78    8.24___11:15:57 48      18    30    2.06    +++   12    
4.63    8.24___11:16:20 49      18    31    2.06    +++   13    
5.33    8.24___11:16:44 50      18    32    2.06    +++   14    
1.27    8.24___11:16:57 51      19    32    2.06    ---   13    
33.13   8.24___11:17:44 52      19    33    2.06    +++   14    
1.37    8.24___11:17:58 53      20    33    2.06    ---   13    
2.16    8.24___11:18:16 54      20    34    2.06    +++   14    
2.77    8.24___11:18:35 55      20    35    2.07    +++   15    
2.82    8.24___11:18:54 56      20    36    2.08    +++   16    
4.73    8.24___11:19:16 57      20    37    2.11    +++   17    
10.41   8.24___11:19:46 58      20    38    2.15    +++   18    
1.09    8.24___11:19:59 59      21    38    2.11    ---   17    
4.4     8.24___11:20:21 60      21    39    2.15    +++   18    
1       8.24___11:20:32 61      22    39    2.11    ---   17    
2.6     8.24___11:20:50 62      22    40    2.15    +++   18    
12.5    8.24___11:21:22 63      22    41    2.15    +++   19    
1.62    8.24___11:21:38 64      23    41    2.15    ---   18    
1.93    8.24___11:21:54 65      24    41    2.11    ---   17    
3.2     8.24___11:22:15 66      24    42    2.15    +++   18    
1.98    8.24___11:22:31 67      25    42    2.11    ---   17    
1.18    8.24___11:22:44 68      26    42    2.08    ---   16    
1.76    8.24___11:23:0  69      27    42    2.07    ---   15    
1.67    8.24___11:23:17 70      28    42    2.06    ---   14    
1.48    8.24___11:23:31 71      29    42    2.06    ---   13    
1.19    8.24___11:23:44 72      30    42    2.06    ---   12    
7.91    8.24___11:24:11 73      30    43    2.06    +++   13    
29.65   8.24___11:24:56 74      30    44    2.06    +++   14    
1.35    8.24___11:25:10 75      31    44    2.06    ---   13    
1.27    8.24___11:25:24 76      32    44    2.06    ---   12    
1.03    8.24___11:25:36 77      33    44    2.05    ---   11    
3.91    8.24___11:25:57 78      33    45    2.06    +++   12    
3.87    8.24___11:26:18 79      33    46    2.06    +++   13    
1.4     8.24___11:26:33 80      34    46    2.06    ---   12    
8.18    8.24___11:27:0  81      34    47    2.06    +++   13    
1.46    8.24___11:27:15 82      35    47    2.06    ---   12    
1.74    8.24___11:27:31 83      36    47    2.05    ---   11    
2.06    8.24___11:27:48 84      36    48    2.06    +++   12    
1.87    8.24___11:28:5  85      37    48    2.05    ---   11    
1.11    8.24___11:28:17 86      38    48    2.04    ---   10    
1.16    8.24___11:28:30 87      39    48    2.04    ---   9     
2.3     8.24___11:28:48 88      39    49    2.04    +++   10    
4.81    8.24___11:29:11 89      39    50    2.05    +++   11    
1.01    8.24___11:29:22 90      40    50    2.04    ---   10    
2       8.24___11:29:39 91      40    51    2.04    +++   11    
2.87    8.24___11:29:58 92      40    52    2.04    +++   12    
10.02   8.24___11:30:28 93      40    53    2.05    +++   13    
6.24    8.24___11:30:53 94      40    54    2.06    +++   14    
6.83    8.24___11:31:19 95      40    55    2.06    +++   15    
1.55    8.24___11:31:34 96      41    55    2.06    ---   14    
1.19    8.24___11:31:47 97      42    55    2.05    ---   13    
1.07    8.24___11:31:59 98      43    55    2.04    ---   12    
2.38    8.24___11:32:17 99      43    56    2.05    +++   13    
7       8.24___11:32:43 100     43    57    2.06    +++   14    
1.35    8.24___11:32:58 101     44    57    2.05    ---   13    
2.4     8.24___11:33:16 102     44    58    2.06    +++   14    
1       8.24___11:33:26 103     45    58    2.05    ---   13    
2.37    8.24___11:33:44 104     45    59    2.06    +++   14    
1.99    8.24___11:34:1  105     46    59    2.05    ---   13    
1.51    8.24___11:34:16 106     47    59    2.04    ---   12    
2.53    8.24___11:34:35 107     47    60    2.05    +++   13    
1.26    8.24___11:34:48 108     48    60    2.04    ---   12    
1.27    8.24___11:35:2  109     49    60    2.04    ---   11    
2.99    8.24___11:35:22 110     49    61    2.04    +++   12    
1.04    8.24___11:35:33 111     50    61    2.04    ---   11    
2.59    8.24___11:35:52 112     50    62    2.04    +++   12    
26.8    8.24___11:36:35 113     50    63    2.05    +++   13    
1.08    8.24___11:36:47 114     51    63    2.04    ---   12    
1.05    8.24___11:36:59 115     52    63    2.04    ---   11    
1.75    8.24___11:37:15 116     53    63    2.04    ---   10    
1.3     8.24___11:37:29 117     54    63    2.03    ---   9     
1       8.24___11:37:40 118     55    63    2.02    ---   8     
3.11    8.24___11:37:59 119     55    64    2.03    +++   9     
13.37   8.24___11:38:32 120     55    65    2.04    +++   10    
1.1     8.24___11:38:45 121     56    65    2.03    ---   9     
28.15   8.24___11:39:28 122     56    66    2.04    +++   10    
1.43    8.24___11:39:43 123     57    66    2.03    ---   9     
5.4     8.24___11:40:7  124     57    67    2.04    +++   10    
9.66    8.24___11:40:36 125     57    68    2.04    +++   11    
1.13    8.24___11:40:49 126     58    68    2.04    ---   10    
1.07    8.24___11:41:1  127     59    68    2.03    ---   9     
1.07    8.24___11:41:13 128     60    68    2.02    ---   8     
2.73    8.24___11:41:32 129     60    69    2.03    +++   9     
1.71    8.24___11:41:48 130     61    69    2.02    ---   8     
31.26   8.24___11:42:33 131     61    70    2.03    +++   9     
9.26    8.24___11:43:2  132     61    71    2.04    +++   10    
3.07    8.24___11:43:21 133     61    72    2.04    +++   11    
2.35    8.24___11:43:39 134     61    73    2.04    +++   12    
1.89    8.24___11:43:56 135     62    73    2.04    ---   11    
7.19    8.24___11:44:22 136     62    74    2.04    +++   12    
2.17    8.24___11:44:40 137     62    75    2.05    +++   13    
2.5     8.24___11:44:58 138     62    76    2.06    +++   14    
1.25    8.24___11:45:12 139     63    76    2.05    ---   13    
2.19    8.24___11:45:29 140     63    77    2.06    +++   14    
1.3     8.24___11:45:43 141     64    77    2.05    ---   13    
2.14    8.24___11:46:0  142     64    78    2.06    +++   14    
4.84    8.24___11:46:23 143     64    79    2.06    +++   15    
12.92   8.24___11:46:56 144     64    80    2.06    +++   16    
3.34    8.24___11:47:16 145     64    81    2.06    +++   17    
3       8.24___11:47:35 146     64    82    2.06    +++   18    
2.29    8.24___11:47:53 147     64    83    2.07    +++   19    
2.53    8.24___11:48:11 148     64    84    2.08    +++   20    
8.75    8.24___11:48:40 149     64    85    2.11    +++   21    
1.32    8.24___11:48:54 150     65    85    2.08    ---   20    
1.06    8.24___11:49:6  151     66    85    2.07    ---   19    
2.27    8.24___11:49:23 152     66    86    2.08    +++   20    
2.1     8.24___11:49:41 153     66    87    2.09    +++   21    
2.69    8.24___11:49:59 154     66    88    2.1     +++   22    
1       8.24___11:50:10 155     67    88    2.09    ---   21    
5.8     8.24___11:50:34 156     67    89    2.1     +++   22    
1.95    8.24___11:50:51 157     68    89    2.09    ---   21    
2.57    8.24___11:51:10 158     68    90    2.1     +++   22    
2.18    8.24___11:51:27 159     68    91    2.12    +++   23    
8.24    8.24___11:51:55 160     68    92    2.14    +++   24    
1.29    8.24___11:52:9  161     69    92    2.12    ---   23    
1.63    8.24___11:52:24 162     70    92    2.1     ---   22    
1.3     8.24___11:52:38 163     71    92    2.09    ---   21    
2.53    8.24___11:52:57 164     71    93    2.1     +++   22    
1.92    8.24___11:53:13 165     72    93    2.09    ---   21    
1.35    8.24___11:53:27 166     73    93    2.08    ---   20    
2.11    8.24___11:53:45 167     73    94    2.09    +++   21    
3.52    8.24___11:54:5  168     73    95    2.1     +++   22    
1.48    8.24___11:54:20 169     74    95    2.09    ---   21    
15.19   8.24___11:54:55 170     74    96    2.1     +++   22    
7.26    8.24___11:55:21 171     74    97    2.1     +++   23    
1       8.24___11:55:31 172     75    97    2.1     ---   22    
1.7     8.24___11:55:47 173     76    97    2.09    ---   21    
1.18    8.24___11:56:1  174     77    97    2.08    ---   20    
1.81    8.24___11:56:17 175     78    97    2.07    ---   19    
1.49    8.24___11:56:32 176     79    97    2.06    ---   18    
1.76    8.24___11:56:48 177     80    97    2.06    ---   17    
1.17    8.24___11:57:1  178     81    97    2.06    ---   16    
1.08    8.24___11:57:14 179     82    97    2.06    ---   15    
11.53   8.24___11:57:44 180     82    98    2.06    +++   16    
2.78    8.24___11:58:3  181     82    99    2.06    +++   17    
2.21    8.24___11:58:21 182     82    100   2.06    +++   18    
4.74    8.24___11:58:44 183     82    101   2.07    +++   19    
2.39    8.24___11:59:2  184     82    102   2.08    +++   20    
2.43    8.24___11:59:20 185     82    103   2.09    +++   21    
1.1     8.24___11:59:32 186     83    103   2.08    ---   20    
1.49    8.24___11:59:47 187     84    103   2.07    ---   19    
