1.17    8.24___12:0:0   1       1     0     2.06    ---   -1    
1.13    8.24___12:0:13  2       2     0     2.06    ---   -2    
1.36    8.24___12:0:28  3       3     0     2.06    ---   -3    
1       8.24___12:0:38  4       4     0     2.06    ---   -4    
1.42    8.24___12:0:53  5       5     0     2.06    ---   -5    
1.42    8.24___12:1:7   6       6     0     2.05    ---   -6    
3.05    8.24___12:1:27  7       6     1     2.06    +++   -5    
1.17    8.24___12:1:40  8       7     1     2.05    ---   -6    
1.58    8.24___12:1:56  9       8     1     2.04    ---   -7    
2.09    8.24___12:2:13  10      8     2     2.05    +++   -6    
1.16    8.24___12:2:26  11      9     2     2.04    ---   -7    
4.36    8.24___12:2:48  12      9     3     2.05    +++   -6    
1.17    8.24___12:3:1   13      10    3     2.04    ---   -7    
1.43    8.24___12:3:16  14      11    3     2.04    ---   -8    
3.47    8.24___12:3:36  15      11    4     2.04    +++   -7    
1.12    8.24___12:3:49  16      12    4     2.04    ---   -8    
11.11   8.24___12:4:20  17      12    5     2.04    +++   -7    
1.74    8.24___12:4:36  18      13    5     2.04    ---   -8    
5.91    8.24___12:5:0   19      13    6     2.04    +++   -7    
23.87   8.24___12:5:41  20      13    7     2.05    +++   -6    
1.65    8.24___12:5:57  21      14    7     2.04    ---   -7    
4.08    8.24___12:6:18  22      14    8     2.05    +++   -6    
1.83    8.24___12:6:35  23      15    8     2.04    ---   -7    
1.43    8.24___12:6:49  24      16    8     2.04    ---   -8    
10.71   8.24___12:7:19  25      16    9     2.04    +++   -7    
2.43    8.24___12:7:38  26      16    10    2.05    +++   -6    
2.14    8.24___12:7:55  27      16    11    2.06    +++   -5    
1.24    8.24___12:8:8   28      17    11    2.05    ---   -6    
4.67    8.24___12:8:31  29      17    12    2.06    +++   -5    
2.9     8.24___12:8:50  30      17    13    2.06    +++   -4    
10.85   8.24___12:9:21  31      17    14    2.06    +++   -3    
2.28    8.24___12:9:39  32      17    15    2.06    +++   -2    
3.56    8.24___12:9:59  33      17    16    2.06    +++   -1    
1.18    8.24___12:10:12 34      18    16    2.06    ---   -2    
1.35    8.24___12:10:27 35      19    16    2.06    ---   -3    
1.94    8.24___12:10:43 36      20    16    2.06    ---   -4    
1.26    8.24___12:10:57 37      21    16    2.06    ---   -5    
1       8.24___12:11:8  38      22    16    2.05    ---   -6    
1.24    8.24___12:11:21 39      23    16    2.04    ---   -7    
20.85   8.24___12:12:0  40      23    17    2.05    +++   -6    
1.16    8.24___12:12:13 41      24    17    2.04    ---   -7    
1.47    8.24___12:12:28 42      25    17    2.04    ---   -8    
8.65    8.24___12:12:56 43      25    18    2.04    +++   -7    
1.09    8.24___12:13:9  44      26    18    2.04    ---   -8    
5       8.24___12:13:32 45      26    19    2.04    +++   -7    
2.86    8.24___12:13:51 46      26    20    2.05    +++   -6    
1.5     8.24___12:14:6  47      27    20    2.04    ---   -7    
1       8.24___12:14:16 48      28    20    2.04    ---   -8    
1.19    8.24___12:14:30 49      29    20    2.04    ---   -9    
4.31    8.24___12:14:52 50      29    21    2.04    +++   -8    
2.62    8.24___12:15:10 51      29    22    2.04    +++   -7    
1.41    8.24___12:15:25 52      30    22    2.04    ---   -8    
1.06    8.24___12:15:37 53      31    22    2.04    ---   -9    
1.17    8.24___12:15:50 54      32    22    2.03    ---   -10   
7.23    8.24___12:16:17 55      32    23    2.04    +++   -9    
1.9     8.24___12:16:33 56      33    23    2.03    ---   -10   
1       8.24___12:16:44 57      34    23    2.02    ---   -11   
1.35    8.24___12:16:58 58      35    23    2.01    ---   -12   
1.07    8.24___12:17:10 59      36    23    2       ---   -13   
1.78    8.24___12:17:26 60      37    23    1.99    ---   -14   
2.02    8.24___12:17:43 61      37    24    2       +++   -13   
2.7     8.24___12:18:2  62      37    25    2       +++   -12   
3.06    8.24___12:18:22 63      37    26    2.02    +++   -11   
1.25    8.24___12:18:35 64      38    26    2       ---   -12   
2.06    8.24___12:18:52 65      38    27    2.02    +++   -11   
3.21    8.24___12:19:12 66      38    28    2.02    +++   -10   
1.34    8.24___12:19:27 67      39    28    2.02    ---   -11   
1.45    8.24___12:19:41 68      40    28    2       ---   -12   
1.71    8.24___12:19:57 69      41    28    2       ---   -13   
1.11    8.24___12:20:10 70      42    28    1.99    ---   -14   
2.04    8.24___12:20:27 71      42    29    2       +++   -13   
1.09    8.24___12:20:39 72      43    29    1.99    ---   -14   
1.01    8.24___12:20:50 73      44    29    1.99    ---   -15   
1.68    8.24___12:21:6  74      45    29    1.98    ---   -16   
1.04    8.24___12:21:18 75      46    29    1.98    ---   -17   
2.59    8.24___12:21:37 76      46    30    1.98    +++   -16   
1.33    8.24___12:21:51 77      47    30    1.98    ---   -17   
28.93   8.24___12:22:35 78      47    31    1.98    +++   -16   
1.57    8.24___12:22:50 79      48    31    1.98    ---   -17   
1.84    8.24___12:23:6  80      49    31    1.97    ---   -18   
4.73    8.24___12:23:29 81      49    32    1.98    +++   -17   
1.46    8.24___12:23:44 82      50    32    1.97    ---   -18   
1.1     8.24___12:23:56 83      51    32    1.96    ---   -19   
2.17    8.24___12:24:14 84      51    33    1.97    +++   -18   
2.58    8.24___12:24:32 85      51    34    1.98    +++   -17   
1.18    8.24___12:24:46 86      52    34    1.97    ---   -18   
1.51    8.24___12:25:1  87      53    34    1.96    ---   -19   
1       8.24___12:25:11 88      54    34    1.95    ---   -20   
5.27    8.24___12:25:35 89      54    35    1.96    +++   -19   
1.5     8.24___12:25:50 90      55    35    1.95    ---   -20   
1.73    8.24___12:26:6  91      56    35    1.95    ---   -21   
1.12    8.24___12:26:18 92      57    35    1.94    ---   -22   
1.19    8.24___12:26:32 93      58    35    1.94    ---   -23   
1.05    8.24___12:26:44 94      59    35    1.94    ---   -24   
1.28    8.24___12:26:58 95      60    35    1.94    ---   -25   
1.15    8.24___12:27:11 96      61    35    1.93    ---   -26   
2.01    8.24___12:27:28 97      61    36    1.94    +++   -25   
1.93    8.24___12:27:45 98      62    36    1.93    ---   -26   
2.67    8.24___12:28:4  99      62    37    1.94    +++   -25   
1.1     8.24___12:28:16 100     63    37    1.93    ---   -26   
1       8.24___12:28:27 101     64    37    1.93    ---   -27   
1       8.24___12:28:37 102     65    37    1.93    ---   -28   
1.05    8.24___12:28:49 103     66    37    1.93    ---   -29   
27.74   8.24___12:29:33 104     66    38    1.93    +++   -28   
2.41    8.24___12:29:51 105     66    39    1.93    +++   -27   
7.25    8.24___12:30:18 106     66    40    1.93    +++   -26   
11.37   8.24___12:30:49 107     66    41    1.94    +++   -25   
1       8.24___12:30:59 108     67    41    1.93    ---   -26   
1.33    8.24___12:31:13 109     68    41    1.93    ---   -27   
2.46    8.24___12:31:31 110     68    42    1.93    +++   -26   
1.52    8.24___12:31:47 111     69    42    1.93    ---   -27   
1.35    8.24___12:32:1  112     70    42    1.93    ---   -28   
2.54    8.24___12:32:19 113     70    43    1.93    +++   -27   
1       8.24___12:32:30 114     71    43    1.93    ---   -28   
1.7     8.24___12:32:46 115     72    43    1.93    ---   -29   
14.95   8.24___12:33:20 116     72    44    1.93    +++   -28   
3.81    8.24___12:33:41 117     72    45    1.93    +++   -27   
4.45    8.24___12:34:3  118     72    46    1.93    +++   -26   
6.7     8.24___12:34:29 119     72    47    1.94    +++   -25   
1.14    8.24___12:34:42 120     73    47    1.93    ---   -26   
1.09    8.24___12:34:54 121     74    47    1.93    ---   -27   
1.11    8.24___12:35:7  122     75    47    1.93    ---   -28   
1.15    8.24___12:35:20 123     76    47    1.93    ---   -29   
1       8.24___12:35:31 124     77    47    1.92    ---   -30   
18      8.24___12:36:7  125     77    48    1.93    +++   -29   
2.41    8.24___12:36:25 126     77    49    1.93    +++   -28   
7.21    8.24___12:36:51 127     77    50    1.93    +++   -27   
1.08    8.24___12:37:4  128     78    50    1.93    ---   -28   
2.51    8.24___12:37:22 129     78    51    1.93    +++   -27   
1.83    8.24___12:37:38 130     79    51    1.93    ---   -28   
2.85    8.24___12:37:58 131     79    52    1.93    +++   -27   
2.24    8.24___12:38:15 132     79    53    1.93    +++   -26   
3.37    8.24___12:38:35 133     79    54    1.94    +++   -25   
1.99    8.24___12:38:52 134     80    54    1.94    ---   -26   
2.14    8.24___12:39:10 135     80    55    1.94    +++   -25   
1.01    8.24___12:39:21 136     81    55    1.94    ---   -26   
1.73    8.24___12:39:37 137     82    55    1.94    ---   -27   
1.27    8.24___12:39:50 138     83    55    1.93    ---   -28   
1.77    8.24___12:40:7  139     84    55    1.93    ---   -29   
1.06    8.24___12:40:19 140     85    55    1.93    ---   -30   
1       8.24___12:40:29 141     86    55    1.93    ---   -31   
1.97    8.24___12:40:46 142     87    55    1.93    ---   -32   
4.85    8.24___12:41:9  143     87    56    1.93    +++   -31   
1.51    8.24___12:41:24 144     88    56    1.93    ---   -32   
1.18    8.24___12:41:37 145     89    56    1.93    ---   -33   
4.19    8.24___12:41:59 146     89    57    1.93    +++   -32   
1.25    8.24___12:42:13 147     90    57    1.93    ---   -33   
1.66    8.24___12:42:28 148     91    57    1.92    ---   -34   
2.83    8.24___12:42:47 149     91    58    1.93    +++   -33   
1.28    8.24___12:43:1  150     92    58    1.92    ---   -34   
1.19    8.24___12:43:15 151     93    58    1.92    ---   -35   
1.12    8.24___12:43:27 152     94    58    1.91    ---   -36   
1.65    8.24___12:43:43 153     95    58    1.91    ---   -37   
1.37    8.24___12:43:57 154     96    58    1.9     ---   -38   
3.7     8.24___12:44:18 155     96    59    1.91    +++   -37   
1.19    8.24___12:44:32 156     97    59    1.9     ---   -38   
2.08    8.24___12:44:49 157     97    60    1.91    +++   -37   
1.01    8.24___12:45:0  158     98    60    1.9     ---   -38   
2.55    8.24___12:45:18 159     98    61    1.91    +++   -37   
1.13    8.24___12:45:31 160     99    61    1.9     ---   -38   
1.25    8.24___12:45:45 161     100   61    1.9     ---   -39   
27.22   8.24___12:46:28 162     100   62    1.9     +++   -38   
1.08    8.24___12:46:40 163     101   62    1.9     ---   -39   
1.17    8.24___12:46:53 164     102   62    1.9     ---   -40   
1.25    8.24___12:47:7  165     103   62    1.9     ---   -41   
1.1     8.24___12:47:19 166     104   62    1.9     ---   -42   
1.88    8.24___12:47:36 167     105   62    1.9     ---   -43   
1.36    8.24___12:47:50 168     106   62    1.89    ---   -44   
1.28    8.24___12:48:4  169     107   62    1.89    ---   -45   
1.54    8.24___12:48:19 170     108   62    1.89    ---   -46   
1.55    8.24___12:48:35 171     109   62    1.89    ---   -47   
1.02    8.24___12:48:46 172     110   62    1.89    ---   -48   
1.06    8.24___12:48:58 173     111   62    1.89    ---   -49   
1.96    8.24___12:49:15 174     112   62    1.89    ---   -50   
3.77    8.24___12:49:36 175     112   63    1.89    +++   -49   
27.89   8.24___12:50:19 176     112   64    1.89    +++   -48   
1.03    8.24___12:50:31 177     113   64    1.89    ---   -49   
3.1     8.24___12:50:50 178     113   65    1.89    +++   -48   
1.49    8.24___12:51:5  179     114   65    1.89    ---   -49   
1.33    8.24___12:51:20 180     115   65    1.89    ---   -50   
3.4     8.24___12:51:40 181     115   66    1.89    +++   -49   
1.96    8.24___12:51:57 182     116   66    1.89    ---   -50   
10.27   8.24___12:52:27 183     116   67    1.89    +++   -49   
1.69    8.24___12:52:42 184     117   67    1.89    ---   -50   
1.65    8.24___12:52:58 185     118   67    1.89    ---   -51   
1.44    8.24___12:53:13 186     119   67    1.89    ---   -52   
2.89    8.24___12:53:32 187     119   68    1.89    +++   -51   
1.47    8.24___12:53:47 188     120   68    1.89    ---   -52   
2.13    8.24___12:54:4  189     120   69    1.89    +++   -51   
19.92   8.24___12:54:42 190     120   70    1.89    +++   -50   
1.07    8.24___12:54:54 191     121   70    1.89    ---   -51   
1.29    8.24___12:55:8  192     122   70    1.89    ---   -52   
1.08    8.24___12:55:21 193     123   70    1.89    ---   -53   
1.95    8.24___12:55:37 194     124   70    1.89    ---   -54   
3.8     8.24___12:55:58 195     124   71    1.89    +++   -53   
1.18    8.24___12:56:12 196     125   71    1.89    ---   -54   
4.86    8.24___12:56:35 197     125   72    1.89    +++   -53   
22.89   8.24___12:57:15 198     125   73    1.89    +++   -52   
8.33    8.24___12:57:42 199     125   74    1.89    +++   -51   
24.1    8.24___12:58:23 200     125   75    1.89    +++   -50   
1.37    8.24___12:58:38 201     126   75    1.89    ---   -51   
1.5     8.24___12:58:53 202     127   75    1.89    ---   -52   
1.3     8.24___12:59:7  203     128   75    1.89    ---   -53   
2.11    8.24___12:59:24 204     128   76    1.89    +++   -52   
3.19    8.24___12:59:44 205     128   77    1.89    +++   -51   
