1.87    8.24___13:0:0   1       1     0     1.89    ---   -1    
2.06    8.24___13:0:17  2       1     1     1.89    +++   0     
9.77    8.24___13:0:47  3       1     2     1.89    +++   1     
1.23    8.24___13:1:0   4       2     2     1.89    ---   0     
1       8.24___13:1:11  5       3     2     1.89    ---   -1    
2.02    8.24___13:1:28  6       3     3     1.89    +++   0     
3.03    8.24___13:1:47  7       3     4     1.89    +++   1     
24.58   8.24___13:2:28  8       3     5     1.9     +++   2     
5.47    8.24___13:2:52  9       3     6     1.9     +++   3     
2.4     8.24___13:3:10  10      3     7     1.9     +++   4     
3.89    8.24___13:3:32  11      3     8     1.9     +++   5     
7.95    8.24___13:3:59  12      3     9     1.9     +++   6     
1.08    8.24___13:4:11  13      4     9     1.9     ---   5     
1.61    8.24___13:4:27  14      5     9     1.9     ---   4     
1.6     8.24___13:4:42  15      6     9     1.9     ---   3     
5.51    8.24___13:5:6   16      6     10    1.9     +++   4     
1.1     8.24___13:5:19  17      7     10    1.9     ---   3     
1.54    8.24___13:5:34  18      8     10    1.9     ---   2     
4.04    8.24___13:5:56  19      8     11    1.9     +++   3     
11.15   8.24___13:6:26  20      8     12    1.9     +++   4     
9.49    8.24___13:6:55  21      8     13    1.9     +++   5     
1.17    8.24___13:7:8   22      9     13    1.9     ---   4     
1.05    8.24___13:7:20  23      10    13    1.9     ---   3     
4.84    8.24___13:7:43  24      10    14    1.9     +++   4     
8.84    8.24___13:8:11  25      10    15    1.9     +++   5     
1.96    8.24___13:8:28  26      11    15    1.9     ---   4     
1.96    8.24___13:8:45  27      12    15    1.9     ---   3     
1.64    8.24___13:9:1   28      13    15    1.9     ---   2     
1.54    8.24___13:9:16  29      14    15    1.9     ---   1     
4.91    8.24___13:9:39  30      14    16    1.9     +++   2     
3.5     8.24___13:9:59  31      14    17    1.9     +++   3     
6.54    8.24___13:10:25 32      14    18    1.91    +++   4     
1.74    8.24___13:10:41 33      15    18    1.9     ---   3     
1.28    8.24___13:10:55 34      16    18    1.9     ---   2     
2.7     8.24___13:11:13 35      16    19    1.9     +++   3     
1.32    8.24___13:11:28 36      17    19    1.9     ---   2     
1.27    8.24___13:11:41 37      18    19    1.9     ---   1     
1.2     8.24___13:11:55 38      19    19    1.9     ---   0     
1.04    8.24___13:12:7  39      20    19    1.9     ---   -1    
2.07    8.24___13:12:24 40      20    20    1.9     +++   0     
5.38    8.24___13:12:48 41      20    21    1.9     +++   1     
2.61    8.24___13:13:6  42      20    22    1.9     +++   2     
1.18    8.24___13:13:19 43      21    22    1.9     ---   1     
1.8     8.24___13:13:36 44      22    22    1.9     ---   0     
1.78    8.24___13:13:52 45      23    22    1.9     ---   -1    
2.28    8.24___13:14:9  46      23    23    1.9     +++   0     
24.12   8.24___13:14:50 47      23    24    1.9     +++   1     
1.99    8.24___13:15:7  48      24    24    1.9     ---   0     
1.47    8.24___13:15:22 49      25    24    1.9     ---   -1    
2.17    8.24___13:15:39 50      25    25    1.9     +++   0     
6.82    8.24___13:16:5  51      25    26    1.9     +++   1     
20.51   8.24___13:16:44 52      25    27    1.91    +++   2     
1.21    8.24___13:16:57 53      26    27    1.9     ---   1     
2.66    8.24___13:17:16 54      26    28    1.91    +++   2     
1.12    8.24___13:17:29 55      27    28    1.9     ---   1     
1.46    8.24___13:17:43 56      28    28    1.9     ---   0     
1.29    8.24___13:17:57 57      29    28    1.9     ---   -1    
2.01    8.24___13:18:14 58      29    29    1.9     +++   0     
2.11    8.24___13:18:31 59      29    30    1.9     +++   1     
1.06    8.24___13:18:44 60      30    30    1.9     ---   0     
1.94    8.24___13:19:0  61      31    30    1.9     ---   -1    
1       8.24___13:19:11 62      32    30    1.9     ---   -2    
12.42   8.24___13:19:43 63      32    31    1.9     +++   -1    
1.12    8.24___13:19:55 64      33    31    1.9     ---   -2    
2.99    8.24___13:20:15 65      33    32    1.9     +++   -1    
1.97    8.24___13:20:32 66      34    32    1.91    ---   -2    
1.06    8.24___13:20:44 67      35    32    1.9     ---   -3    
1.29    8.24___13:20:58 68      36    32    1.9     ---   -4    
10.85   8.24___13:21:28 69      36    33    1.9     +++   -3    
1.76    8.24___13:21:44 70      37    33    1.9     ---   -4    
3.67    8.24___13:22:5  71      37    34    1.9     +++   -3    
1.23    8.24___13:22:19 72      38    34    1.9     ---   -4    
1.5     8.24___13:22:34 73      39    34    1.9     ---   -5    
1.1     8.24___13:22:46 74      40    34    1.9     ---   -6    
2.38    8.24___13:23:4  75      40    35    1.9     +++   -5    
9.06    8.24___13:23:33 76      40    36    1.9     +++   -4    
32.27   8.24___13:24:19 77      40    37    1.9     +++   -3    
2.21    8.24___13:24:36 78      40    38    1.91    +++   -2    
1.59    8.24___13:24:52 79      41    38    1.9     ---   -3    
2.04    8.24___13:25:8  80      41    39    1.91    +++   -2    
1.32    8.24___13:25:23 81      42    39    1.9     ---   -3    
9.06    8.24___13:25:51 82      42    40    1.91    +++   -2    
2.01    8.24___13:26:8  83      42    41    1.91    +++   -1    
1.43    8.24___13:26:23 84      43    41    1.91    ---   -2    
1.34    8.24___13:26:37 85      44    41    1.9     ---   -3    
9.59    8.24___13:27:6  86      44    42    1.91    +++   -2    
3.27    8.24___13:27:26 87      44    43    1.91    +++   -1    
1.3     8.24___13:27:40 88      45    43    1.91    ---   -2    
1.47    8.24___13:27:55 89      46    43    1.9     ---   -3    
3.69    8.24___13:28:16 90      46    44    1.91    +++   -2    
1.7     8.24___13:28:32 91      47    44    1.9     ---   -3    
1.55    8.24___13:28:47 92      48    44    1.9     ---   -4    
20.5    8.24___13:29:26 93      48    45    1.9     +++   -3    
2.99    8.24___13:29:45 94      48    46    1.91    +++   -2    
1.08    8.24___13:29:58 95      49    46    1.9     ---   -3    
1.81    8.24___13:30:14 96      50    46    1.9     ---   -4    
2.25    8.24___13:30:31 97      50    47    1.9     +++   -3    
1.21    8.24___13:30:45 98      51    47    1.9     ---   -4    
1.38    8.24___13:30:59 99      52    47    1.9     ---   -5    
21.37   8.24___13:31:38 100     52    48    1.9     +++   -4    
28.94   8.24___13:32:22 101     52    49    1.9     +++   -3    
28.72   8.24___13:33:6  102     52    50    1.91    +++   -2    
1.03    8.24___13:33:18 103     53    50    1.9     ---   -3    
2.06    8.24___13:33:35 104     53    51    1.91    +++   -2    
2.46    8.24___13:33:53 105     53    52    1.91    +++   -1    
5.25    8.24___13:34:17 106     53    53    1.92    +++   0     
1.65    8.24___13:34:32 107     54    53    1.91    ---   -1    
1.38    8.24___13:34:47 108     55    53    1.91    ---   -2    
1.32    8.24___13:35:1  109     56    53    1.9     ---   -3    
2.39    8.24___13:35:19 110     56    54    1.91    +++   -2    
2.57    8.24___13:35:38 111     56    55    1.91    +++   -1    
1.12    8.24___13:35:50 112     57    55    1.91    ---   -2    
2.35    8.24___13:36:8  113     57    56    1.91    +++   -1    
6.06    8.24___13:36:33 114     57    57    1.92    +++   0     
1.93    8.24___13:36:49 115     58    57    1.92    ---   -1    
1.17    8.24___13:37:3  116     59    57    1.92    ---   -2    
4.55    8.24___13:37:25 117     59    58    1.92    +++   -1    
21.34   8.24___13:38:4  118     59    59    1.93    +++   0     
3.6     8.24___13:38:25 119     59    60    1.93    +++   1     
2.12    8.24___13:38:42 120     59    61    1.93    +++   2     
1.31    8.24___13:38:56 121     60    61    1.93    ---   1     
2.73    8.24___13:39:15 122     60    62    1.93    +++   2     
1.35    8.24___13:39:29 123     61    62    1.93    ---   1     
2.44    8.24___13:39:48 124     61    63    1.93    +++   2     
5.41    8.24___13:40:11 125     61    64    1.93    +++   3     
21.5    8.24___13:40:51 126     61    65    1.93    +++   4     
1.82    8.24___13:41:7  127     62    65    1.93    ---   3     
1.32    8.24___13:41:21 128     63    65    1.93    ---   2     
2.14    8.24___13:41:38 129     63    66    1.93    +++   3     
12.4    8.24___13:42:10 130     63    67    1.93    +++   4     
1.78    8.24___13:42:26 131     64    67    1.93    ---   3     
6.73    8.24___13:42:52 132     64    68    1.93    +++   4     
1.52    8.24___13:43:7  133     65    68    1.93    ---   3     
2.07    8.24___13:43:24 134     65    69    1.93    +++   4     
1.48    8.24___13:43:39 135     66    69    1.93    ---   3     
1.52    8.24___13:43:54 136     67    69    1.93    ---   2     
1.25    8.24___13:44:8  137     68    69    1.93    ---   1     
1.61    8.24___13:44:24 138     69    69    1.93    ---   0     
2.25    8.24___13:44:41 139     69    70    1.93    +++   1     
1.63    8.24___13:44:57 140     70    70    1.93    ---   0     
1.89    8.24___13:45:13 141     71    70    1.92    ---   -1    
24.32   8.24___13:45:54 142     71    71    1.93    +++   0     
27.93   8.24___13:46:38 143     71    72    1.93    +++   1     
3.92    8.24___13:46:59 144     71    73    1.93    +++   2     
28.21   8.24___13:47:43 145     71    74    1.93    +++   3     
4.45    8.24___13:48:5  146     71    75    1.93    +++   4     
1.27    8.24___13:48:19 147     72    75    1.93    ---   3     
1.12    8.24___13:48:31 148     73    75    1.93    ---   2     
1       8.24___13:48:42 149     74    75    1.93    ---   1     
5.53    8.24___13:49:6  150     74    76    1.93    +++   2     
8.43    8.24___13:49:34 151     74    77    1.93    +++   3     
1.12    8.24___13:49:46 152     75    77    1.93    ---   2     
2.34    8.24___13:50:4  153     75    78    1.93    +++   3     
10.17   8.24___13:50:34 154     75    79    1.93    +++   4     
1.97    8.24___13:50:51 155     76    79    1.93    ---   3     
4.09    8.24___13:51:12 156     76    80    1.94    +++   4     
2.09    8.24___13:51:30 157     76    81    1.94    +++   5     
1.37    8.24___13:51:44 158     77    81    1.94    ---   4     
1.72    8.24___13:52:0  159     78    81    1.93    ---   3     
1.85    8.24___13:52:16 160     79    81    1.93    ---   2     
5.72    8.24___13:52:41 161     79    82    1.93    +++   3     
1.63    8.24___13:52:56 162     80    82    1.93    ---   2     
1.23    8.24___13:53:10 163     81    82    1.93    ---   1     
3.36    8.24___13:53:30 164     81    83    1.93    +++   2     
1       8.24___13:53:41 165     82    83    1.93    ---   1     
1.38    8.24___13:53:55 166     83    83    1.93    ---   0     
1.86    8.24___13:54:11 167     84    83    1.93    ---   -1    
1.33    8.24___13:54:26 168     85    83    1.93    ---   -2    
1.19    8.24___13:54:39 169     86    83    1.92    ---   -3    
2.16    8.24___13:54:56 170     86    84    1.93    +++   -2    
1.97    8.24___13:55:13 171     87    84    1.93    ---   -3    
11.64   8.24___13:55:44 172     87    85    1.93    +++   -2    
20.79   8.24___13:56:23 173     87    86    1.93    +++   -1    
1.09    8.24___13:56:35 174     88    86    1.93    ---   -2    
1.91    8.24___13:56:52 175     89    86    1.93    ---   -3    
3.48    8.24___13:57:13 176     89    87    1.93    +++   -2    
2.02    8.24___13:57:29 177     89    88    1.93    +++   -1    
1       8.24___13:57:40 178     90    88    1.93    ---   -2    
2.1     8.24___13:57:57 179     90    89    1.93    +++   -1    
20.47   8.24___13:58:36 180     90    90    1.93    +++   0     
1.44    8.24___13:58:51 181     91    90    1.93    ---   -1    
1.79    8.24___13:59:7  182     92    90    1.93    ---   -2    
1.37    8.24___13:59:21 183     93    90    1.93    ---   -3    
3.63    8.24___13:59:42 184     93    91    1.93    +++   -2    
