2.48    8.24___14:0:0   1       0     1     1.93    +++   1     
2.12    8.24___14:0:17  2       0     2     1.93    +++   2     
1       8.24___14:0:28  3       1     2     1.93    ---   1     
3.11    8.24___14:0:48  4       1     3     1.93    +++   2     
1.2     8.24___14:1:1   5       2     3     1.93    ---   1     
2.94    8.24___14:1:20  6       2     4     1.93    +++   2     
2.97    8.24___14:1:40  7       2     5     1.93    +++   3     
12.77   8.24___14:2:12  8       2     6     1.94    +++   4     
1.24    8.24___14:2:26  9       3     6     1.93    ---   3     
7.06    8.24___14:2:52  10      3     7     1.94    +++   4     
1.06    8.24___14:3:4   11      4     7     1.93    ---   3     
1.8     8.24___14:3:20  12      5     7     1.93    ---   2     
1.04    8.24___14:3:32  13      6     7     1.93    ---   1     
9.24    8.24___14:4:1   14      6     8     1.93    +++   2     
6.9     8.24___14:4:27  15      6     9     1.93    +++   3     
3.81    8.24___14:4:48  16      6     10    1.94    +++   4     
3.76    8.24___14:5:9   17      6     11    1.94    +++   5     
4.62    8.24___14:5:31  18      6     12    1.94    +++   6     
1.34    8.24___14:5:46  19      7     12    1.94    ---   5     
5.83    8.24___14:6:10  20      7     13    1.94    +++   6     
1.21    8.24___14:6:24  21      8     13    1.94    ---   5     
1       8.24___14:6:34  22      9     13    1.94    ---   4     
5.32    8.24___14:6:58  23      9     14    1.94    +++   5     
1.25    8.24___14:7:12  24      10    14    1.94    ---   4     
24.91   8.24___14:7:53  25      10    15    1.94    +++   5     
1.43    8.24___14:8:8   26      11    15    1.94    ---   4     
4.2     8.24___14:8:30  27      11    16    1.94    +++   5     
1.36    8.24___14:8:44  28      12    16    1.94    ---   4     
1.06    8.24___14:8:56  29      13    16    1.93    ---   3     
3.71    8.24___14:9:17  30      13    17    1.94    +++   4     
1.33    8.24___14:9:31  31      14    17    1.93    ---   3     
4.64    8.24___14:9:54  32      14    18    1.94    +++   4     
5.19    8.24___14:10:17 33      14    19    1.94    +++   5     
1       8.24___14:10:28 34      15    19    1.94    ---   4     
1.15    8.24___14:10:41 35      16    19    1.93    ---   3     
1.35    8.24___14:10:55 36      17    19    1.93    ---   2     
1.07    8.24___14:11:7  37      18    19    1.93    ---   1     
1.02    8.24___14:11:19 38      19    19    1.93    ---   0     
1.84    8.24___14:11:35 39      20    19    1.93    ---   -1    
1.1     8.24___14:11:48 40      21    19    1.93    ---   -2    
2.52    8.24___14:12:6  41      21    20    1.93    +++   -1    
10.97   8.24___14:12:37 42      21    21    1.93    +++   0     
32.54   8.24___14:13:23 43      21    22    1.93    +++   1     
15.65   8.24___14:13:57 44      21    23    1.93    +++   2     
3.3     8.24___14:14:18 45      21    24    1.93    +++   3     
1.67    8.24___14:14:33 46      22    24    1.93    ---   2     
1.15    8.24___14:14:46 47      23    24    1.93    ---   1     
1.56    8.24___14:15:2  48      24    24    1.93    ---   0     
3.32    8.24___14:15:22 49      24    25    1.93    +++   1     
1.8     8.24___14:15:38 50      25    25    1.93    ---   0     
1.1     8.24___14:15:50 51      26    25    1.93    ---   -1    
3.57    8.24___14:16:11 52      26    26    1.93    +++   0     
2.36    8.24___14:16:29 53      26    27    1.93    +++   1     
1.08    8.24___14:16:41 54      27    27    1.93    ---   0     
2.06    8.24___14:16:59 55      27    28    1.93    +++   1     
1.46    8.24___14:17:13 56      28    28    1.93    ---   0     
3.96    8.24___14:17:35 57      28    29    1.93    +++   1     
2.22    8.24___14:17:52 58      28    30    1.93    +++   2     
2.11    8.24___14:18:10 59      28    31    1.93    +++   3     
1.63    8.24___14:18:25 60      29    31    1.93    ---   2     
1.93    8.24___14:18:42 61      30    31    1.93    ---   1     
2.22    8.24___14:18:59 62      30    32    1.93    +++   2     
1.37    8.24___14:19:14 63      31    32    1.93    ---   1     
1.14    8.24___14:19:27 64      32    32    1.93    ---   0     
7.31    8.24___14:19:53 65      32    33    1.93    +++   1     
2.49    8.24___14:20:11 66      32    34    1.93    +++   2     
6.92    8.24___14:20:37 67      32    35    1.93    +++   3     
1.22    8.24___14:20:51 68      33    35    1.93    ---   2     
1.05    8.24___14:21:3  69      34    35    1.93    ---   1     
2.88    8.24___14:21:22 70      34    36    1.93    +++   2     
1       8.24___14:21:32 71      35    36    1.93    ---   1     
1.67    8.24___14:21:48 72      36    36    1.93    ---   0     
1.07    8.24___14:22:0  73      37    36    1.93    ---   -1    
2.51    8.24___14:22:19 74      37    37    1.93    +++   0     
1       8.24___14:22:29 75      38    37    1.93    ---   -1    
1.64    8.24___14:22:45 76      39    37    1.93    ---   -2    
1.17    8.24___14:22:58 77      40    37    1.93    ---   -3    
10.88   8.24___14:23:29 78      40    38    1.93    +++   -2    
1.19    8.24___14:23:42 79      41    38    1.93    ---   -3    
1.76    8.24___14:23:58 80      42    38    1.93    ---   -4    
1.27    8.24___14:24:12 81      43    38    1.92    ---   -5    
1.29    8.24___14:24:26 82      44    38    1.92    ---   -6    
2.57    8.24___14:24:44 83      44    39    1.92    +++   -5    
3.05    8.24___14:25:4  84      44    40    1.93    +++   -4    
2.08    8.24___14:25:21 85      44    41    1.93    +++   -3    
2.92    8.24___14:25:40 86      44    42    1.93    +++   -2    
3.7     8.24___14:26:1  87      44    43    1.93    +++   -1    
1.49    8.24___14:26:16 88      45    43    1.93    ---   -2    
1.3     8.24___14:26:30 89      46    43    1.93    ---   -3    
2.02    8.24___14:26:47 90      46    44    1.93    +++   -2    
1.1     8.24___14:27:0  91      47    44    1.93    ---   -3    
1.37    8.24___14:27:14 92      48    44    1.93    ---   -4    
2.83    8.24___14:27:33 93      48    45    1.93    +++   -3    
2.3     8.24___14:27:51 94      48    46    1.93    +++   -2    
1.08    8.24___14:28:3  95      49    46    1.93    ---   -3    
1.69    8.24___14:28:19 96      50    46    1.93    ---   -4    
20.23   8.24___14:28:57 97      50    47    1.93    +++   -3    
1.05    8.24___14:29:9  98      51    47    1.93    ---   -4    
1.07    8.24___14:29:21 99      52    47    1.92    ---   -5    
12.25   8.24___14:29:53 100     52    48    1.93    +++   -4    
1.11    8.24___14:30:6  101     53    48    1.92    ---   -5    
1.73    8.24___14:30:22 102     54    48    1.92    ---   -6    
1.89    8.24___14:30:38 103     55    48    1.91    ---   -7    
1.34    8.24___14:30:53 104     56    48    1.91    ---   -8    
2.3     8.24___14:31:10 105     56    49    1.91    +++   -7    
2.64    8.24___14:31:29 106     56    50    1.92    +++   -6    
3.15    8.24___14:31:49 107     56    51    1.92    +++   -5    
1.83    8.24___14:32:5  108     57    51    1.92    ---   -6    
1.74    8.24___14:32:21 109     58    51    1.91    ---   -7    
1.81    8.24___14:32:37 110     59    51    1.91    ---   -8    
1.3     8.24___14:32:51 111     60    51    1.91    ---   -9    
1.17    8.24___14:33:4  112     61    51    1.91    ---   -10   
2.77    8.24___14:33:23 113     61    52    1.91    +++   -9    
1.09    8.24___14:33:36 114     62    52    1.91    ---   -10   
1.76    8.24___14:33:52 115     63    52    1.9     ---   -11   
1.2     8.24___14:34:5  116     64    52    1.9     ---   -12   
1.11    8.24___14:34:18 117     65    52    1.9     ---   -13   
2.67    8.24___14:34:37 118     65    53    1.9     +++   -12   
3.07    8.24___14:34:56 119     65    54    1.9     +++   -11   
2.78    8.24___14:35:15 120     65    55    1.91    +++   -10   
6.16    8.24___14:35:40 121     65    56    1.91    +++   -9    
1.21    8.24___14:35:54 122     66    56    1.91    ---   -10   
1.32    8.24___14:36:8  123     67    56    1.9     ---   -11   
1.76    8.24___14:36:24 124     68    56    1.9     ---   -12   
1.01    8.24___14:36:35 125     69    56    1.9     ---   -13   
11.13   8.24___14:37:6  126     69    57    1.9     +++   -12   
2.54    8.24___14:37:24 127     69    58    1.9     +++   -11   
2.81    8.24___14:37:43 128     69    59    1.91    +++   -10   
23.14   8.24___14:38:23 129     69    60    1.91    +++   -9    
4.13    8.24___14:38:45 130     69    61    1.91    +++   -8    
1.45    8.24___14:39:0  131     70    61    1.91    ---   -9    
1.1     8.24___14:39:12 132     71    61    1.91    ---   -10   
3.31    8.24___14:39:33 133     71    62    1.91    +++   -9    
1.31    8.24___14:39:47 134     72    62    1.91    ---   -10   
2.67    8.24___14:40:5  135     72    63    1.91    +++   -9    
1       8.24___14:40:16 136     73    63    1.91    ---   -10   
25.13   8.24___14:40:58 137     73    64    1.91    +++   -9    
3.89    8.24___14:41:19 138     73    65    1.91    +++   -8    
3.37    8.24___14:41:39 139     73    66    1.91    +++   -7    
1       8.24___14:41:50 140     74    66    1.91    ---   -8    
1.93    8.24___14:42:6  141     75    66    1.91    ---   -9    
1.02    8.24___14:42:18 142     76    66    1.91    ---   -10   
1.58    8.24___14:42:34 143     77    66    1.91    ---   -11   
3.59    8.24___14:42:54 144     77    67    1.91    +++   -10   
1.39    8.24___14:43:8  145     78    67    1.91    ---   -11   
1.15    8.24___14:43:21 146     79    67    1.91    ---   -12   
5.11    8.24___14:43:45 147     79    68    1.91    +++   -11   
4.87    8.24___14:44:8  148     79    69    1.91    +++   -10   
1.77    8.24___14:44:24 149     80    69    1.91    ---   -11   
6.52    8.24___14:44:49 150     80    70    1.91    +++   -10   
1.89    8.24___14:45:6  151     81    70    1.91    ---   -11   
1.12    8.24___14:45:19 152     82    70    1.91    ---   -12   
1.78    8.24___14:45:35 153     83    70    1.9     ---   -13   
1.82    8.24___14:45:51 154     84    70    1.9     ---   -14   
27.91   8.24___14:46:34 155     84    71    1.9     +++   -13   
18.79   8.24___14:47:12 156     84    72    1.91    +++   -12   
1.67    8.24___14:47:27 157     85    72    1.9     ---   -13   
1.36    8.24___14:47:42 158     86    72    1.9     ---   -14   
1.06    8.24___14:47:54 159     87    72    1.9     ---   -15   
1.7     8.24___14:48:10 160     88    72    1.9     ---   -16   
1.24    8.24___14:48:23 161     89    72    1.9     ---   -17   
3.42    8.24___14:48:44 162     89    73    1.9     +++   -16   
1.58    8.24___14:48:59 163     90    73    1.9     ---   -17   
1.25    8.24___14:49:13 164     91    73    1.9     ---   -18   
1.25    8.24___14:49:26 165     92    73    1.89    ---   -19   
2.54    8.24___14:49:45 166     92    74    1.9     +++   -18   
1.02    8.24___14:49:56 167     93    74    1.89    ---   -19   
3.21    8.24___14:50:16 168     93    75    1.9     +++   -18   
2.37    8.24___14:50:34 169     93    76    1.9     +++   -17   
2.03    8.24___14:50:51 170     93    77    1.9     +++   -16   
1.63    8.24___14:51:7  171     94    77    1.9     ---   -17   
22.38   8.24___14:51:46 172     94    78    1.9     +++   -16   
1.42    8.24___14:52:1  173     95    78    1.9     ---   -17   
1.42    8.24___14:52:16 174     96    78    1.9     ---   -18   
3.16    8.24___14:52:36 175     96    79    1.9     +++   -17   
1.17    8.24___14:52:49 176     97    79    1.9     ---   -18   
1.65    8.24___14:53:4  177     98    79    1.89    ---   -19   
3.56    8.24___14:53:25 178     98    80    1.9     +++   -18   
1.25    8.24___14:53:39 179     99    80    1.89    ---   -19   
32.02   8.24___14:54:25 180     99    81    1.9     +++   -18   
1.22    8.24___14:54:38 181     100   81    1.89    ---   -19   
1.13    8.24___14:54:51 182     101   81    1.89    ---   -20   
1.77    8.24___14:55:7  183     102   81    1.89    ---   -21   
4.09    8.24___14:55:29 184     102   82    1.89    +++   -20   
3.14    8.24___14:55:48 185     102   83    1.89    +++   -19   
1.02    8.24___14:56:0  186     103   83    1.89    ---   -20   
1.21    8.24___14:56:13 187     104   83    1.89    ---   -21   
3.09    8.24___14:56:33 188     104   84    1.89    +++   -20   
6.5     8.24___14:56:59 189     104   85    1.89    +++   -19   
1.06    8.24___14:57:10 190     105   85    1.89    ---   -20   
1.07    8.24___14:57:23 191     106   85    1.89    ---   -21   
1.63    8.24___14:57:38 192     107   85    1.89    ---   -22   
2.18    8.24___14:57:56 193     107   86    1.89    +++   -21   
3.19    8.24___14:58:16 194     107   87    1.89    +++   -20   
1.33    8.24___14:58:30 195     108   87    1.89    ---   -21   
6.11    8.24___14:58:55 196     108   88    1.89    +++   -20   
24.14   8.24___14:59:36 197     108   89    1.89    +++   -19   
1.1     8.24___14:59:48 198     109   89    1.89    ---   -20   
