1.26    8.24___9:39:0   1       1     0     1.26    ---   -1    
1       8.24___9:39:11  2       2     0     1.12    ---   -2    
1.22    8.24___9:39:24  3       3     0     1.22    ---   -3    
1.89    8.24___9:39:40  4       4     0     1.24    ---   -4    
1.76    8.24___9:39:56  5       5     0     1.26    ---   -5    
1.43    8.24___9:40:11  6       6     0     1.34    ---   -6    
1.14    8.24___9:40:24  7       7     0     1.26    ---   -7    
2.32    8.24___9:40:42  8       7     1     1.34    +++   -6    
1.66    8.24___9:40:57  9       8     1     1.43    ---   -7    
4.97    8.24___9:41:20  10      8     2     1.54    +++   -6    
4.81    8.24___9:41:43  11      8     3     1.66    +++   -5    
2.07    8.24___9:42:0   12      8     4     1.71    +++   -4    
1.89    8.24___9:42:17  13      9     4     1.76    ---   -5    
1.51    8.24___9:42:32  14      10    4     1.71    ---   -6    
3.05    8.24___9:42:52  15      10    5     1.76    +++   -5    
9.14    8.24___9:43:21  16      10    6     1.82    +++   -4    
1.18    8.24___9:43:33  17      11    6     1.76    ---   -5    
13.85   8.24___9:44:7   18      11    7     1.82    +++   -4    
1.19    8.24___9:44:20  19      12    7     1.76    ---   -5    
2.16    8.24___9:44:37  20      12    8     1.82    +++   -4    
1.26    8.24___9:44:51  21      13    8     1.76    ---   -5    
3       8.24___9:45:11  22      13    9     1.82    +++   -4    
1.9     8.24___9:45:29  23      14    9     1.89    ---   -5    
1.06    8.24___9:45:39  24      15    9     1.82    ---   -6    
5.83    8.24___9:46:4   25      15    10    1.89    +++   -5    
3.01    8.24___9:46:23  26      15    11    1.89    +++   -4    
2.67    8.24___9:46:42  27      15    12    1.89    +++   -3    
2.95    8.24___9:47:1   28      15    13    1.89    +++   -2    
1.37    8.24___9:47:16  29      16    13    1.89    ---   -3    
3.76    8.24___9:47:37  30      16    14    1.89    +++   -2    
1.57    8.24___9:47:52  31      17    14    1.89    ---   -3    
1.25    8.24___9:48:6   32      18    14    1.89    ---   -4    
1.25    8.24___9:48:20  33      19    14    1.89    ---   -5    
2.93    8.24___9:48:39  34      19    15    1.89    +++   -4    
1       8.24___9:48:49  35      20    15    1.89    ---   -5    
1.94    8.24___9:49:6   36      21    15    1.89    ---   -6    
1.47    8.24___9:49:21  37      22    15    1.89    ---   -7    
1.2     8.24___9:49:34  38      23    15    1.82    ---   -8    
8.28    8.24___9:50:2   39      23    16    1.89    +++   -7    
9.17    8.24___9:50:31  40      23    17    1.89    +++   -6    
1.05    8.24___9:50:43  41      24    17    1.89    ---   -7    
1.51    8.24___9:50:58  42      25    17    1.82    ---   -8    
2.34    8.24___9:51:16  43      25    18    1.89    +++   -7    
3.73    8.24___9:51:37  44      25    19    1.89    +++   -6    
4.39    8.24___9:51:59  45      25    20    1.89    +++   -5    
1.03    8.24___9:52:10  46      26    20    1.89    ---   -6    
2.46    8.24___9:52:29  47      26    21    1.89    +++   -5    
3.26    8.24___9:52:49  48      26    22    1.89    +++   -4    
2.68    8.24___9:53:7   49      26    23    1.9     +++   -3    
1       8.24___9:53:18  50      27    23    1.89    ---   -4    
1.01    8.24___9:53:29  51      28    23    1.89    ---   -5    
1.42    8.24___9:53:44  52      29    23    1.89    ---   -6    
3.1     8.24___9:54:3   53      29    24    1.89    +++   -5    
4.14    8.24___9:54:25  54      29    25    1.89    +++   -4    
9.75    8.24___9:54:54  55      29    26    1.9     +++   -3    
2.66    8.24___9:55:13  56      29    27    1.92    +++   -2    
1.4     8.24___9:55:28  57      30    27    1.9     ---   -3    
1.1     8.24___9:55:40  58      31    27    1.89    ---   -4    
1.29    8.24___9:55:54  59      32    27    1.89    ---   -5    
1.45    8.24___9:56:9   60      33    27    1.89    ---   -6    
1.28    8.24___9:56:23  61      34    27    1.89    ---   -7    
23.54   8.24___9:57:3   62      34    28    1.89    +++   -6    
1.06    8.24___9:57:15  63      35    28    1.89    ---   -7    
1.48    8.24___9:57:30  64      36    28    1.82    ---   -8    
1.46    8.24___9:57:45  65      37    28    1.76    ---   -9    
1.41    8.24___9:58:0   66      38    28    1.71    ---   -10   
1.84    8.24___9:58:16  67      39    28    1.76    ---   -11   
3.15    8.24___9:58:36  68      39    29    1.8     +++   -10   
4.68    8.24___9:58:59  69      39    30    1.84    +++   -9    
2.5     8.24___9:59:17  70      39    31    1.86    +++   -8    
1       8.24___9:59:27  71      40    31    1.84    ---   -9    
1.33    8.24___9:59:42  72      41    31    1.8     ---   -10   
1.68    8.24___9:59:57  73      42    31    1.76    ---   -11   
