3.7     8.25___15:0:13  1       0     1     1.98    +++   1     
1.24    8.25___15:0:27  2       1     1     1.98    ---   0     
1.09    8.25___15:0:39  3       2     1     1.97    ---   -1    
1       8.25___15:0:50  4       3     1     1.97    ---   -2    
3.86    8.25___15:1:11  5       3     2     1.97    +++   -1    
1.38    8.25___15:1:25  6       4     2     1.97    ---   -2    
2.89    8.25___15:1:45  7       4     3     1.97    +++   -1    
3.61    8.25___15:2:5   8       4     4     1.98    +++   0     
1.33    8.25___15:2:20  9       5     4     1.97    ---   -1    
1.02    8.25___15:2:31  10      6     4     1.97    ---   -2    
5       8.25___15:2:54  11      6     5     1.97    +++   -1    
3.36    8.25___15:3:14  12      6     6     1.98    +++   0     
3.65    8.25___15:3:35  13      6     7     1.98    +++   1     
6.33    8.25___15:4:0   14      6     8     1.98    +++   2     
7.1     8.25___15:4:27  15      6     9     1.98    +++   3     
23.89   8.25___15:5:7   16      6     10    1.98    +++   4     
6.77    8.25___15:5:33  17      6     11    1.98    +++   5     
2.7     8.25___15:5:52  18      6     12    1.99    +++   6     
1.42    8.25___15:6:7   19      7     12    1.98    ---   5     
7.37    8.25___15:6:33  20      7     13    1.99    +++   6     
2.27    8.25___15:6:51  21      7     14    1.99    +++   7     
6.89    8.25___15:7:17  22      7     15    1.99    +++   8     
2.07    8.25___15:7:34  23      7     16    1.99    +++   9     
1.23    8.25___15:7:47  24      8     16    1.99    ---   8     
1.69    8.25___15:8:3   25      9     16    1.99    ---   7     
27.43   8.25___15:8:46  26      9     17    1.99    +++   8     
1.25    8.25___15:9:0   27      10    17    1.99    ---   7     
1.67    8.25___15:9:16  28      11    17    1.99    ---   6     
1.34    8.25___15:9:30  29      12    17    1.98    ---   5     
1.49    8.25___15:9:45  30      13    17    1.98    ---   4     
2.6     8.25___15:10:3  31      13    18    1.98    +++   5     
1       8.25___15:10:14 32      14    18    1.98    ---   4     
1.77    8.25___15:10:30 33      15    18    1.98    ---   3     
1.2     8.25___15:10:43 34      16    18    1.98    ---   2     
1.09    8.25___15:10:56 35      17    18    1.98    ---   1     
20.76   8.25___15:11:35 36      17    19    1.98    +++   2     
1.01    8.25___15:11:46 37      18    19    1.98    ---   1     
6.73    8.25___15:12:11 38      18    20    1.98    +++   2     
1.17    8.25___15:12:25 39      19    20    1.98    ---   1     
10.08   8.25___15:12:54 40      19    21    1.98    +++   2     
1.3     8.25___15:13:8  41      20    21    1.98    ---   1     
1.29    8.25___15:13:22 42      21    21    1.98    ---   0     
4.33    8.25___15:13:44 43      21    22    1.98    +++   1     
2.88    8.25___15:14:4  44      21    23    1.98    +++   2     
2.03    8.25___15:14:21 45      21    24    1.98    +++   3     
1       8.25___15:14:31 46      22    24    1.98    ---   2     
1.06    8.25___15:14:43 47      23    24    1.98    ---   1     
2.44    8.25___15:15:1  48      23    25    1.98    +++   2     
1.99    8.25___15:15:18 49      24    25    1.98    ---   1     
1.83    8.25___15:15:35 50      25    25    1.98    ---   0     
4.26    8.25___15:15:56 51      25    26    1.98    +++   1     
2.65    8.25___15:16:15 52      25    27    1.98    +++   2     
1.49    8.25___15:16:30 53      26    27    1.98    ---   1     
4.94    8.25___15:16:53 54      26    28    1.98    +++   2     
1.09    8.25___15:17:6  55      27    28    1.98    ---   1     
2.15    8.25___15:17:23 56      27    29    1.98    +++   2     
1.43    8.25___15:17:38 57      28    29    1.98    ---   1     
24.62   8.25___15:18:19 58      28    30    1.98    +++   2     
1.55    8.25___15:18:34 59      29    30    1.98    ---   1     
1.32    8.25___15:18:48 60      30    30    1.98    ---   0     
7.01    8.25___15:19:14 61      30    31    1.98    +++   1     
4.24    8.25___15:19:36 62      30    32    1.98    +++   2     
21.15   8.25___15:20:15 63      30    33    1.98    +++   3     
2.32    8.25___15:20:33 64      30    34    1.99    +++   4     
1.51    8.25___15:20:48 65      31    34    1.98    ---   3     
2.8     8.25___15:21:7  66      31    35    1.99    +++   4     
1.27    8.25___15:21:21 67      32    35    1.98    ---   3     
1.26    8.25___15:21:35 68      33    35    1.98    ---   2     
7.74    8.25___15:22:2  69      33    36    1.98    +++   3     
2.02    8.25___15:22:19 70      33    37    1.99    +++   4     
1.69    8.25___15:22:35 71      34    37    1.98    ---   3     
2.55    8.25___15:22:54 72      34    38    1.99    +++   4     
1.85    8.25___15:23:10 73      35    38    1.98    ---   3     
1.39    8.25___15:23:24 74      36    38    1.98    ---   2     
3.33    8.25___15:23:45 75      36    39    1.98    +++   3     
2.65    8.25___15:24:3  76      36    40    1.99    +++   4     
1.36    8.25___15:24:18 77      37    40    1.98    ---   3     
1.5     8.25___15:24:33 78      38    40    1.98    ---   2     
1.03    8.25___15:24:44 79      39    40    1.98    ---   1     
1.13    8.25___15:24:57 80      40    40    1.98    ---   0     
14.76   8.25___15:25:31 81      40    41    1.98    +++   1     
12.63   8.25___15:26:3  82      40    42    1.98    +++   2     
2.3     8.25___15:26:21 83      40    43    1.98    +++   3     
9.37    8.25___15:26:50 84      40    44    1.99    +++   4     
1.61    8.25___15:27:5  85      41    44    1.98    ---   3     
4.16    8.25___15:27:27 86      41    45    1.99    +++   4     
1.02    8.25___15:27:39 87      42    45    1.98    ---   3     
1.59    8.25___15:27:54 88      43    45    1.98    ---   2     
1.3     8.25___15:28:8  89      44    45    1.98    ---   1     
5.45    8.25___15:28:32 90      44    46    1.98    +++   2     
3.36    8.25___15:28:52 91      44    47    1.98    +++   3     
3.01    8.25___15:29:12 92      44    48    1.99    +++   4     
3.25    8.25___15:29:32 93      44    49    1.99    +++   5     
2.99    8.25___15:29:51 94      44    50    1.99    +++   6     
1.18    8.25___15:30:4  95      45    50    1.99    ---   5     
1.17    8.25___15:30:18 96      46    50    1.99    ---   4     
1.46    8.25___15:30:32 97      47    50    1.98    ---   3     
7.95    8.25___15:31:0  98      47    51    1.99    +++   4     
1.74    8.25___15:31:16 99      48    51    1.98    ---   3     
3.45    8.25___15:31:36 100     48    52    1.99    +++   4     
2.28    8.25___15:31:54 101     48    53    1.99    +++   5     
2.03    8.25___15:32:11 102     48    54    1.99    +++   6     
2.57    8.25___15:32:29 103     48    55    1.99    +++   7     
1.2     8.25___15:32:43 104     49    55    1.99    ---   6     
1.21    8.25___15:32:56 105     50    55    1.99    ---   5     
3.15    8.25___15:33:16 106     50    56    1.99    +++   6     
1.05    8.25___15:33:28 107     51    56    1.99    ---   5     
1.48    8.25___15:33:43 108     52    56    1.99    ---   4     
2.5     8.25___15:34:1  109     52    57    1.99    +++   5     
1       8.25___15:34:12 110     53    57    1.99    ---   4     
1.9     8.25___15:34:28 111     54    57    1.98    ---   3     
1.1     8.25___15:34:41 112     55    57    1.98    ---   2     
4.68    8.25___15:35:3  113     55    58    1.98    +++   3     
2.42    8.25___15:35:21 114     55    59    1.99    +++   4     
2.98    8.25___15:35:41 115     55    60    1.99    +++   5     
2.59    8.25___15:35:59 116     55    61    1.99    +++   6     
1.21    8.25___15:36:13 117     56    61    1.99    ---   5     
1.09    8.25___15:36:25 118     57    61    1.99    ---   4     
1.26    8.25___15:36:39 119     58    61    1.98    ---   3     
2.37    8.25___15:36:57 120     58    62    1.99    +++   4     
1.01    8.25___15:37:8  121     59    62    1.98    ---   3     
2.15    8.25___15:37:25 122     59    63    1.99    +++   4     
1.02    8.25___15:38:0  123     60    63    1.98    ---   3     
4.49    8.25___15:39:42 124     60    64    1.99    +++   4     
8.05    8.25___15:40:9  125     60    65    1.99    +++   5     
2.37    8.25___15:40:27 126     60    66    1.99    +++   6     
1.1     8.25___15:40:40 127     61    66    1.99    ---   5     
1.47    8.25___15:40:55 128     62    66    1.99    ---   4     
5.29    8.25___15:41:18 129     62    67    1.99    +++   5     
1.13    8.25___15:41:31 130     63    67    1.99    ---   4     
2.37    8.25___15:41:49 131     63    68    1.99    +++   5     
5.13    8.25___15:42:12 132     63    69    1.99    +++   6     
1.41    8.25___15:42:27 133     64    69    1.99    ---   5     
2.08    8.25___15:42:44 134     64    70    1.99    +++   6     
1.67    8.25___15:43:0  135     65    70    1.99    ---   5     
1.34    8.25___15:43:14 136     66    70    1.99    ---   4     
5.1     8.25___15:43:37 137     66    71    1.99    +++   5     
1.76    8.25___15:43:54 138     67    71    1.99    ---   4     
1.86    8.25___15:44:10 139     68    71    1.98    ---   3     
1.57    8.25___15:44:25 140     69    71    1.98    ---   2     
1.36    8.25___15:44:40 141     70    71    1.98    ---   1     
1       8.25___15:44:50 142     71    71    1.98    ---   0     
2.65    8.25___15:45:9  143     71    72    1.98    +++   1     
1.11    8.25___15:45:21 144     72    72    1.98    ---   0     
5.07    8.25___15:45:45 145     72    73    1.98    +++   1     
1.04    8.25___15:45:57 146     73    73    1.98    ---   0     
1.6     8.25___15:46:12 147     74    73    1.98    ---   -1    
1.02    8.25___15:46:23 148     75    73    1.98    ---   -2    
4.9     8.25___15:46:47 149     75    74    1.98    +++   -1    
2.2     8.25___15:47:4  150     75    75    1.98    +++   0     
2.45    8.25___15:47:22 151     75    76    1.98    +++   1     
1.04    8.25___15:47:34 152     76    76    1.98    ---   0     
3.34    8.25___15:47:54 153     76    77    1.98    +++   1     
3.64    8.25___15:48:15 154     76    78    1.98    +++   2     
1.22    8.25___15:48:29 155     77    78    1.98    ---   1     
2.28    8.25___15:48:46 156     77    79    1.98    +++   2     
1.65    8.25___15:49:2  157     78    79    1.98    ---   1     
1.47    8.25___15:49:17 158     79    79    1.98    ---   0     
1.6     8.25___15:49:47 159     80    79    1.98    ---   -1    
8.36    8.25___15:50:0  160     80    80    1.98    +++   0     
1.77    8.25___15:50:17 161     81    80    1.98    ---   -1    
1.69    8.25___15:52:19 162     82    80    1.98    ---   -2    
1.43    8.25___15:52:34 163     83    80    1.97    ---   -3    
2.17    8.25___15:52:51 164     83    81    1.98    +++   -2    
2.89    8.25___15:53:11 165     83    82    1.98    +++   -1    
1.56    8.25___15:53:26 166     84    82    1.98    ---   -2    
8.5     8.25___15:53:54 167     84    83    1.98    +++   -1    
1.39    8.25___15:54:8  168     85    83    1.98    ---   -2    
1.11    8.25___15:54:21 169     86    83    1.97    ---   -3    
1.89    8.25___15:54:37 170     87    83    1.97    ---   -4    
1.01    8.25___15:54:49 171     88    83    1.97    ---   -5    
1.51    8.25___15:55:4  172     89    83    1.97    ---   -6    
2.88    8.25___15:55:23 173     89    84    1.97    +++   -5    
1       8.25___15:55:33 174     90    84    1.97    ---   -6    
1.93    8.25___15:55:50 175     91    84    1.97    ---   -7    
1.01    8.25___15:56:1  176     92    84    1.97    ---   -8    
2.75    8.25___15:56:20 177     92    85    1.97    +++   -7    
13.46   8.25___15:56:53 178     92    86    1.97    +++   -6    
1.03    8.25___15:57:5  179     93    86    1.97    ---   -7    
1       8.25___15:57:15 180     94    86    1.97    ---   -8    
1.17    8.25___15:57:28 181     95    86    1.96    ---   -9    
1       8.25___15:57:39 182     96    86    1.95    ---   -10   
2.17    8.25___15:57:56 183     96    87    1.96    +++   -9    
1.76    8.25___15:58:12 184     97    87    1.95    ---   -10   
1.05    8.25___15:58:24 185     98    87    1.95    ---   -11   
1.2     8.25___15:58:38 186     99    87    1.95    ---   -12   
1.12    8.25___15:58:51 187     100   87    1.95    ---   -13   
1.67    8.25___15:59:6  188     101   87    1.95    ---   -14   
2.67    8.25___15:59:25 189     101   88    1.95    +++   -13   
5.87    8.25___15:59:49 190     101   89    1.95    +++   -12   
