1       8.25___17:0:8   1       1     0     1.97    ---   -1    
1.01    8.25___17:0:19  2       2     0     1.97    ---   -2    
1.85    8.25___17:0:35  3       3     0     1.97    ---   -3    
23.35   8.25___17:1:16  4       3     1     1.97    +++   -2    
1.79    8.25___17:1:32  5       4     1     1.97    ---   -3    
5.07    8.25___17:1:55  6       4     2     1.97    +++   -2    
4.34    8.25___17:2:17  7       4     3     1.97    +++   -1    
1.26    8.25___17:2:31  8       5     3     1.97    ---   -2    
7.28    8.25___17:2:57  9       5     4     1.97    +++   -1    
1.6     8.25___17:3:13  10      6     4     1.97    ---   -2    
3.03    8.25___17:3:32  11      6     5     1.97    +++   -1    
1.33    8.25___17:3:47  12      7     5     1.97    ---   -2    
8.78    8.25___17:4:15  13      7     6     1.97    +++   -1    
5.36    8.25___17:4:38  14      7     7     1.97    +++   0     
1.22    8.25___17:4:52  15      8     7     1.97    ---   -1    
1.1     8.25___17:5:5   16      9     7     1.97    ---   -2    
3.31    8.25___17:5:25  17      9     8     1.97    +++   -1    
2.68    8.25___17:5:44  18      9     9     1.97    +++   0     
1       8.25___17:5:54  19      10    9     1.97    ---   -1    
1.61    8.25___17:6:10  20      11    9     1.97    ---   -2    
1.15    8.25___17:6:23  21      12    9     1.97    ---   -3    
2.59    8.25___17:6:41  22      12    10    1.97    +++   -2    
2.49    8.25___17:6:59  23      12    11    1.97    +++   -1    
1.45    8.25___17:7:14  24      13    11    1.97    ---   -2    
5.16    8.25___17:7:38  25      13    12    1.97    +++   -1    
2.63    8.25___17:7:56  26      13    13    1.97    +++   0     
3.72    8.25___17:8:17  27      13    14    1.97    +++   1     
1.37    8.25___17:8:32  28      14    14    1.97    ---   0     
14.27   8.25___17:9:5   29      14    15    1.97    +++   1     
1.92    8.25___17:9:22  30      15    15    1.97    ---   0     
1.74    8.25___17:9:38  31      16    15    1.97    ---   -1    
1.16    8.25___17:9:51  32      17    15    1.97    ---   -2    
1.09    8.25___17:10:3  33      18    15    1.97    ---   -3    
1.05    8.25___17:10:15 34      19    15    1.96    ---   -4    
1.28    8.25___17:10:29 35      20    15    1.95    ---   -5    
11.31   8.25___17:11:0  36      20    16    1.96    +++   -4    
15.96   8.25___17:11:35 37      20    17    1.97    +++   -3    
2.28    8.25___17:11:53 38      20    18    1.97    +++   -2    
8.16    8.25___17:12:20 39      20    19    1.97    +++   -1    
1.26    8.25___17:12:34 40      21    19    1.97    ---   -2    
4.26    8.25___17:12:56 41      21    20    1.97    +++   -1    
3.07    8.25___17:13:16 42      21    21    1.97    +++   0     
2.65    8.25___17:13:34 43      21    22    1.97    +++   1     
1.04    8.25___17:13:46 44      22    22    1.97    ---   0     
1.08    8.25___17:13:59 45      23    22    1.97    ---   -1    
1.21    8.25___17:14:12 46      24    22    1.97    ---   -2    
14.49   8.25___17:14:46 47      24    23    1.97    +++   -1    
1.03    8.25___17:14:57 48      25    23    1.97    ---   -2    
1.08    8.25___17:15:10 49      26    23    1.97    ---   -3    
3.8     8.25___17:15:31 50      26    24    1.97    +++   -2    
2.57    8.25___17:15:49 51      26    25    1.97    +++   -1    
2.95    8.25___17:16:9  52      26    26    1.97    +++   0     
1.13    8.25___17:16:22 53      27    26    1.97    ---   -1    
2.05    8.25___17:16:39 54      27    27    1.97    +++   0     
1.89    8.25___17:16:55 55      28    27    1.97    ---   -1    
5.1     8.25___17:17:19 56      28    28    1.97    +++   0     
1.11    8.25___17:17:31 57      29    28    1.97    ---   -1    
20.73   8.25___17:18:10 58      29    29    1.97    +++   0     
1.84    8.25___17:18:26 59      30    29    1.97    ---   -1    
1.01    8.25___17:18:37 60      31    29    1.97    ---   -2    
1.05    8.25___17:18:49 61      32    29    1.97    ---   -3    
1.55    8.25___17:19:5  62      33    29    1.96    ---   -4    
2.24    8.25___17:19:22 63      33    30    1.97    +++   -3    
9.38    8.25___17:19:51 64      33    31    1.97    +++   -2    
2.29    8.25___17:20:9  65      33    32    1.97    +++   -1    
4.87    8.25___17:20:32 66      33    33    1.97    +++   0     
12.17   8.25___17:21:3  67      33    34    1.97    +++   1     
1.06    8.25___17:21:16 68      34    34    1.97    ---   0     
1.14    8.25___17:21:29 69      35    34    1.97    ---   -1    
5.37    8.25___17:21:52 70      35    35    1.97    +++   0     
1.56    8.25___17:22:8  71      36    35    1.97    ---   -1    
2.79    8.25___17:22:27 72      36    36    1.97    +++   0     
13.45   8.25___17:22:59 73      36    37    1.97    +++   1     
1       8.25___17:23:10 74      37    37    1.97    ---   0     
3.26    8.25___17:23:30 75      37    38    1.97    +++   1     
1       8.25___17:23:41 76      38    38    1.97    ---   0     
1.81    8.25___17:23:57 77      39    38    1.97    ---   -1    
1.2     8.25___17:24:10 78      40    38    1.97    ---   -2    
14.72   8.25___17:24:44 79      40    39    1.97    +++   -1    
1.03    8.25___17:24:56 80      41    39    1.97    ---   -2    
1.58    8.25___17:25:11 81      42    39    1.97    ---   -3    
9       8.25___17:25:40 82      42    40    1.97    +++   -2    
4.25    8.25___17:26:2  83      42    41    1.97    +++   -1    
1.34    8.25___17:26:16 84      43    41    1.97    ---   -2    
1.82    8.25___17:26:32 85      44    41    1.97    ---   -3    
5.28    8.25___17:26:56 86      44    42    1.97    +++   -2    
10.6    8.25___17:27:26 87      44    43    1.97    +++   -1    
2.33    8.25___17:27:44 88      44    44    1.97    +++   0     
1.77    8.25___17:28:0  89      45    44    1.97    ---   -1    
1.02    8.25___17:28:12 90      46    44    1.97    ---   -2    
1.8     8.25___17:28:28 91      47    44    1.97    ---   -3    
2.17    8.25___17:28:45 92      47    45    1.97    +++   -2    
1.06    8.25___17:28:57 93      48    45    1.97    ---   -3    
1.21    8.25___17:29:11 94      49    45    1.96    ---   -4    
1.49    8.25___17:29:26 95      50    45    1.95    ---   -5    
9.31    8.25___17:29:55 96      50    46    1.96    +++   -4    
1.21    8.25___17:30:8  97      51    46    1.95    ---   -5    
1.38    8.25___17:30:22 98      52    46    1.95    ---   -6    
1.6     8.25___17:30:38 99      53    46    1.95    ---   -7    
2.16    8.25___17:30:55 100     53    47    1.95    +++   -6    
1.37    8.25___17:31:10 101     54    47    1.95    ---   -7    
3.64    8.25___17:31:31 102     54    48    1.95    +++   -6    
1.1     8.25___17:31:43 103     55    48    1.95    ---   -7    
3.66    8.25___17:32:4  104     55    49    1.95    +++   -6    
1.2     8.25___17:32:17 105     56    49    1.95    ---   -7    
1.46    8.25___17:32:32 106     57    49    1.95    ---   -8    
12.2    8.25___17:33:4  107     57    50    1.95    +++   -7    
1.17    8.25___17:33:17 108     58    50    1.95    ---   -8    
1.54    8.25___17:33:32 109     59    50    1.95    ---   -9    
1.26    8.25___17:33:46 110     60    50    1.94    ---   -10   
9.96    8.25___17:34:16 111     60    51    1.95    +++   -9    
1.71    8.25___17:34:31 112     61    51    1.94    ---   -10   
1.5     8.25___17:34:47 113     62    51    1.93    ---   -11   
3.71    8.25___17:35:7  114     62    52    1.94    +++   -10   
1.36    8.25___17:35:22 115     63    52    1.93    ---   -11   
1.15    8.25___17:35:35 116     64    52    1.93    ---   -12   
2.01    8.25___17:35:52 117     64    53    1.93    +++   -11   
1.77    8.25___17:36:8  118     65    53    1.93    ---   -12   
3.21    8.25___17:36:28 119     65    54    1.93    +++   -11   
1.4     8.25___17:36:42 120     66    54    1.93    ---   -12   
1.43    8.25___17:36:57 121     67    54    1.93    ---   -13   
21.11   8.25___17:37:36 122     67    55    1.93    +++   -12   
1.36    8.25___17:37:50 123     68    55    1.93    ---   -13   
1.93    8.25___17:38:7  124     69    55    1.93    ---   -14   
5.64    8.25___17:38:31 125     69    56    1.93    +++   -13   
1.86    8.25___17:38:48 126     70    56    1.93    ---   -14   
1.01    8.25___17:38:59 127     71    56    1.93    ---   -15   
2.02    8.25___17:39:16 128     71    57    1.93    +++   -14   
2.3     8.25___17:39:34 129     71    58    1.93    +++   -13   
1.04    8.25___17:39:45 130     72    58    1.93    ---   -14   
1.53    8.25___17:40:1  131     73    58    1.93    ---   -15   
4.91    8.25___17:40:24 132     73    59    1.93    +++   -14   
1.61    8.25___17:40:39 133     74    59    1.93    ---   -15   
2.62    8.25___17:40:58 134     74    60    1.93    +++   -14   
1.05    8.25___17:41:10 135     75    60    1.93    ---   -15   
1.32    8.25___17:41:24 136     76    60    1.93    ---   -16   
1.26    8.25___17:41:38 137     77    60    1.93    ---   -17   
4.16    8.25___17:42:0  138     77    61    1.93    +++   -16   
1.47    8.25___17:42:15 139     78    61    1.93    ---   -17   
10.1    8.25___17:42:44 140     78    62    1.93    +++   -16   
1.02    8.25___17:42:56 141     79    62    1.93    ---   -17   
1.94    8.25___17:43:13 142     80    62    1.93    ---   -18   
1.78    8.25___17:43:29 143     81    62    1.93    ---   -19   
4.09    8.25___17:43:50 144     81    63    1.93    +++   -18   
1.24    8.25___17:44:4  145     82    63    1.93    ---   -19   
26.85   8.25___17:44:47 146     82    64    1.93    +++   -18   
1.55    8.25___17:45:2  147     83    64    1.93    ---   -19   
1.12    8.25___17:45:15 148     84    64    1.93    ---   -20   
1.48    8.25___17:45:30 149     85    64    1.93    ---   -21   
3.24    8.25___17:45:50 150     85    65    1.93    +++   -20   
2.31    8.25___17:46:7  151     85    66    1.93    +++   -19   
1.46    8.25___17:46:22 152     86    66    1.93    ---   -20   
24.34   8.25___17:47:3  153     86    67    1.93    +++   -19   
1.52    8.25___17:47:18 154     87    67    1.93    ---   -20   
20.09   8.25___17:47:57 155     87    68    1.93    +++   -19   
2.01    8.25___17:48:13 156     87    69    1.93    +++   -18   
5.74    8.25___17:48:38 157     87    70    1.93    +++   -17   
2       8.25___17:48:55 158     87    71    1.93    +++   -16   
1.09    8.25___17:49:7  159     88    71    1.93    ---   -17   
3.13    8.25___17:49:27 160     88    72    1.93    +++   -16   
1.53    8.25___17:49:42 161     89    72    1.93    ---   -17   
1.12    8.25___17:49:55 162     90    72    1.93    ---   -18   
14.71   8.25___17:50:29 163     90    73    1.93    +++   -17   
1.72    8.25___17:50:45 164     91    73    1.93    ---   -18   
2.55    8.25___17:51:3  165     91    74    1.93    +++   -17   
3.15    8.25___17:51:23 166     91    75    1.93    +++   -16   
1.07    8.25___17:51:35 167     92    75    1.93    ---   -17   
1.02    8.25___17:51:47 168     93    75    1.93    ---   -18   
1.46    8.25___17:52:1  169     94    75    1.93    ---   -19   
29.04   8.25___17:52:45 170     94    76    1.93    +++   -18   
1.3     8.25___17:52:59 171     95    76    1.93    ---   -19   
1.87    8.25___17:53:16 172     96    76    1.93    ---   -20   
5.14    8.25___17:53:39 173     96    77    1.93    +++   -19   
1.11    8.25___17:53:52 174     97    77    1.93    ---   -20   
1.87    8.25___17:54:8  175     98    77    1.93    ---   -21   
7.55    8.25___17:54:35 176     98    78    1.93    +++   -20   
8       8.25___17:55:3  177     98    79    1.93    +++   -19   
1.21    8.25___17:55:16 178     99    79    1.93    ---   -20   
1.07    8.25___17:55:28 179     100   79    1.93    ---   -21   
9.63    8.25___17:55:57 180     100   80    1.93    +++   -20   
1.15    8.25___17:56:10 181     101   80    1.93    ---   -21   
23.49   8.25___17:56:51 182     101   81    1.93    +++   -20   
2.44    8.25___17:57:9  183     101   82    1.93    +++   -19   
2.16    8.25___17:57:26 184     101   83    1.93    +++   -18   
4.2     8.25___17:57:48 185     101   84    1.93    +++   -17   
1.56    8.25___17:58:4  186     102   84    1.93    ---   -18   
3.42    8.25___17:58:24 187     102   85    1.93    +++   -17   
2.06    8.25___17:58:41 188     102   86    1.93    +++   -16   
21.72   8.25___17:59:20 189     102   87    1.93    +++   -15   
2.65    8.25___17:59:39 190     102   88    1.93    +++   -14   
1       8.25___17:59:50 191     103   88    1.93    ---   -15   
