2.03    8.25___14:0:14  1       0     1     2.04    +++   1     
1.03    8.25___14:0:26  2       1     1     2.04    ---   0     
7.39    8.25___14:0:52  3       1     2     2.04    +++   1     
1.32    8.25___14:1:6   4       2     2     2.04    ---   0     
5.47    8.25___14:1:30  5       2     3     2.04    +++   1     
3.72    8.25___14:1:51  6       2     4     2.04    +++   2     
3.66    8.25___14:2:12  7       2     5     2.04    +++   3     
1.25    8.25___14:2:26  8       3     5     2.04    ---   2     
1.17    8.25___14:2:39  9       4     5     2.04    ---   1     
1.83    8.25___14:2:55  10      5     5     2.04    ---   0     
1.99    8.25___14:3:12  11      6     5     2.04    ---   -1    
1       8.25___14:3:23  12      7     5     2.04    ---   -2    
1.04    8.25___14:3:35  13      8     5     2.04    ---   -3    
2.45    8.25___14:3:53  14      8     6     2.04    +++   -2    
1.13    8.25___14:4:6   15      9     6     2.04    ---   -3    
10.56   8.25___14:4:36  16      9     7     2.04    +++   -2    
1.5     8.25___14:4:51  17      10    7     2.04    ---   -3    
3.79    8.25___14:5:12  18      10    8     2.04    +++   -2    
9.97    8.25___14:5:41  19      10    9     2.04    +++   -1    
1.2     8.25___14:5:55  20      11    9     2.04    ---   -2    
1.25    8.25___14:6:8   21      12    9     2.04    ---   -3    
1.23    8.25___14:6:22  22      13    9     2.04    ---   -4    
1.88    8.25___14:6:38  23      14    9     2.04    ---   -5    
1.03    8.25___14:6:50  24      15    9     2.04    ---   -6    
1.5     8.25___14:7:5   25      16    9     2.04    ---   -7    
2.29    8.25___14:7:23  26      16    10    2.04    +++   -6    
2.31    8.25___14:7:41  27      16    11    2.04    +++   -5    
1.1     8.25___14:7:53  28      17    11    2.04    ---   -6    
9.52    8.25___14:8:22  29      17    12    2.04    +++   -5    
6.02    8.25___14:8:47  30      17    13    2.04    +++   -4    
2.52    8.25___14:9:5   31      17    14    2.04    +++   -3    
1.7     8.25___14:9:21  32      18    14    2.04    ---   -4    
29.86   8.25___14:10:6  33      18    15    2.04    +++   -3    
1.87    8.25___14:10:22 34      19    15    2.04    ---   -4    
1.39    8.25___14:10:36 35      20    15    2.04    ---   -5    
1.51    8.25___14:10:52 36      21    15    2.04    ---   -6    
1.2     8.25___14:11:5  37      22    15    2.04    ---   -7    
9.08    8.25___14:11:33 38      22    16    2.04    +++   -6    
1.64    8.25___14:11:49 39      23    16    2.04    ---   -7    
3.41    8.25___14:12:9  40      23    17    2.04    +++   -6    
2.28    8.25___14:12:27 41      23    18    2.04    +++   -5    
2.53    8.25___14:12:45 42      23    19    2.04    +++   -4    
1.07    8.25___14:12:58 43      24    19    2.04    ---   -5    
1.15    8.25___14:13:11 44      25    19    2.04    ---   -6    
1.1     8.25___14:13:23 45      26    19    2.04    ---   -7    
1.1     8.25___14:13:36 46      27    19    2.03    ---   -8    
26.7    8.25___14:14:19 47      27    20    2.04    +++   -7    
8.64    8.25___14:14:47 48      27    21    2.04    +++   -6    
2.03    8.25___14:15:4  49      27    22    2.04    +++   -5    
20.29   8.25___14:15:42 50      27    23    2.04    +++   -4    
1.12    8.25___14:15:55 51      28    23    2.04    ---   -5    
1.68    8.25___14:16:11 52      29    23    2.03    ---   -6    
8.54    8.25___14:16:38 53      29    24    2.04    +++   -5    
1.4     8.25___14:16:53 54      30    24    2.03    ---   -6    
1.68    8.25___14:17:9  55      31    24    2.02    ---   -7    
2.39    8.25___14:17:27 56      31    25    2.03    +++   -6    
2.04    8.25___14:17:44 57      31    26    2.04    +++   -5    
1.04    8.25___14:17:56 58      32    26    2.03    ---   -6    
13.5    8.25___14:18:29 59      32    27    2.04    +++   -5    
6.7     8.25___14:18:54 60      32    28    2.04    +++   -4    
1.84    8.25___14:19:11 61      33    28    2.04    ---   -5    
3.35    8.25___14:19:31 62      33    29    2.04    +++   -4    
2.05    8.25___14:19:48 63      33    30    2.04    +++   -3    
4.02    8.25___14:20:9  64      33    31    2.04    +++   -2    
3.13    8.25___14:20:29 65      33    32    2.04    +++   -1    
19.03   8.25___14:21:6  66      33    33    2.04    +++   0     
1.21    8.25___14:21:20 67      34    33    2.04    ---   -1    
26.25   8.25___14:22:2  68      34    34    2.04    +++   0     
1.65    8.25___14:22:18 69      35    34    2.04    ---   -1    
1.14    8.25___14:22:31 70      36    34    2.04    ---   -2    
10.71   8.25___14:23:1  71      36    35    2.04    +++   -1    
15.48   8.25___14:23:36 72      36    36    2.04    +++   0     
1.42    8.25___14:23:50 73      37    36    2.04    ---   -1    
5.65    8.25___14:24:14 74      37    37    2.04    +++   0     
1.65    8.25___14:24:30 75      38    37    2.04    ---   -1    
1.07    8.25___14:24:42 76      39    37    2.04    ---   -2    
2.2     8.25___14:25:0  77      39    38    2.04    +++   -1    
1.04    8.25___14:25:12 78      40    38    2.04    ---   -2    
1.28    8.25___14:25:26 79      41    38    2.04    ---   -3    
8.04    8.25___14:25:53 80      41    39    2.04    +++   -2    
1.08    8.25___14:26:5  81      42    39    2.04    ---   -3    
1.04    8.25___14:26:17 82      43    39    2.04    ---   -4    
1.11    8.25___14:26:30 83      44    39    2.04    ---   -5    
1.57    8.25___14:26:45 84      45    39    2.03    ---   -6    
20.79   8.25___14:27:24 85      45    40    2.04    +++   -5    
2.21    8.25___14:27:41 86      45    41    2.04    +++   -4    
1.09    8.25___14:27:54 87      46    41    2.04    ---   -5    
1.48    8.25___14:28:9  88      47    41    2.03    ---   -6    
2.66    8.25___14:28:27 89      47    42    2.04    +++   -5    
2.03    8.25___14:28:44 90      47    43    2.03    +++   -4    
1.6     8.25___14:29:0  91      48    43    2.02    ---   -5    
1.27    8.25___14:29:14 92      49    43    2.02    ---   -6    
1.18    8.25___14:29:27 93      50    43    2.02    ---   -7    
1.04    8.25___14:29:39 94      51    43    2.02    ---   -8    
7.39    8.25___14:30:5  95      51    44    2.02    +++   -7    
3.45    8.25___14:30:26 96      51    45    2.02    +++   -6    
1.14    8.25___14:30:39 97      52    45    2.02    ---   -7    
1.53    8.25___14:30:54 98      53    45    2.02    ---   -8    
1.25    8.25___14:31:7  99      54    45    2.02    ---   -9    
1.54    8.25___14:31:23 100     55    45    2.01    ---   -10   
3.83    8.25___14:31:44 101     55    46    2.02    +++   -9    
1.26    8.25___14:31:58 102     56    46    2.01    ---   -10   
1.1     8.25___14:32:10 103     57    46    2       ---   -11   
2.61    8.25___14:32:29 104     57    47    2.01    +++   -10   
1.95    8.25___14:32:45 105     58    47    2       ---   -11   
8.4     8.25___14:33:13 106     58    48    2.01    +++   -10   
1.01    8.25___14:33:24 107     59    48    2       ---   -11   
3.64    8.25___14:33:45 108     59    49    2.01    +++   -10   
1.71    8.25___14:34:1  109     60    49    2       ---   -11   
8.47    8.25___14:34:29 110     60    50    2.01    +++   -10   
1.92    8.25___14:34:45 111     61    50    2       ---   -11   
1.3     8.25___14:34:59 112     62    50    2       ---   -12   
7.32    8.25___14:35:26 113     62    51    2       +++   -11   
2.73    8.25___14:36:4  114     62    52    2.01    +++   -10   
1.72    8.25___14:36:20 115     63    52    2       ---   -11   
2.45    8.25___14:36:38 116     63    53    2.01    +++   -10   
3.78    8.25___14:36:59 117     63    54    2.02    +++   -9    
1.67    8.25___14:37:15 118     64    54    2.01    ---   -10   
1.71    8.25___14:37:31 119     65    54    2       ---   -11   
14.29   8.25___14:38:5  120     65    55    2.01    +++   -10   
5.27    8.25___14:38:28 121     65    56    2.02    +++   -9    
1.35    8.25___14:38:42 122     66    56    2.01    ---   -10   
1.14    8.25___14:38:55 123     67    56    2       ---   -11   
1.04    8.25___14:39:7  124     68    56    2       ---   -12   
1.27    8.25___14:39:21 125     69    56    2       ---   -13   
1.89    8.25___14:39:38 126     70    56    1.99    ---   -14   
2.65    8.25___14:39:56 127     70    57    2       +++   -13   
1.46    8.25___14:40:11 128     71    57    1.99    ---   -14   
6.95    8.25___14:40:37 129     71    58    2       +++   -13   
10.19   8.25___14:41:7  130     71    59    2       +++   -12   
2       8.25___14:41:24 131     71    60    2       +++   -11   
1.1     8.25___14:41:36 132     72    60    2       ---   -12   
1.3     8.25___14:41:50 133     73    60    2       ---   -13   
10.42   8.25___14:42:20 134     73    61    2       +++   -12   
6.11    8.25___14:42:45 135     73    62    2       +++   -11   
1.73    8.25___14:43:1  136     74    62    2       ---   -12   
20.77   8.25___14:43:40 137     74    63    2       +++   -11   
1.93    8.25___14:43:56 138     75    63    2       ---   -12   
1.02    8.25___14:44:8  139     76    63    2       ---   -13   
1.41    8.25___14:44:22 140     77    63    1.99    ---   -14   
1.19    8.25___14:44:36 141     78    63    1.99    ---   -15   
2.09    8.25___14:44:53 142     78    64    1.99    +++   -14   
1.11    8.25___14:45:6  143     79    64    1.99    ---   -15   
1.87    8.25___14:45:22 144     80    64    1.98    ---   -16   
1.15    8.25___14:45:35 145     81    64    1.98    ---   -17   
2.17    8.25___14:45:52 146     81    65    1.98    +++   -16   
11.53   8.25___14:46:24 147     81    66    1.99    +++   -15   
3.96    8.25___14:46:45 148     81    67    1.99    +++   -14   
1.16    8.25___14:46:58 149     82    67    1.99    ---   -15   
1.54    8.25___14:47:13 150     83    67    1.98    ---   -16   
2.37    8.25___14:47:31 151     83    68    1.99    +++   -15   
1.77    8.25___14:47:47 152     84    68    1.98    ---   -16   
1.3     8.25___14:48:1  153     85    68    1.98    ---   -17   
1.06    8.25___14:48:13 154     86    68    1.98    ---   -18   
1.39    8.25___14:48:28 155     87    68    1.98    ---   -19   
1.11    8.25___14:48:41 156     88    68    1.98    ---   -20   
3.48    8.25___14:49:1  157     88    69    1.98    +++   -19   
6.09    8.25___14:49:26 158     88    70    1.98    +++   -18   
1.91    8.25___14:49:42 159     89    70    1.98    ---   -19   
2.47    8.25___14:50:1  160     89    71    1.98    +++   -18   
21.36   8.25___14:50:40 161     89    72    1.98    +++   -17   
4.45    8.25___14:51:2  162     89    73    1.98    +++   -16   
1.32    8.25___14:51:16 163     90    73    1.98    ---   -17   
2.35    8.25___14:51:34 164     90    74    1.98    +++   -16   
1.84    8.25___14:51:50 165     91    74    1.98    ---   -17   
1.53    8.25___14:52:6  166     92    74    1.98    ---   -18   
1.3     8.25___14:52:20 167     93    74    1.98    ---   -19   
1.4     8.25___14:52:34 168     94    74    1.98    ---   -20   
1.09    8.25___14:52:47 169     95    74    1.98    ---   -21   
2.26    8.25___14:53:4  170     95    75    1.98    +++   -20   
1.8     8.25___14:53:20 171     96    75    1.98    ---   -21   
2.48    8.25___14:53:39 172     96    76    1.98    +++   -20   
2.49    8.25___14:53:57 173     96    77    1.98    +++   -19   
1.84    8.25___14:54:13 174     97    77    1.98    ---   -20   
1.66    8.25___14:54:29 175     98    77    1.98    ---   -21   
21.78   8.25___14:55:8  176     98    78    1.98    +++   -20   
1       8.25___14:55:19 177     99    78    1.98    ---   -21   
1.99    8.25___14:55:36 178     100   78    1.98    ---   -22   
1.72    8.25___14:55:52 179     101   78    1.98    ---   -23   
2.44    8.25___14:56:10 180     101   79    1.98    +++   -22   
1.97    8.25___14:56:27 181     102   79    1.98    ---   -23   
18.79   8.25___14:57:4  182     102   80    1.98    +++   -22   
1.1     8.25___14:57:16 183     103   80    1.98    ---   -23   
1.02    8.25___14:57:28 184     104   80    1.97    ---   -24   
7.7     8.25___14:57:55 185     104   81    1.98    +++   -23   
17.67   8.25___14:58:31 186     104   82    1.98    +++   -22   
1.59    8.25___14:58:47 187     105   82    1.98    ---   -23   
2.45    8.25___14:59:5  188     105   83    1.98    +++   -22   
1.47    8.25___14:59:20 189     106   83    1.98    ---   -23   
1.3     8.25___14:59:34 190     107   83    1.97    ---   -24   
2.54    8.25___14:59:52 191     107   84    1.98    +++   -23   
