6.63    8.25___16:0:15  1       0     1     1.95    +++   1     
1.16    8.25___16:0:28  2       1     1     1.95    ---   0     
6.99    8.25___16:0:54  3       1     2     1.95    +++   1     
1.32    8.25___16:1:8   4       2     2     1.95    ---   0     
1.66    8.25___16:1:24  5       3     2     1.95    ---   -1    
32.69   8.25___16:2:10  6       3     3     1.95    +++   0     
1.13    8.25___16:2:23  7       4     3     1.95    ---   -1    
4.75    8.25___16:2:46  8       4     4     1.95    +++   0     
13.17   8.25___16:3:18  9       4     5     1.95    +++   1     
1.44    8.25___16:3:33  10      5     5     1.95    ---   0     
1.6     8.25___16:3:48  11      6     5     1.95    ---   -1    
1.88    8.25___16:4:5   12      7     5     1.95    ---   -2    
7.37    8.25___16:4:31  13      7     6     1.95    +++   -1    
22.36   8.25___16:5:11  14      7     7     1.95    +++   0     
1.66    8.25___16:5:27  15      8     7     1.95    ---   -1    
1.53    8.25___16:5:42  16      9     7     1.95    ---   -2    
20.8    8.25___16:6:21  17      9     8     1.95    +++   -1    
5.66    8.25___16:6:45  18      9     9     1.95    +++   0     
5.17    8.25___16:7:8   19      9     10    1.95    +++   1     
6.84    8.25___16:7:34  20      9     11    1.95    +++   2     
25.74   8.25___16:8:16  21      9     12    1.96    +++   3     
1.08    8.25___16:8:29  22      10    12    1.95    ---   2     
1.1     8.25___16:8:41  23      11    12    1.95    ---   1     
2.81    8.25___16:9:0   24      11    13    1.95    +++   2     
4.02    8.25___16:9:22  25      11    14    1.96    +++   3     
1.12    8.25___16:9:34  26      12    14    1.95    ---   2     
8.33    8.25___16:10:2  27      12    15    1.96    +++   3     
1.92    8.25___16:10:19 28      13    15    1.95    ---   2     
2.8     8.25___16:10:38 29      13    16    1.96    +++   3     
1       8.25___16:10:48 30      14    16    1.95    ---   2     
1.07    8.25___16:11:1  31      15    16    1.95    ---   1     
6.38    8.25___16:11:26 32      15    17    1.95    +++   2     
1.24    8.25___16:11:39 33      16    17    1.95    ---   1     
2.69    8.25___16:11:58 34      16    18    1.95    +++   2     
3.06    8.25___16:12:18 35      16    19    1.96    +++   3     
2.44    8.25___16:12:36 36      16    20    1.97    +++   4     
2.29    8.25___16:12:54 37      16    21    1.97    +++   5     
1.29    8.25___16:13:8  38      17    21    1.97    ---   4     
6.78    8.25___16:13:33 39      17    22    1.97    +++   5     
4.54    8.25___16:13:56 40      17    23    1.97    +++   6     
1.04    8.25___16:14:8  41      18    23    1.97    ---   5     
26.39   8.25___16:14:50 42      18    24    1.97    +++   6     
2.49    8.25___16:15:8  43      18    25    1.97    +++   7     
1.38    8.25___16:15:23 44      19    25    1.97    ---   6     
1.43    8.25___16:15:38 45      20    25    1.97    ---   5     
1.43    8.25___16:15:52 46      21    25    1.97    ---   4     
8.89    8.25___16:16:21 47      21    26    1.97    +++   5     
1.45    8.25___16:16:35 48      22    26    1.97    ---   4     
1.91    8.25___16:16:52 49      23    26    1.96    ---   3     
2.88    8.25___16:17:11 50      23    27    1.97    +++   4     
22.62   8.25___16:17:51 51      23    28    1.97    +++   5     
1       8.25___16:18:2  52      24    28    1.97    ---   4     
6.97    8.25___16:18:28 53      24    29    1.97    +++   5     
1       8.25___16:18:38 54      25    29    1.97    ---   4     
1.4     8.25___16:18:53 55      26    29    1.96    ---   3     
1.23    8.25___16:19:6  56      27    29    1.95    ---   2     
2.63    8.25___16:19:25 57      27    30    1.96    +++   3     
1.8     8.25___16:19:41 58      28    30    1.95    ---   2     
2.23    8.25___16:19:59 59      28    31    1.96    +++   3     
2.38    8.25___16:20:17 60      28    32    1.97    +++   4     
6.28    8.25___16:20:42 61      28    33    1.97    +++   5     
1       8.25___16:20:53 62      29    33    1.97    ---   4     
1.15    8.25___16:21:6  63      30    33    1.96    ---   3     
2.52    8.25___16:21:24 64      30    34    1.97    +++   4     
2.82    8.25___16:21:43 65      30    35    1.97    +++   5     
1.93    8.25___16:22:0  66      31    35    1.97    ---   4     
6.31    8.25___16:22:25 67      31    36    1.97    +++   5     
4.58    8.25___16:22:47 68      31    37    1.97    +++   6     
3.42    8.25___16:23:8  69      31    38    1.97    +++   7     
6.11    8.25___16:23:33 70      31    39    1.97    +++   8     
4.76    8.25___16:23:55 71      31    40    1.97    +++   9     
2.19    8.25___16:24:13 72      31    41    1.98    +++   10    
14.34   8.25___16:24:47 73      31    42    1.98    +++   11    
1.7     8.25___16:25:2  74      32    42    1.98    ---   10    
1.46    8.25___16:25:17 75      33    42    1.97    ---   9     
1       8.25___16:25:28 76      34    42    1.97    ---   8     
1.26    8.25___16:25:42 77      35    42    1.97    ---   7     
1.57    8.25___16:25:57 78      36    42    1.97    ---   6     
2.38    8.25___16:26:15 79      36    43    1.97    +++   7     
1.68    8.25___16:26:31 80      37    43    1.97    ---   6     
2.67    8.25___16:26:49 81      37    44    1.97    +++   7     
1.45    8.25___16:27:4  82      38    44    1.97    ---   6     
1.13    8.25___16:27:17 83      39    44    1.97    ---   5     
1.37    8.25___16:27:31 84      40    44    1.97    ---   4     
1.21    8.25___16:27:45 85      41    44    1.96    ---   3     
1.17    8.25___16:27:58 86      42    44    1.95    ---   2     
7.57    8.25___16:28:25 87      42    45    1.96    +++   3     
1.07    8.25___16:28:37 88      43    45    1.95    ---   2     
6.73    8.25___16:29:3  89      43    46    1.96    +++   3     
1.07    8.25___16:29:15 90      44    46    1.95    ---   2     
1.15    8.25___16:29:28 91      45    46    1.95    ---   1     
7.47    8.25___16:29:55 92      45    47    1.95    +++   2     
1       8.25___16:30:5  93      46    47    1.95    ---   1     
2.22    8.25___16:30:23 94      46    48    1.95    +++   2     
6.94    8.25___16:30:49 95      46    49    1.96    +++   3     
1.81    8.25___16:31:5  96      47    49    1.95    ---   2     
1.11    8.25___16:31:18 97      48    49    1.95    ---   1     
12.53   8.25___16:31:50 98      48    50    1.95    +++   2     
2.9     8.25___16:32:9  99      48    51    1.96    +++   3     
23.45   8.25___16:32:49 100     48    52    1.97    +++   4     
2.12    8.25___16:33:7  101     48    53    1.97    +++   5     
1       8.25___16:33:17 102     49    53    1.97    ---   4     
9.9     8.25___16:33:47 103     49    54    1.97    +++   5     
1.03    8.25___16:33:58 104     50    54    1.97    ---   4     
17.29   8.25___16:34:34 105     50    55    1.97    +++   5     
5.77    8.25___16:34:59 106     50    56    1.97    +++   6     
3.62    8.25___16:35:20 107     50    57    1.97    +++   7     
1.15    8.25___16:35:33 108     51    57    1.97    ---   6     
1.09    8.25___16:35:45 109     52    57    1.97    ---   5     
7.64    8.25___16:36:12 110     52    58    1.97    +++   6     
22.16   8.25___16:36:52 111     52    59    1.97    +++   7     
1.24    8.25___16:37:5  112     53    59    1.97    ---   6     
9.59    8.25___16:37:34 113     53    60    1.97    +++   7     
2.22    8.25___16:37:52 114     53    61    1.97    +++   8     
2.25    8.25___16:38:9  115     53    62    1.97    +++   9     
2.07    8.25___16:38:27 116     53    63    1.98    +++   10    
1.44    8.25___16:38:41 117     54    63    1.97    ---   9     
1.05    8.25___16:38:53 118     55    63    1.97    ---   8     
2.32    8.25___16:39:11 119     55    64    1.97    +++   9     
3.8     8.25___16:39:32 120     55    65    1.98    +++   10    
1.23    8.25___16:39:46 121     56    65    1.97    ---   9     
1.06    8.25___16:39:58 122     57    65    1.97    ---   8     
3.22    8.25___16:40:18 123     57    66    1.97    +++   9     
2.74    8.25___16:40:37 124     57    67    1.98    +++   10    
1       8.25___16:40:47 125     58    67    1.97    ---   9     
1.87    8.25___16:41:4  126     59    67    1.97    ---   8     
6.42    8.25___16:41:29 127     59    68    1.97    +++   9     
1.82    8.25___16:41:45 128     60    68    1.97    ---   8     
10.13   8.25___16:42:15 129     60    69    1.97    +++   9     
7       8.25___16:42:41 130     60    70    1.98    +++   10    
1.28    8.25___16:42:55 131     61    70    1.97    ---   9     
1.36    8.25___16:43:9  132     62    70    1.97    ---   8     
27.69   8.25___16:43:53 133     62    71    1.97    +++   9     
3.89    8.25___16:44:14 134     62    72    1.98    +++   10    
7.51    8.25___16:44:41 135     62    73    1.98    +++   11    
3.89    8.25___16:45:2  136     62    74    1.98    +++   12    
4.19    8.25___16:45:24 137     62    75    1.98    +++   13    
3.4     8.25___16:45:44 138     62    76    1.98    +++   14    
1.82    8.25___16:46:0  139     63    76    1.98    ---   13    
8.71    8.25___16:46:28 140     63    77    1.98    +++   14    
1.74    8.25___16:46:44 141     64    77    1.98    ---   13    
1.03    8.25___16:46:56 142     65    77    1.98    ---   12    
2.27    8.25___16:47:14 143     65    78    1.98    +++   13    
2.34    8.25___16:47:32 144     65    79    1.98    +++   14    
3.28    8.25___16:47:52 145     65    80    1.98    +++   15    
5.28    8.25___16:48:15 146     65    81    1.99    +++   16    
1.08    8.25___16:48:28 147     66    81    1.98    ---   15    
30.78   8.25___16:49:13 148     66    82    1.99    +++   16    
2.59    8.25___16:49:31 149     66    83    1.99    +++   17    
8.43    8.25___16:49:59 150     66    84    1.99    +++   18    
1.65    8.25___16:50:15 151     67    84    1.99    ---   17    
1.43    8.25___16:50:30 152     68    84    1.99    ---   16    
1.16    8.25___16:50:43 153     69    84    1.98    ---   15    
5       8.25___16:51:6  154     69    85    1.99    +++   16    
5.27    8.25___16:51:29 155     69    86    1.99    +++   17    
1.59    8.25___16:51:45 156     70    86    1.99    ---   16    
1.3     8.25___16:51:59 157     71    86    1.98    ---   15    
2.47    8.25___16:52:17 158     71    87    1.99    +++   16    
1       8.25___16:52:28 159     72    87    1.98    ---   15    
1.37    8.25___16:52:42 160     73    87    1.98    ---   14    
1.85    8.25___16:52:59 161     74    87    1.98    ---   13    
2.77    8.25___16:53:18 162     74    88    1.98    +++   14    
1       8.25___16:53:28 163     75    88    1.98    ---   13    
1.83    8.25___16:53:44 164     76    88    1.98    ---   12    
1       8.25___16:53:55 165     77    88    1.98    ---   11    
1.2     8.25___16:54:8  166     78    88    1.98    ---   10    
17.51   8.25___16:54:45 167     78    89    1.98    +++   11    
5.85    8.25___16:55:9  168     78    90    1.98    +++   12    
2.1     8.25___16:55:26 169     78    91    1.98    +++   13    
1.08    8.25___16:55:39 170     79    91    1.98    ---   12    
9.76    8.25___16:56:8  171     79    92    1.98    +++   13    
1.26    8.25___16:56:22 172     80    92    1.98    ---   12    
1.7     8.25___16:56:38 173     81    92    1.98    ---   11    
1.13    8.25___16:56:50 174     82    92    1.98    ---   10    
1       8.25___16:57:1  175     83    92    1.97    ---   9     
1.44    8.25___16:57:16 176     84    92    1.97    ---   8     
5.1     8.25___16:57:39 177     84    93    1.97    +++   9     
1.19    8.25___16:57:52 178     85    93    1.97    ---   8     
3.42    8.25___16:58:13 179     85    94    1.97    +++   9     
9.72    8.25___16:58:42 180     85    95    1.98    +++   10    
3.49    8.25___16:59:3  181     85    96    1.98    +++   11    
1.36    8.25___16:59:17 182     86    96    1.98    ---   10    
1.12    8.25___16:59:30 183     87    96    1.97    ---   9     
1.57    8.25___16:59:45 184     88    96    1.97    ---   8     
1.06    8.25___16:59:57 185     89    96    1.97    ---   7     
