25.49   8.25___19:0:30  1       0     1     1.95    +++   1     
1.09    8.25___19:0:42  2       1     1     1.95    ---   0     
5.97    8.25___19:1:7   3       1     2     1.95    +++   1     
3.76    8.25___19:1:28  4       1     3     1.95    +++   2     
1.37    8.25___19:1:43  5       2     3     1.95    ---   1     
2.94    8.25___19:2:2   6       2     4     1.95    +++   2     
1       8.25___19:2:13  7       3     4     1.95    ---   1     
1.06    8.25___19:2:25  8       4     4     1.95    ---   0     
1.94    8.25___19:2:41  9       5     4     1.95    ---   -1    
1.09    8.25___19:2:54  10      6     4     1.95    ---   -2    
29.86   8.25___19:3:38  11      6     5     1.95    +++   -1    
1.66    8.25___19:3:54  12      7     5     1.95    ---   -2    
1.24    8.25___19:4:8   13      8     5     1.95    ---   -3    
1.53    8.25___19:4:23  14      9     5     1.95    ---   -4    
8.84    8.25___19:4:51  15      9     6     1.95    +++   -3    
1.43    8.25___19:5:6   16      10    6     1.95    ---   -4    
3.14    8.25___19:5:26  17      10    7     1.95    +++   -3    
1.38    8.25___19:5:40  18      11    7     1.95    ---   -4    
1.26    8.25___19:5:54  19      12    7     1.95    ---   -5    
2.71    8.25___19:6:13  20      12    8     1.95    +++   -4    
2.87    8.25___19:6:32  21      12    9     1.95    +++   -3    
2.29    8.25___19:6:50  22      12    10    1.95    +++   -2    
8.17    8.25___19:7:17  23      12    11    1.95    +++   -1    
1.15    8.25___19:7:30  24      13    11    1.95    ---   -2    
8.6     8.25___19:7:58  25      13    12    1.95    +++   -1    
1.35    8.25___19:8:13  26      14    12    1.95    ---   -2    
1.13    8.25___19:8:25  27      15    12    1.95    ---   -3    
1.02    8.25___19:8:37  28      16    12    1.95    ---   -4    
8.95    8.25___19:9:5   29      16    13    1.95    +++   -3    
2.94    8.25___19:9:25  30      16    14    1.95    +++   -2    
3.38    8.25___19:9:45  31      16    15    1.95    +++   -1    
8.55    8.25___19:10:13 32      16    16    1.95    +++   0     
1.03    8.25___19:10:24 33      17    16    1.95    ---   -1    
2.09    8.25___19:10:42 34      17    17    1.95    +++   0     
1.05    8.25___19:10:54 35      18    17    1.95    ---   -1    
1.06    8.25___19:11:6  36      19    17    1.95    ---   -2    
1.23    8.25___19:11:19 37      20    17    1.95    ---   -3    
12.6    8.25___19:11:52 38      20    18    1.95    +++   -2    
1.09    8.25___19:12:4  39      21    18    1.95    ---   -3    
1.32    8.25___19:12:18 40      22    18    1.95    ---   -4    
1.59    8.25___19:12:34 41      23    18    1.95    ---   -5    
1.14    8.25___19:12:46 42      24    18    1.94    ---   -6    
1.22    8.25___19:13:0  43      25    18    1.94    ---   -7    
22.12   8.25___19:13:40 44      25    19    1.94    +++   -6    
2.07    8.25___19:13:57 45      25    20    1.95    +++   -5    
1.88    8.25___19:14:13 46      26    20    1.94    ---   -6    
1.08    8.25___19:14:26 47      27    20    1.94    ---   -7    
1.08    8.25___19:14:38 48      28    20    1.94    ---   -8    
3.05    8.25___19:14:58 49      28    21    1.94    +++   -7    
2.98    8.25___19:15:17 50      28    22    1.94    +++   -6    
1.07    8.25___19:15:29 51      29    22    1.94    ---   -7    
1.51    8.25___19:15:45 52      30    22    1.94    ---   -8    
29.87   8.25___19:16:29 53      30    23    1.94    +++   -7    
4.87    8.25___19:16:52 54      30    24    1.94    +++   -6    
8.53    8.25___19:17:20 55      30    25    1.95    +++   -5    
1.31    8.25___19:17:34 56      31    25    1.94    ---   -6    
7.65    8.25___19:18:1  57      31    26    1.95    +++   -5    
1.28    8.25___19:18:15 58      32    26    1.94    ---   -6    
2.07    8.25___19:18:32 59      32    27    1.95    +++   -5    
4.53    8.25___19:18:54 60      32    28    1.95    +++   -4    
23.55   8.25___19:19:35 61      32    29    1.95    +++   -3    
10.25   8.25___19:20:5  62      32    30    1.95    +++   -2    
22.46   8.25___19:20:45 63      32    31    1.95    +++   -1    
3.1     8.25___19:21:4  64      32    32    1.95    +++   0     
1.03    8.25___19:21:16 65      33    32    1.95    ---   -1    
2.25    8.25___19:21:34 66      33    33    1.95    +++   0     
1       8.25___19:21:44 67      34    33    1.95    ---   -1    
1.04    8.25___19:21:56 68      35    33    1.95    ---   -2    
1.58    8.25___19:22:11 69      36    33    1.95    ---   -3    
1       8.25___19:22:22 70      37    33    1.95    ---   -4    
1.29    8.25___19:22:36 71      38    33    1.95    ---   -5    
2.69    8.25___19:22:55 72      38    34    1.95    +++   -4    
2.06    8.25___19:23:12 73      38    35    1.95    +++   -3    
2.24    8.25___19:23:29 74      38    36    1.95    +++   -2    
2.42    8.25___19:23:48 75      38    37    1.95    +++   -1    
1.5     8.25___19:24:3  76      39    37    1.95    ---   -2    
1.22    8.25___19:24:16 77      40    37    1.95    ---   -3    
1.22    8.25___19:24:30 78      41    37    1.95    ---   -4    
19.7    8.25___19:25:8  79      41    38    1.95    +++   -3    
6.86    8.25___19:25:34 80      41    39    1.95    +++   -2    
7.36    8.25___19:26:0  81      41    40    1.95    +++   -1    
1.02    8.25___19:26:12 82      42    40    1.95    ---   -2    
1.37    8.25___19:26:26 83      43    40    1.95    ---   -3    
1.26    8.25___19:26:40 84      44    40    1.95    ---   -4    
1.95    8.25___19:26:56 85      45    40    1.95    ---   -5    
3.87    8.25___19:27:18 86      45    41    1.95    +++   -4    
20.14   8.25___19:27:56 87      45    42    1.95    +++   -3    
9.94    8.25___19:28:25 88      45    43    1.95    +++   -2    
1       8.25___19:28:36 89      46    43    1.95    ---   -3    
1.72    8.25___19:28:52 90      47    43    1.95    ---   -4    
4.28    8.25___19:29:14 91      47    44    1.95    +++   -3    
3.38    8.25___19:29:34 92      47    45    1.95    +++   -2    
1.25    8.25___19:29:48 93      48    45    1.95    ---   -3    
1.2     8.25___19:30:1  94      49    45    1.95    ---   -4    
1.6     8.25___19:30:17 95      50    45    1.95    ---   -5    
1.65    8.25___19:30:33 96      51    45    1.95    ---   -6    
1.57    8.25___19:30:48 97      52    45    1.95    ---   -7    
3.13    8.25___19:31:8  98      52    46    1.95    +++   -6    
1.16    8.25___19:31:21 99      53    46    1.95    ---   -7    
9.24    8.25___19:31:50 100     53    47    1.95    +++   -6    
29.72   8.25___19:32:34 101     53    48    1.95    +++   -5    
8.47    8.25___19:33:2  102     53    49    1.95    +++   -4    
1.01    8.25___19:33:13 103     54    49    1.95    ---   -5    
1.28    8.25___19:33:27 104     55    49    1.95    ---   -6    
9.36    8.25___19:33:56 105     55    50    1.95    +++   -5    
4.46    8.25___19:34:18 106     55    51    1.95    +++   -4    
1.09    8.25___19:34:31 107     56    51    1.95    ---   -5    
1.26    8.25___19:34:44 108     57    51    1.95    ---   -6    
4.92    8.25___19:35:7  109     57    52    1.95    +++   -5    
1.27    8.25___19:35:21 110     58    52    1.95    ---   -6    
1       8.25___19:35:32 111     59    52    1.95    ---   -7    
1.83    8.25___19:35:48 112     60    52    1.94    ---   -8    
1.53    8.25___19:36:3  113     61    52    1.94    ---   -9    
5.13    8.25___19:36:27 114     61    53    1.94    +++   -8    
1.34    8.25___19:36:41 115     62    53    1.94    ---   -9    
4.93    8.25___19:37:4  116     62    54    1.94    +++   -8    
3.72    8.25___19:37:25 117     62    55    1.95    +++   -7    
1.56    8.25___19:37:40 118     63    55    1.94    ---   -8    
1.2     8.25___19:37:54 119     64    55    1.94    ---   -9    
1.55    8.25___19:38:9  120     65    55    1.94    ---   -10   
20.25   8.25___19:38:47 121     65    56    1.94    +++   -9    
1.02    8.25___19:38:59 122     66    56    1.94    ---   -10   
2.48    8.25___19:39:17 123     66    57    1.94    +++   -9    
1       8.25___19:39:28 124     67    57    1.94    ---   -10   
2.53    8.25___19:39:46 125     67    58    1.94    +++   -9    
1.24    8.25___19:40:0  126     68    58    1.94    ---   -10   
1.65    8.25___19:40:15 127     69    58    1.94    ---   -11   
5.07    8.25___19:40:39 128     69    59    1.94    +++   -10   
2.49    8.25___19:40:57 129     69    60    1.94    +++   -9    
1.13    8.25___19:41:10 130     70    60    1.94    ---   -10   
1.43    8.25___19:41:25 131     71    60    1.94    ---   -11   
3.63    8.25___19:41:45 132     71    61    1.94    +++   -10   
1.74    8.25___19:42:1  133     72    61    1.94    ---   -11   
1.89    8.25___19:42:18 134     73    61    1.93    ---   -12   
1.64    8.25___19:42:34 135     74    61    1.93    ---   -13   
1       8.25___19:42:44 136     75    61    1.93    ---   -14   
1.52    8.25___19:42:59 137     76    61    1.93    ---   -15   
3.47    8.25___19:43:20 138     76    62    1.93    +++   -14   
7.56    8.25___19:43:47 139     76    63    1.93    +++   -13   
1.23    8.25___19:44:0  140     77    63    1.93    ---   -14   
2.49    8.25___19:44:18 141     77    64    1.93    +++   -13   
1.02    8.25___19:44:30 142     78    64    1.93    ---   -14   
7.7     8.25___19:44:57 143     78    65    1.93    +++   -13   
19.92   8.25___19:45:35 144     78    66    1.93    +++   -12   
13.88   8.25___19:46:8  145     78    67    1.94    +++   -11   
1.39    8.25___19:46:23 146     79    67    1.93    ---   -12   
1.32    8.25___19:47:4  147     80    67    1.93    ---   -13   
10.46   8.25___19:47:34 148     80    68    1.93    +++   -12   
1.51    8.25___19:47:49 149     81    68    1.93    ---   -13   
2.62    8.25___19:48:7  150     81    69    1.93    +++   -12   
1.67    8.25___19:48:23 151     82    69    1.93    ---   -13   
1.31    8.25___19:48:37 152     83    69    1.93    ---   -14   
1.25    8.25___19:48:51 153     84    69    1.93    ---   -15   
1.02    8.25___19:49:2  154     85    69    1.93    ---   -16   
1.32    8.25___19:49:17 155     86    69    1.93    ---   -17   
1.92    8.25___19:49:33 156     87    69    1.93    ---   -18   
31.6    8.25___19:50:19 157     87    70    1.93    +++   -17   
6.29    8.25___19:50:44 158     87    71    1.93    +++   -16   
2.18    8.25___19:51:1  159     87    72    1.93    +++   -15   
16.03   8.25___19:51:36 160     87    73    1.93    +++   -14   
2.55    8.25___19:51:55 161     87    74    1.93    +++   -13   
1.13    8.25___19:52:8  162     88    74    1.93    ---   -14   
5.78    8.25___19:52:32 163     88    75    1.93    +++   -13   
1.15    8.25___19:52:45 164     89    75    1.93    ---   -14   
1.2     8.25___19:52:58 165     90    75    1.93    ---   -15   
2.83    8.25___19:53:18 166     90    76    1.93    +++   -14   
19.56   8.25___19:53:55 167     90    77    1.93    +++   -13   
5.48    8.25___19:54:19 168     90    78    1.93    +++   -12   
1.55    8.25___19:54:35 169     91    78    1.93    ---   -13   
1.33    8.25___19:54:49 170     92    78    1.93    ---   -14   
1.27    8.25___19:55:3  171     93    78    1.93    ---   -15   
4.47    8.25___19:55:25 172     93    79    1.93    +++   -14   
1.23    8.25___19:55:55 173     94    79    1.93    ---   -15   
1.16    8.25___19:56:8  174     95    79    1.93    ---   -16   
1.45    8.25___19:56:23 175     96    79    1.93    ---   -17   
1.07    8.25___19:56:35 176     97    79    1.93    ---   -18   
1.07    8.25___19:56:47 177     98    79    1.93    ---   -19   
1.11    8.25___19:57:0  178     99    79    1.93    ---   -20   
2.24    8.25___19:57:18 179     99    80    1.93    +++   -19   
1.32    8.25___19:57:32 180     100   80    1.93    ---   -20   
4.21    8.25___19:57:54 181     100   81    1.93    +++   -19   
1.08    8.25___19:58:6  182     101   81    1.93    ---   -20   
1.61    8.25___19:58:22 183     102   81    1.93    ---   -21   
1.09    8.25___19:58:34 184     103   81    1.93    ---   -22   
6.57    8.25___19:59:0  185     103   82    1.93    +++   -21   
1.02    8.25___19:59:11 186     104   82    1.93    ---   -22   
1.21    8.25___19:59:25 187     105   82    1.93    ---   -23   
