9.69    8.25___12:13:11 1       0     1     9.69    +++   1     
1.48    8.25___12:13:26 2       1     1     5.58    ---   0     
1.39    8.25___12:13:40 3       2     1     1.48    ---   -1    
1.09    8.25___12:13:53 4       3     1     1.43    ---   -2    
1.21    8.25___12:14:6  5       4     1     1.39    ---   -3    
27.25   8.25___12:14:49 6       4     2     1.43    +++   -2    
1.97    8.25___12:15:6  7       5     2     1.48    ---   -3    
1.28    8.25___12:15:20 8       6     2     1.43    ---   -4    
1.61    8.25___12:15:35 9       7     2     1.48    ---   -5    
5.01    8.25___12:15:58 10      7     3     1.54    +++   -4    
1.09    8.25___12:16:11 11      8     3     1.48    ---   -5    
1.08    8.25___12:16:23 12      9     3     1.43    ---   -6    
2.04    8.25___12:16:40 13      9     4     1.48    +++   -5    
1.46    8.25___12:16:55 14      10    4     1.47    ---   -6    
1.34    8.25___12:17:9  15      11    4     1.46    ---   -7    
1.05    8.25___12:17:21 16      12    4     1.42    ---   -8    
11.01   8.25___12:17:52 17      12    5     1.46    +++   -7    
5.17    8.25___12:18:15 18      12    6     1.47    +++   -6    
2.59    8.25___12:18:34 19      12    7     1.48    +++   -5    
1.64    8.25___12:18:49 20      13    7     1.54    ---   -6    
3.18    8.25___12:20:12 21      13    8     1.61    +++   -5    
14.28   8.25___12:20:45 22      13    9     1.62    +++   -4    
3.79    8.25___12:21:6  23      13    10    1.64    +++   -3    
1.02    8.25___12:21:18 24      14    10    1.62    ---   -4    
2.83    8.25___12:21:37 25      14    11    1.64    +++   -3    
2.82    8.25___12:21:56 26      14    12    1.8     +++   -2    
3.45    8.25___12:22:16 27      14    13    1.97    +++   -1    
1.15    8.25___12:22:29 28      15    13    1.8     ---   -2    
1.23    8.25___12:22:43 29      16    13    1.64    ---   -3    
1.65    8.25___12:22:59 30      17    13    1.64    ---   -4    
3.73    8.25___12:23:20 31      17    14    1.65    +++   -3    
2.09    8.25___12:23:37 32      17    15    1.81    +++   -2    
3.65    8.25___12:23:58 33      17    16    1.97    +++   -1    
4.31    8.25___12:24:20 34      17    17    2       +++   0     
1.35    8.25___12:24:34 35      18    17    1.97    ---   -1    
1       8.25___12:24:45 36      19    17    1.81    ---   -2    
1.03    8.25___12:24:56 37      20    17    1.65    ---   -3    
9.87    8.25___12:25:26 38      20    18    1.81    +++   -2    
2.82    8.25___12:25:45 39      20    19    1.97    +++   -1    
8.48    8.25___12:26:13 40      20    20    2       +++   0     
1.03    8.25___12:26:25 41      21    20    1.97    ---   -1    
1.07    8.25___12:26:37 42      22    20    1.81    ---   -2    
1.9     8.25___12:26:53 43      23    20    1.9     ---   -3    
2.13    8.25___12:27:11 44      23    21    1.93    +++   -2    
7.3     8.25___12:27:37 45      23    22    1.97    +++   -1    
11.97   8.25___12:28:8  46      23    23    2       +++   0     
3       8.25___12:28:28 47      23    24    2.04    +++   1     
1.36    8.25___12:28:42 48      24    24    2       ---   0     
1       8.25___12:28:53 49      25    24    1.97    ---   -1    
3.22    8.25___12:29:13 50      25    25    2       +++   0     
4.45    8.25___12:29:35 51      25    26    2.04    +++   1     
5.37    8.25___12:29:59 52      25    27    2.06    +++   2     
6.48    8.25___12:30:24 53      25    28    2.09    +++   3     
1.69    8.25___12:30:40 54      26    28    2.06    ---   2     
1.17    8.25___12:30:53 55      27    28    2.04    ---   1     
1.05    8.25___12:31:5  56      28    28    2       ---   0     
1.11    8.25___12:31:18 57      29    28    1.97    ---   -1    
1.59    8.25___12:31:33 58      30    28    1.93    ---   -2    
3.69    8.25___12:31:54 59      30    29    1.97    +++   -1    
1.95    8.25___12:32:11 60      31    29    1.96    ---   -2    
1.3     8.25___12:32:25 61      32    29    1.95    ---   -3    
1.68    8.25___12:32:40 62      33    29    1.92    ---   -4    
6.58    8.25___12:33:6  63      33    30    1.95    +++   -3    
1.53    8.25___12:33:21 64      34    30    1.92    ---   -4    
1.12    8.25___12:33:34 65      35    30    1.9     ---   -5    
1.58    8.25___12:33:49 66      36    30    1.79    ---   -6    
3.72    8.25___12:34:10 67      36    31    1.9     +++   -5    
1.24    8.25___12:34:24 68      37    31    1.79    ---   -6    
4.07    8.25___12:34:45 69      37    32    1.9     +++   -5    
2.5     8.25___12:35:4  70      37    33    1.92    +++   -4    
1.03    8.25___12:35:15 71      38    33    1.9     ---   -5    
1.02    8.25___12:35:27 72      39    33    1.79    ---   -6    
1.19    8.25___12:35:40 73      40    33    1.69    ---   -7    
1.47    8.25___12:35:55 74      41    33    1.68    ---   -8    
2.27    8.25___12:36:13 75      41    34    1.69    +++   -7    
1.05    8.25___12:36:25 76      42    34    1.68    ---   -8    
1.34    8.25___12:36:39 77      43    34    1.68    ---   -9    
2.7     8.25___12:36:58 78      43    35    1.68    +++   -8    
4.08    8.25___12:37:19 79      43    36    1.69    +++   -7    
4.81    8.25___12:37:42 80      43    37    1.79    +++   -6    
3.15    8.25___12:38:2  81      43    38    1.9     +++   -5    
1.14    8.25___12:38:15 82      44    38    1.79    ---   -6    
3.18    8.25___12:38:35 83      44    39    1.9     +++   -5    
3.1     8.25___12:38:54 84      44    40    1.92    +++   -4    
2.98    8.25___12:39:14 85      44    41    1.95    +++   -3    
6.97    8.25___12:39:40 86      44    42    1.96    +++   -2    
23.1    8.25___12:40:20 87      44    43    1.97    +++   -1    
1       8.25___12:40:31 88      45    43    1.96    ---   -2    
1.15    8.25___12:40:44 89      46    43    1.95    ---   -3    
1.98    8.25___12:41:0  90      47    43    1.96    ---   -4    
1.15    8.25___12:41:13 91      48    43    1.95    ---   -5    
1.3     8.25___12:41:27 92      49    43    1.92    ---   -6    
1.61    8.25___12:41:43 93      50    43    1.9     ---   -7    
1.26    8.25___12:41:57 94      51    43    1.79    ---   -8    
3.83    8.25___12:42:18 95      51    44    1.9     +++   -7    
3.77    8.25___12:42:39 96      51    45    1.92    +++   -6    
1.49    8.25___12:42:54 97      52    45    1.9     ---   -7    
1.22    8.25___12:43:7  98      53    45    1.79    ---   -8    
1.9     8.25___12:43:24 99      54    45    1.9     ---   -9    
1.12    8.25___12:43:37 100     55    45    1.79    ---   -10   
2.95    8.25___12:43:56 101     55    46    1.9     +++   -9    
9.3     8.25___12:44:25 102     55    47    1.9     +++   -8    
2.25    8.25___12:44:42 103     55    48    1.9     +++   -7    
1.84    8.25___12:44:59 104     56    48    1.9     ---   -8    
33.05   8.25___12:45:45 105     56    49    1.9     +++   -7    
3.24    8.25___12:46:5  106     56    50    1.92    +++   -6    
1.93    8.25___12:46:22 107     57    50    1.93    ---   -7    
3.72    8.25___12:46:43 108     57    51    1.94    +++   -6    
1.67    8.25___12:46:58 109     58    51    1.93    ---   -7    
2.73    8.25___12:47:17 110     58    52    1.94    +++   -6    
20.87   8.25___12:47:56 111     58    53    1.95    +++   -5    
11.78   8.25___12:48:27 112     58    54    1.96    +++   -4    
3.41    8.25___12:48:48 113     58    55    1.97    +++   -3    
2.11    8.25___12:49:5  114     58    56    1.97    +++   -2    
2.94    8.25___12:49:24 115     58    57    1.98    +++   -1    
1.51    8.25___12:49:39 116     59    57    1.97    ---   -2    
3.52    8.25___12:50:0  117     59    58    1.98    +++   -1    
4.03    8.25___12:50:21 118     59    59    2       +++   0     
2.44    8.25___12:50:40 119     59    60    2.04    +++   1     
1.11    8.25___12:50:52 120     60    60    2       ---   0     
1.46    8.25___12:51:7  121     61    60    1.98    ---   -1    
3.16    8.25___12:51:27 122     61    61    2       +++   0     
3.95    8.25___12:51:48 123     61    62    2.04    +++   1     
13.88   8.25___12:52:21 124     61    63    2.06    +++   2     
1.71    8.25___12:52:37 125     62    63    2.04    ---   1     
1.98    8.25___12:52:54 126     63    63    2       ---   0     
1.11    8.25___12:53:7  127     64    63    1.98    ---   -1    
1.93    8.25___12:53:23 128     65    63    1.98    ---   -2    
2.21    8.25___12:53:41 129     65    64    1.98    +++   -1    
17.34   8.25___12:54:17 130     65    65    2       +++   0     
3.64    8.25___12:54:38 131     65    66    2.04    +++   1     
2       8.25___12:54:55 132     65    67    2.02    +++   2     
11.51   8.25___12:55:26 133     65    68    2.04    +++   3     
3.55    8.25___12:55:46 134     65    69    2.06    +++   4     
1.61    8.25___12:56:2  135     66    69    2.04    ---   3     
4.59    8.25___12:56:24 136     66    70    2.06    +++   4     
13.53   8.25___12:56:57 137     66    71    2.09    +++   5     
3.25    8.25___12:57:17 138     66    72    2.09    +++   6     
19.92   8.25___12:57:55 139     66    73    2.11    +++   7     
1.98    8.25___12:58:12 140     67    73    2.09    ---   6     
2.77    8.25___12:58:31 141     67    74    2.11    +++   7     
1.68    8.25___12:58:47 142     68    74    2.09    ---   6     
2.16    8.25___12:59:4  143     68    75    2.11    +++   7     
2.04    8.25___12:59:21 144     68    76    2.09    +++   8     
1.95    8.25___12:59:38 145     69    76    2.09    ---   7     
2.7     8.25___12:59:57 146     69    77    2.09    +++   8     
