8.05    8.25___18:0:17  1       0     1     1.93    +++   1     
2.31    8.25___18:0:35  2       0     2     1.93    +++   2     
1       8.25___18:0:45  3       1     2     1.93    ---   1     
3.97    8.25___18:1:7   4       1     3     1.93    +++   2     
1       8.25___18:1:17  5       2     3     1.93    ---   1     
2.6     8.25___18:1:36  6       2     4     1.93    +++   2     
1.87    8.25___18:1:52  7       3     4     1.93    ---   1     
1.09    8.25___18:2:5   8       4     4     1.93    ---   0     
1.53    8.25___18:2:20  9       5     4     1.93    ---   -1    
1.72    8.25___18:2:36  10      6     4     1.93    ---   -2    
1.14    8.25___18:2:49  11      7     4     1.93    ---   -3    
7.16    8.25___18:3:15  12      7     5     1.93    +++   -2    
2.24    8.25___18:3:33  13      7     6     1.93    +++   -1    
1.51    8.25___18:3:48  14      8     6     1.93    ---   -2    
1       8.25___18:3:58  15      9     6     1.93    ---   -3    
1.71    8.25___18:4:14  16      10    6     1.93    ---   -4    
2.95    8.25___18:4:34  17      10    7     1.93    +++   -3    
1.44    8.25___18:4:48  18      11    7     1.93    ---   -4    
2.79    8.25___18:5:7   19      11    8     1.93    +++   -3    
3.4     8.25___18:5:28  20      11    9     1.93    +++   -2    
1.11    8.25___18:5:40  21      12    9     1.93    ---   -3    
1.13    8.25___18:5:53  22      13    9     1.93    ---   -4    
21.17   8.25___18:6:32  23      13    10    1.93    +++   -3    
1.06    8.25___18:6:44  24      14    10    1.93    ---   -4    
2.62    8.25___18:7:3   25      14    11    1.93    +++   -3    
1.61    8.25___18:7:18  26      15    11    1.93    ---   -4    
1.05    8.25___18:7:30  27      16    11    1.93    ---   -5    
5.31    8.25___18:8:11  28      16    12    1.93    +++   -4    
6.92    8.25___18:8:37  29      16    13    1.93    +++   -3    
1.52    8.25___18:8:52  30      17    13    1.93    ---   -4    
2.86    8.25___18:9:11  31      17    14    1.93    +++   -3    
2       8.25___18:9:28  32      17    15    1.93    +++   -2    
1.55    8.25___18:9:43  33      18    15    1.93    ---   -3    
1.28    8.25___18:9:57  34      19    15    1.93    ---   -4    
7.63    8.25___18:10:24 35      19    16    1.93    +++   -3    
1.79    8.25___18:10:40 36      20    16    1.93    ---   -4    
4.19    8.25___18:11:2  37      20    17    1.93    +++   -3    
3.6     8.25___18:11:23 38      20    18    1.93    +++   -2    
1.93    8.25___18:11:40 39      21    18    1.93    ---   -3    
1.59    8.25___18:11:55 40      22    18    1.93    ---   -4    
1.69    8.25___18:12:11 41      23    18    1.93    ---   -5    
7.78    8.25___18:12:38 42      23    19    1.93    +++   -4    
1.69    8.25___18:12:54 43      24    19    1.93    ---   -5    
7.94    8.25___18:13:21 44      24    20    1.93    +++   -4    
1.25    8.25___18:13:35 45      25    20    1.93    ---   -5    
1.08    8.25___18:13:47 46      26    20    1.93    ---   -6    
1.7     8.25___18:14:3  47      27    20    1.93    ---   -7    
3.64    8.25___18:14:24 48      27    21    1.93    +++   -6    
2.64    8.25___18:14:42 49      27    22    1.93    +++   -5    
1.39    8.25___18:14:57 50      28    22    1.93    ---   -6    
1.8     8.25___18:15:13 51      29    22    1.93    ---   -7    
3.8     8.25___18:15:34 52      29    23    1.93    +++   -6    
1.43    8.25___18:15:49 53      30    23    1.93    ---   -7    
10.38   8.25___18:16:19 54      30    24    1.93    +++   -6    
1.35    8.25___18:16:33 55      31    24    1.93    ---   -7    
4.5     8.25___18:16:55 56      31    25    1.93    +++   -6    
1.09    8.25___18:17:8  57      32    25    1.93    ---   -7    
6.04    8.25___18:17:33 58      32    26    1.93    +++   -6    
1.34    8.25___18:17:47 59      33    26    1.93    ---   -7    
2.35    8.25___18:18:5  60      33    27    1.93    +++   -6    
2.27    8.25___18:18:23 61      33    28    1.93    +++   -5    
1.85    8.25___18:18:39 62      34    28    1.93    ---   -6    
18.51   8.25___18:19:16 63      34    29    1.93    +++   -5    
2.17    8.25___18:19:33 64      34    30    1.93    +++   -4    
1.1     8.25___18:19:46 65      35    30    1.93    ---   -5    
1.72    8.25___18:20:2  66      36    30    1.93    ---   -6    
1.12    8.25___18:20:15 67      37    30    1.93    ---   -7    
5.49    8.25___18:20:38 68      37    31    1.93    +++   -6    
2.02    8.25___18:20:55 69      37    32    1.93    +++   -5    
2.69    8.25___18:21:14 70      37    33    1.93    +++   -4    
1.18    8.25___18:21:27 71      38    33    1.93    ---   -5    
1.02    8.25___18:21:39 72      39    33    1.93    ---   -6    
5.45    8.25___18:22:3  73      39    34    1.93    +++   -5    
2.11    8.25___18:22:20 74      39    35    1.93    +++   -4    
1.14    8.25___18:22:33 75      40    35    1.93    ---   -5    
3.43    8.25___18:22:53 76      40    36    1.93    +++   -4    
7.18    8.25___18:23:20 77      40    37    1.93    +++   -3    
1.09    8.25___18:23:32 78      41    37    1.93    ---   -4    
6.16    8.25___18:23:57 79      41    38    1.93    +++   -3    
1.08    8.25___18:24:9  80      42    38    1.93    ---   -4    
4.75    8.25___18:24:32 81      42    39    1.93    +++   -3    
1.03    8.25___18:24:44 82      43    39    1.93    ---   -4    
1.29    8.25___18:24:58 83      44    39    1.93    ---   -5    
1.66    8.25___18:25:13 84      45    39    1.93    ---   -6    
1.24    8.25___18:25:27 85      46    39    1.93    ---   -7    
1.14    8.25___18:25:40 86      47    39    1.93    ---   -8    
1.37    8.25___18:25:54 87      48    39    1.93    ---   -9    
5.66    8.25___18:26:19 88      48    40    1.93    +++   -8    
21.34   8.25___18:26:58 89      48    41    1.93    +++   -7    
3.03    8.25___18:27:17 90      48    42    1.93    +++   -6    
9.22    8.25___18:27:46 91      48    43    1.93    +++   -5    
2.22    8.25___18:28:3  92      48    44    1.93    +++   -4    
2.74    8.25___18:28:23 93      48    45    1.93    +++   -3    
1.2     8.25___18:28:36 94      49    45    1.93    ---   -4    
1.51    8.25___18:28:51 95      50    45    1.93    ---   -5    
9.56    8.25___18:29:20 96      50    46    1.93    +++   -4    
1.55    8.25___18:29:35 97      51    46    1.93    ---   -5    
7.97    8.25___18:30:2  98      51    47    1.93    +++   -4    
3.47    8.25___18:30:23 99      51    48    1.93    +++   -3    
2.53    8.25___18:30:41 100     51    49    1.93    +++   -2    
4.86    8.25___18:31:4  101     51    50    1.93    +++   -1    
1.31    8.25___18:31:18 102     52    50    1.93    ---   -2    
2.88    8.25___18:31:38 103     52    51    1.93    +++   -1    
1.67    8.25___18:31:53 104     53    51    1.93    ---   -2    
2.1     8.25___18:32:10 105     53    52    1.93    +++   -1    
25.47   8.25___18:32:52 106     53    53    1.93    +++   0     
10.6    8.25___18:33:22 107     53    54    1.93    +++   1     
8.54    8.25___18:33:50 108     53    55    1.93    +++   2     
1.23    8.25___18:34:4  109     54    55    1.93    ---   1     
3.03    8.25___18:34:24 110     54    56    1.93    +++   2     
2.67    8.25___18:34:42 111     54    57    1.93    +++   3     
1.86    8.25___18:34:59 112     55    57    1.93    ---   2     
1.52    8.25___18:35:14 113     56    57    1.93    ---   1     
1.55    8.25___18:35:52 114     57    57    1.93    ---   0     
2.47    8.25___18:36:10 115     57    58    1.93    +++   1     
3.54    8.25___18:36:31 116     57    59    1.93    +++   2     
1.39    8.25___18:36:45 117     58    59    1.93    ---   1     
1       8.25___18:36:56 118     59    59    1.93    ---   0     
1.04    8.25___18:37:8  119     60    59    1.93    ---   -1    
5.6     8.25___18:37:32 120     60    60    1.93    +++   0     
3.2     8.25___18:37:52 121     60    61    1.93    +++   1     
1.07    8.25___18:38:4  122     61    61    1.93    ---   0     
1.85    8.25___18:38:21 123     62    61    1.93    ---   -1    
2.46    8.25___18:38:39 124     62    62    1.93    +++   0     
3.75    8.25___18:39:0  125     62    63    1.93    +++   1     
1.39    8.25___18:39:14 126     63    63    1.93    ---   0     
5.47    8.25___18:39:38 127     63    64    1.93    +++   1     
4       8.25___18:40:0  128     63    65    1.93    +++   2     
3.65    8.25___18:40:21 129     63    66    1.93    +++   3     
1.2     8.25___18:40:34 130     64    66    1.93    ---   2     
1       8.25___18:40:45 131     65    66    1.93    ---   1     
1.79    8.25___18:41:1  132     66    66    1.93    ---   0     
1       8.25___18:41:11 133     67    66    1.93    ---   -1    
1.06    8.25___18:41:23 134     68    66    1.93    ---   -2    
1.46    8.25___18:41:38 135     69    66    1.93    ---   -3    
1.41    8.25___18:41:53 136     70    66    1.93    ---   -4    
1.14    8.25___18:42:6  137     71    66    1.93    ---   -5    
3.09    8.25___18:42:26 138     71    67    1.93    +++   -4    
8.18    8.25___18:42:53 139     71    68    1.93    +++   -3    
4.12    8.25___18:43:15 140     71    69    1.93    +++   -2    
7.96    8.25___18:43:42 141     71    70    1.93    +++   -1    
1.58    8.25___18:43:57 142     72    70    1.93    ---   -2    
6.65    8.25___18:44:23 143     72    71    1.93    +++   -1    
1.21    8.25___18:44:36 144     73    71    1.93    ---   -2    
2.98    8.25___18:44:56 145     73    72    1.93    +++   -1    
1.72    8.25___18:45:12 146     74    72    1.93    ---   -2    
6.2     8.25___18:45:37 147     74    73    1.93    +++   -1    
4.7     8.25___18:45:59 148     74    74    1.93    +++   0     
1.97    8.25___18:46:16 149     75    74    1.93    ---   -1    
3.18    8.25___18:46:36 150     75    75    1.93    +++   0     
1.23    8.25___18:46:50 151     76    75    1.93    ---   -1    
16.61   8.25___18:47:25 152     76    76    1.93    +++   0     
5.97    8.25___18:47:50 153     76    77    1.93    +++   1     
1.39    8.25___18:48:4  154     77    77    1.93    ---   0     
3.78    8.25___18:48:26 155     77    78    1.93    +++   1     
3.36    8.25___18:48:46 156     77    79    1.94    +++   2     
1.03    8.25___18:48:57 157     78    79    1.93    ---   1     
1.96    8.25___18:49:14 158     79    79    1.94    ---   0     
1.72    8.25___18:49:30 159     80    79    1.93    ---   -1    
2.4     8.25___18:49:48 160     80    80    1.94    +++   0     
1.95    8.25___18:50:5  161     81    80    1.94    ---   -1    
1       8.25___18:50:16 162     82    80    1.94    ---   -2    
24.63   8.25___18:50:57 163     82    81    1.94    +++   -1    
2.67    8.25___18:51:16 164     82    82    1.95    +++   0     
2.11    8.25___18:51:33 165     82    83    1.95    +++   1     
2.6     8.25___18:51:51 166     82    84    1.95    +++   2     
1.37    8.25___18:52:6  167     83    84    1.95    ---   1     
21.03   8.25___18:52:45 168     83    85    1.95    +++   2     
2.24    8.25___18:53:2  169     83    86    1.95    +++   3     
1.27    8.25___18:53:16 170     84    86    1.95    ---   2     
1.28    8.25___18:53:30 171     85    86    1.95    ---   1     
29.5    8.25___18:54:14 172     85    87    1.95    +++   2     
2.34    8.25___18:54:32 173     85    88    1.95    +++   3     
1.3     8.25___18:54:46 174     86    88    1.95    ---   2     
5.08    8.25___18:55:9  175     86    89    1.95    +++   3     
1.15    8.25___18:55:23 176     87    89    1.95    ---   2     
16.38   8.25___18:55:58 177     87    90    1.95    +++   3     
1.75    8.25___18:56:14 178     88    90    1.95    ---   2     
2.41    8.25___18:56:32 179     88    91    1.95    +++   3     
3.85    8.25___18:56:53 180     88    92    1.95    +++   4     
5.56    8.25___18:57:17 181     88    93    1.95    +++   5     
1.6     8.25___18:57:33 182     89    93    1.95    ---   4     
1.52    8.25___18:57:48 183     90    93    1.95    ---   3     
1.08    8.25___18:58:0  184     91    93    1.95    ---   2     
3.28    8.25___18:58:20 185     91    94    1.95    +++   3     
2.57    8.25___18:58:39 186     91    95    1.95    +++   4     
13.86   8.25___18:59:12 187     91    96    1.95    +++   5     
3.64    8.25___18:59:33 188     91    97    1.95    +++   6     
1.53    8.25___18:59:48 189     92    97    1.95    ---   5     
