1.62    8.25___13:0:12  1       1     0     2.09    ---   -1    
1.88    8.25___13:0:29  2       2     0     2.06    ---   -2    
2.91    8.25___13:0:48  3       2     1     2.09    +++   -1    
1.5     8.25___13:1:3   4       3     1     2.06    ---   -2    
6.8     8.25___13:1:29  5       3     2     2.09    +++   -1    
1.05    8.25___13:1:41  6       4     2     2.06    ---   -2    
15.24   8.25___13:2:15  7       4     3     2.09    +++   -1    
1.55    8.25___13:2:31  8       5     3     2.06    ---   -2    
1.38    8.25___13:2:45  9       6     3     2.04    ---   -3    
2.62    8.25___13:3:4   10      6     4     2.06    +++   -2    
1.1     8.25___13:3:16  11      7     4     2.04    ---   -3    
1.15    8.25___13:3:29  12      8     4     2.04    ---   -4    
1.88    8.25___13:3:46  13      9     4     2.04    ---   -5    
2.06    8.25___13:4:3   14      9     5     2.04    +++   -4    
22.12   8.25___13:4:42  15      9     6     2.04    +++   -3    
1.15    8.25___13:4:55  16      10    6     2.04    ---   -4    
1.11    8.25___13:5:8   17      11    6     2.04    ---   -5    
2.48    8.25___13:5:26  18      11    7     2.04    +++   -4    
4.75    8.25___13:5:49  19      11    8     2.04    +++   -3    
1.75    8.25___13:6:5   20      12    8     2.04    ---   -4    
4.88    8.25___13:6:28  21      12    9     2.04    +++   -3    
1.19    8.25___13:6:41  22      13    9     2.04    ---   -4    
1.01    8.25___13:6:53  23      14    9     2.04    ---   -5    
2.45    8.25___13:7:11  24      14    10    2.04    +++   -4    
19.55   8.25___13:7:49  25      14    11    2.04    +++   -3    
33.34   8.25___13:8:35  26      14    12    2.04    +++   -2    
1.28    8.25___13:8:49  27      15    12    2.04    ---   -3    
3.1     8.25___13:9:9   28      15    13    2.04    +++   -2    
1.53    8.25___13:9:24  29      16    13    2.04    ---   -3    
3.74    8.25___13:9:45  30      16    14    2.04    +++   -2    
4.62    8.25___13:10:7  31      16    15    2.06    +++   -1    
1.73    8.25___13:10:23 32      17    15    2.04    ---   -2    
1.06    8.25___13:10:35 33      18    15    2.04    ---   -3    
1.15    8.25___13:10:48 34      19    15    2.04    ---   -4    
1.77    8.25___13:11:5  35      20    15    2.04    ---   -5    
1       8.25___13:11:15 36      21    15    2.02    ---   -6    
1.4     8.25___13:11:30 37      22    15    2       ---   -7    
1.02    8.25___13:11:41 38      23    15    1.99    ---   -8    
3.11    8.25___13:12:1  39      23    16    2       +++   -7    
1.91    8.25___13:12:17 40      24    16    1.99    ---   -8    
1       8.25___13:12:28 41      25    16    1.98    ---   -9    
2.2     8.25___13:12:46 42      25    17    1.99    +++   -8    
1.22    8.25___13:12:59 43      26    17    1.98    ---   -9    
1.06    8.25___13:13:11 44      27    17    1.98    ---   -10   
1.78    8.25___13:13:27 45      28    17    1.98    ---   -11   
4.09    8.25___13:13:49 46      28    18    1.98    +++   -10   
3.07    8.25___13:14:9  47      28    19    1.98    +++   -9    
1.97    8.25___13:14:25 48      29    19    1.98    ---   -10   
1.08    8.25___13:14:38 49      30    19    1.98    ---   -11   
5.71    8.25___13:15:2  50      30    20    1.98    +++   -10   
2.61    8.25___13:15:20 51      30    21    1.98    +++   -9    
1.1     8.25___13:15:33 52      31    21    1.98    ---   -10   
1.09    8.25___13:15:45 53      32    21    1.98    ---   -11   
1.8     8.25___13:16:2  54      33    21    1.98    ---   -12   
4.97    8.25___13:16:25 55      33    22    1.98    +++   -11   
1       8.25___13:16:35 56      34    22    1.98    ---   -12   
3.4     8.25___13:16:56 57      34    23    1.98    +++   -11   
1.38    8.25___13:17:10 58      35    23    1.98    ---   -12   
6.63    8.25___13:17:36 59      35    24    1.98    +++   -11   
2.47    8.25___13:17:54 60      35    25    1.98    +++   -10   
1.29    8.25___13:18:8  61      36    25    1.98    ---   -11   
1.36    8.25___13:18:22 62      37    25    1.98    ---   -12   
4.63    8.25___13:18:45 63      37    26    1.98    +++   -11   
2.74    8.25___13:19:4  64      37    27    1.98    +++   -10   
2.14    8.25___13:19:21 65      37    28    1.98    +++   -9    
5.92    8.25___13:19:46 66      37    29    1.99    +++   -8    
3.66    8.25___13:20:6  67      37    30    2       +++   -7    
1.29    8.25___13:20:20 68      38    30    1.99    ---   -8    
2.04    8.25___13:20:37 69      38    31    2       +++   -7    
3.09    8.25___13:20:57 70      38    32    2.02    +++   -6    
1.13    8.25___13:21:10 71      39    32    2       ---   -7    
1.12    8.25___13:21:23 72      40    32    1.99    ---   -8    
4.51    8.25___13:21:45 73      40    33    2       +++   -7    
4.4     8.25___13:22:7  74      40    34    2.02    +++   -6    
1.16    8.25___13:22:20 75      41    34    2       ---   -7    
1.44    8.25___13:22:35 76      42    34    1.99    ---   -8    
3.28    8.25___13:22:55 77      42    35    2       +++   -7    
1.54    8.25___13:23:10 78      43    35    1.99    ---   -8    
2.01    8.25___13:23:27 79      43    36    2       +++   -7    
2.8     8.25___13:23:46 80      43    37    2       +++   -6    
2.6     8.25___13:24:5  81      43    38    2       +++   -5    
2.17    8.25___13:24:22 82      43    39    2.02    +++   -4    
4.75    8.25___13:24:45 83      43    40    2.04    +++   -3    
20.49   8.25___13:25:23 84      43    41    2.04    +++   -2    
3.16    8.25___13:25:43 85      43    42    2.04    +++   -1    
2.18    8.25___13:26:1  86      43    43    2.04    +++   0     
2.04    8.25___13:26:18 87      43    44    2.04    +++   1     
3.76    8.25___13:26:39 88      43    45    2.04    +++   2     
1.3     8.25___13:26:53 89      44    45    2.04    ---   1     
1.03    8.25___13:27:4  90      45    45    2.04    ---   0     
1.83    8.25___13:27:21 91      46    45    2.04    ---   -1    
1.46    8.25___13:27:36 92      47    45    2.04    ---   -2    
14.3    8.25___13:28:9  93      47    46    2.04    +++   -1    
1       8.25___13:28:20 94      48    46    2.04    ---   -2    
1.09    8.25___13:28:32 95      49    46    2.04    ---   -3    
2.09    8.25___13:28:49 96      49    47    2.04    +++   -2    
1.33    8.25___13:29:4  97      50    47    2.04    ---   -3    
3.94    8.25___13:29:25 98      50    48    2.04    +++   -2    
1.67    8.25___13:29:41 99      51    48    2.04    ---   -3    
4.14    8.25___13:30:2  100     51    49    2.04    +++   -2    
16.52   8.25___13:30:38 101     51    50    2.04    +++   -1    
2.04    8.25___13:30:55 102     51    51    2.04    +++   0     
3.01    8.25___13:31:14 103     51    52    2.04    +++   1     
1.36    8.25___13:31:29 104     52    52    2.04    ---   0     
7.27    8.25___13:31:55 105     52    53    2.04    +++   1     
1.92    8.25___13:32:12 106     53    53    2.04    ---   0     
25.77   8.25___13:32:54 107     53    54    2.04    +++   1     
2.67    8.25___13:33:13 108     53    55    2.04    +++   2     
24.03   8.25___13:33:53 109     53    56    2.04    +++   3     
5.96    8.25___13:34:18 110     53    57    2.04    +++   4     
2.06    8.25___13:34:35 111     53    58    2.04    +++   5     
24.71   8.25___13:35:16 112     53    59    2.04    +++   6     
2.08    8.25___13:35:34 113     53    60    2.06    +++   7     
2.14    8.25___13:35:51 114     53    61    2.06    +++   8     
9.48    8.25___13:36:20 115     53    62    2.06    +++   9     
1.13    8.25___13:36:33 116     54    62    2.06    ---   8     
1.02    8.25___13:36:44 117     55    62    2.06    ---   7     
1       8.25___13:36:55 118     56    62    2.04    ---   6     
2.43    8.25___13:37:13 119     56    63    2.06    +++   7     
6.82    8.25___13:37:39 120     56    64    2.06    +++   8     
7.66    8.25___13:38:5  121     56    65    2.06    +++   9     
1.29    8.25___13:38:19 122     57    65    2.06    ---   8     
1.23    8.25___13:38:33 123     58    65    2.06    ---   7     
1.49    8.25___13:38:48 124     59    65    2.04    ---   6     
1.06    8.25___13:39:0  125     60    65    2.04    ---   5     
5.31    8.25___13:39:24 126     60    66    2.04    +++   6     
1.16    8.25___13:39:37 127     61    66    2.04    ---   5     
1       8.25___13:39:47 128     62    66    2.04    ---   4     
26.59   8.25___13:40:30 129     62    67    2.04    +++   5     
1.74    8.25___13:40:46 130     63    67    2.04    ---   4     
3.43    8.25___13:41:6  131     63    68    2.04    +++   5     
1.65    8.25___13:41:22 132     64    68    2.04    ---   4     
1.42    8.25___13:41:37 133     65    68    2.04    ---   3     
1.53    8.25___13:41:52 134     66    68    2.04    ---   2     
1.59    8.25___13:42:7  135     67    68    2.04    ---   1     
1.09    8.25___13:42:20 136     68    68    2.04    ---   0     
4.6     8.25___13:42:42 137     68    69    2.04    +++   1     
1.01    8.25___13:42:53 138     69    69    2.04    ---   0     
5.63    8.25___13:43:17 139     69    70    2.04    +++   1     
3.66    8.25___13:43:38 140     69    71    2.04    +++   2     
2.05    8.25___13:43:55 141     69    72    2.04    +++   3     
1.14    8.25___13:44:8  142     70    72    2.04    ---   2     
9.56    8.25___13:44:37 143     70    73    2.04    +++   3     
1.01    8.25___13:44:48 144     71    73    2.04    ---   2     
3.17    8.25___13:45:8  145     71    74    2.04    +++   3     
1.3     8.25___13:45:22 146     72    74    2.04    ---   2     
3.74    8.25___13:45:43 147     72    75    2.04    +++   3     
1.64    8.25___13:45:59 148     73    75    2.04    ---   2     
5.98    8.25___13:46:24 149     73    76    2.04    +++   3     
4.47    8.25___13:46:46 150     73    77    2.04    +++   4     
7.23    8.25___13:47:12 151     73    78    2.04    +++   5     
3.89    8.25___13:47:33 152     73    79    2.04    +++   6     
1.47    8.25___13:47:48 153     74    79    2.04    ---   5     
34.45   8.25___13:48:35 154     74    80    2.04    +++   6     
2.1     8.25___13:48:53 155     74    81    2.04    +++   7     
2.81    8.25___13:49:12 156     74    82    2.05    +++   8     
1       8.25___13:49:22 157     75    82    2.04    ---   7     
4.66    8.25___13:49:45 158     75    83    2.05    +++   8     
2.26    8.25___13:50:3  159     75    84    2.06    +++   9     
5.25    8.25___13:50:26 160     75    85    2.06    +++   10    
1.23    8.25___13:50:40 161     76    85    2.06    ---   9     
1.18    8.25___13:50:53 162     77    85    2.05    ---   8     
2.2     8.25___13:51:11 163     77    86    2.06    +++   9     
2.1     8.25___13:51:28 164     77    87    2.06    +++   10    
1.09    8.25___13:51:40 165     78    87    2.06    ---   9     
6.49    8.25___13:52:6  166     78    88    2.06    +++   10    
1.45    8.25___13:52:21 167     79    88    2.06    ---   9     
2.47    8.25___13:52:39 168     79    89    2.06    +++   10    
29.07   8.25___13:53:23 169     79    90    2.06    +++   11    
1.17    8.25___13:53:36 170     80    90    2.06    ---   10    
1.08    8.25___13:53:48 171     81    90    2.06    ---   9     
2.47    8.25___13:54:7  172     81    91    2.06    +++   10    
1.87    8.25___13:54:23 173     82    91    2.06    ---   9     
3.43    8.25___13:54:43 174     82    92    2.06    +++   10    
1.49    8.25___13:54:58 175     83    92    2.06    ---   9     
1.02    8.25___13:55:10 176     84    92    2.05    ---   8     
2.68    8.25___13:55:29 177     84    93    2.06    +++   9     
3.56    8.25___13:55:49 178     84    94    2.06    +++   10    
1.75    8.25___13:56:5  179     85    94    2.06    ---   9     
2.07    8.25___13:56:23 180     85    95    2.06    +++   10    
1.59    8.25___13:56:38 181     86    95    2.06    ---   9     
1.12    8.25___13:56:51 182     87    95    2.05    ---   8     
25.54   8.25___13:57:33 183     87    96    2.06    +++   9     
1.04    8.25___13:57:44 184     88    96    2.05    ---   8     
1.11    8.25___13:57:57 185     89    96    2.04    ---   7     
1.15    8.25___13:58:10 186     90    96    2.04    ---   6     
9.04    8.25___13:58:38 187     90    97    2.04    +++   7     
3.93    8.25___13:59:0  188     90    98    2.05    +++   8     
1.03    8.25___13:59:11 189     91    98    2.04    ---   7     
1.39    8.25___13:59:26 190     92    98    2.04    ---   6     
2.31    8.25___13:59:44 191     92    99    2.04    +++   7     
1.21    8.25___13:59:57 192     93    99    2.04    ---   6     
