6.69    8.25___21:0:22  1       0     1     1.93    +++   1     
19.52   8.25___21:1:0   2       0     2     1.93    +++   2     
1.18    8.25___21:1:13  3       1     2     1.93    ---   1     
9.86    8.25___21:1:43  4       1     3     1.93    +++   2     
1.17    8.25___21:2:19  5       2     3     1.93    ---   1     
1.04    8.25___21:2:31  6       3     3     1.93    ---   0     
1.17    8.25___21:2:44  7       4     3     1.93    ---   -1    
1.25    8.25___21:2:57  8       5     3     1.93    ---   -2    
6.25    8.25___21:3:23  9       5     4     1.93    +++   -1    
1.02    8.25___21:3:34  10      6     4     1.93    ---   -2    
10.58   8.25___21:4:4   11      6     5     1.93    +++   -1    
3.69    8.25___21:4:25  12      6     6     1.93    +++   0     
1.17    8.25___21:4:38  13      7     6     1.93    ---   -1    
1.53    8.25___21:4:53  14      8     6     1.93    ---   -2    
8.21    8.25___21:5:21  15      8     7     1.93    +++   -1    
1.13    8.25___21:5:34  16      9     7     1.93    ---   -2    
1.41    8.25___21:5:49  17      10    7     1.93    ---   -3    
2.53    8.25___21:6:7   18      10    8     1.93    +++   -2    
6.99    8.25___21:6:33  19      10    9     1.93    +++   -1    
5.69    8.25___21:6:57  20      10    10    1.93    +++   0     
2.96    8.25___21:7:17  21      10    11    1.93    +++   1     
4.19    8.25___21:7:39  22      10    12    1.93    +++   2     
23.31   8.25___21:8:19  23      10    13    1.93    +++   3     
7.22    8.25___21:8:45  24      10    14    1.93    +++   4     
21.11   8.25___21:9:24  25      10    15    1.93    +++   5     
1.74    8.25___21:9:40  26      11    15    1.93    ---   4     
1.51    8.25___21:9:55  27      12    15    1.93    ---   3     
1.02    8.25___21:10:7  28      13    15    1.93    ---   2     
2.06    8.25___21:10:24 29      13    16    1.93    +++   3     
2.84    8.25___21:10:43 30      13    17    1.93    +++   4     
3.98    8.25___21:11:5  31      13    18    1.93    +++   5     
1.15    8.25___21:11:18 32      14    18    1.93    ---   4     
1.26    8.25___21:11:31 33      15    18    1.93    ---   3     
1.84    8.25___21:11:48 34      16    18    1.93    ---   2     
1.03    8.25___21:11:59 35      17    18    1.93    ---   1     
10.52   8.25___21:12:30 36      17    19    1.93    +++   2     
2.47    8.25___21:12:48 37      17    20    1.93    +++   3     
1.22    8.25___21:13:1  38      18    20    1.93    ---   2     
1.46    8.25___21:13:16 39      19    20    1.93    ---   1     
1.01    8.25___21:13:27 40      20    20    1.93    ---   0     
22.03   8.25___21:14:7  41      20    21    1.93    +++   1     
1.13    8.25___21:14:20 42      21    21    1.93    ---   0     
1.38    8.25___21:14:34 43      22    21    1.93    ---   -1    
2.15    8.25___21:14:52 44      22    22    1.93    +++   0     
1.82    8.25___21:15:8  45      23    22    1.93    ---   -1    
4.08    8.25___21:15:30 46      23    23    1.93    +++   0     
1.28    8.25___21:15:44 47      24    23    1.93    ---   -1    
1.22    8.25___21:15:57 48      25    23    1.93    ---   -2    
1.95    8.25___21:16:14 49      26    23    1.93    ---   -3    
22.12   8.25___21:16:54 50      26    24    1.93    +++   -2    
1.84    8.25___21:17:10 51      27    24    1.93    ---   -3    
7.58    8.25___21:17:37 52      27    25    1.93    +++   -2    
1.38    8.25___21:17:51 53      28    25    1.93    ---   -3    
4.65    8.25___21:18:14 54      28    26    1.93    +++   -2    
1       8.25___21:18:24 55      29    26    1.93    ---   -3    
3.75    8.25___21:18:46 56      29    27    1.93    +++   -2    
1.67    8.25___21:19:1  57      30    27    1.93    ---   -3    
2.31    8.25___21:19:19 58      30    28    1.93    +++   -2    
1.03    8.25___21:19:31 59      31    28    1.93    ---   -3    
2.47    8.25___21:19:49 60      31    29    1.93    +++   -2    
29.25   8.25___21:20:33 61      31    30    1.93    +++   -1    
1.12    8.25___21:20:46 62      32    30    1.93    ---   -2    
3.84    8.25___21:21:7  63      32    31    1.93    +++   -1    
3.99    8.25___21:21:29 64      32    32    1.93    +++   0     
2.71    8.25___21:21:48 65      32    33    1.93    +++   1     
1.41    8.25___21:22:3  66      33    33    1.93    ---   0     
10.93   8.25___21:22:33 67      33    34    1.93    +++   1     
1.43    8.25___21:22:48 68      34    34    1.93    ---   0     
4.56    8.25___21:23:10 69      34    35    1.93    +++   1     
3.22    8.25___21:23:30 70      34    36    1.93    +++   2     
1.5     8.25___21:23:45 71      35    36    1.93    ---   1     
1.38    8.25___21:24:0  72      36    36    1.93    ---   0     
2.42    8.25___21:24:18 73      36    37    1.93    +++   1     
1.51    8.25___21:24:33 74      37    37    1.93    ---   0     
2.61    8.25___21:24:52 75      37    38    1.93    +++   1     
1.39    8.25___21:25:6  76      38    38    1.93    ---   0     
2.35    8.25___21:25:24 77      38    39    1.93    +++   1     
30.66   8.25___21:26:9  78      38    40    1.93    +++   2     
2.64    8.25___21:26:28 79      38    41    1.93    +++   3     
1.3     8.25___21:26:42 80      39    41    1.93    ---   2     
1.71    8.25___21:26:58 81      40    41    1.93    ---   1     
14.82   8.25___21:27:32 82      40    42    1.93    +++   2     
1.35    8.25___21:27:46 83      41    42    1.93    ---   1     
1.25    8.25___21:28:0  84      42    42    1.93    ---   0     
13.8    8.25___21:28:33 85      42    43    1.93    +++   1     
2.08    8.25___21:28:50 86      42    44    1.93    +++   2     
2.27    8.25___21:29:8  87      42    45    1.93    +++   3     
15.32   8.25___21:29:43 88      42    46    1.94    +++   4     
1.05    8.25___21:29:55 89      43    46    1.93    ---   3     
1.32    8.25___21:30:9  90      44    46    1.93    ---   2     
1.28    8.25___21:30:23 91      45    46    1.93    ---   1     
22.46   8.25___21:31:3  92      45    47    1.93    +++   2     
1.36    8.25___21:31:17 93      46    47    1.93    ---   1     
1.33    8.25___21:31:31 94      47    47    1.93    ---   0     
2.23    8.25___21:31:49 95      47    48    1.93    +++   1     
1.53    8.25___21:32:4  96      48    48    1.93    ---   0     
1.96    8.25___21:32:21 97      49    48    1.93    ---   -1    
1.47    8.25___21:32:36 98      50    48    1.93    ---   -2    
6.78    8.25___21:33:2  99      50    49    1.93    +++   -1    
1.8     8.25___21:33:18 100     51    49    1.93    ---   -2    
1.43    8.25___21:33:32 101     52    49    1.93    ---   -3    
6.5     8.25___21:33:58 102     52    50    1.93    +++   -2    
4.93    8.25___21:34:21 103     52    51    1.93    +++   -1    
19.73   8.25___21:34:59 104     52    52    1.93    +++   0     
2.88    8.25___21:35:18 105     52    53    1.93    +++   1     
1.76    8.25___21:35:34 106     53    53    1.93    ---   0     
2.73    8.25___21:35:53 107     53    54    1.93    +++   1     
3.33    8.25___21:36:13 108     53    55    1.94    +++   2     
1.61    8.25___21:36:29 109     54    55    1.93    ---   1     
1.17    8.25___21:36:42 110     55    55    1.93    ---   0     
1.36    8.25___21:36:57 111     56    55    1.93    ---   -1    
2.97    8.25___21:37:16 112     56    56    1.93    +++   0     
2.4     8.25___21:37:34 113     56    57    1.93    +++   1     
2.75    8.25___21:37:53 114     56    58    1.94    +++   2     
2.94    8.25___21:38:13 115     56    59    1.94    +++   3     
7.1     8.25___21:38:39 116     56    60    1.94    +++   4     
1.72    8.25___21:38:55 117     57    60    1.94    ---   3     
2.8     8.25___21:39:14 118     57    61    1.94    +++   4     
2.02    8.25___21:39:31 119     57    62    1.94    +++   5     
1.96    8.25___21:39:48 120     58    62    1.95    ---   4     
1.21    8.25___21:40:1  121     59    62    1.94    ---   3     
2.18    8.25___21:40:19 122     59    63    1.95    +++   4     
18.54   8.25___21:40:56 123     59    64    1.95    +++   5     
1.75    8.25___21:41:12 124     60    64    1.95    ---   4     
5.45    8.25___21:41:36 125     60    65    1.95    +++   5     
3.37    8.25___21:41:56 126     60    66    1.95    +++   6     
1.51    8.25___21:42:11 127     61    66    1.95    ---   5     
1.48    8.25___21:42:26 128     62    66    1.95    ---   4     
1.44    8.25___21:42:41 129     63    66    1.94    ---   3     
1       8.25___21:42:51 130     64    66    1.94    ---   2     
4.21    8.25___21:43:13 131     64    67    1.94    +++   3     
1.44    8.25___21:43:28 132     65    67    1.94    ---   2     
1.44    8.25___21:43:43 133     66    67    1.94    ---   1     
1.28    8.25___21:43:57 134     67    67    1.94    ---   0     
1.9     8.25___21:44:13 135     68    67    1.93    ---   -1    
1.46    8.25___21:44:28 136     69    67    1.93    ---   -2    
2.69    8.25___21:44:47 137     69    68    1.93    +++   -1    
1.07    8.25___21:44:59 138     70    68    1.93    ---   -2    
1.29    8.25___21:45:13 139     71    68    1.93    ---   -3    
1.48    8.25___21:45:28 140     72    68    1.93    ---   -4    
2.92    8.25___21:45:48 141     72    69    1.93    +++   -3    
2.7     8.25___21:46:6  142     72    70    1.93    +++   -2    
1.36    8.25___21:46:21 143     73    70    1.93    ---   -3    
1.36    8.25___21:46:35 144     74    70    1.93    ---   -4    
18.97   8.25___21:47:13 145     74    71    1.93    +++   -3    
1.54    8.25___21:47:28 146     75    71    1.93    ---   -4    
1.29    8.25___21:47:42 147     76    71    1.93    ---   -5    
1.32    8.25___21:47:56 148     77    71    1.93    ---   -6    
1.11    8.25___21:48:8  149     78    71    1.93    ---   -7    
2.18    8.25___21:48:26 150     78    72    1.93    +++   -6    
15.21   8.25___21:49:0  151     78    73    1.93    +++   -5    
2.65    8.25___21:49:19 152     78    74    1.93    +++   -4    
6.22    8.25___21:49:44 153     78    75    1.93    +++   -3    
1.09    8.25___21:49:56 154     79    75    1.93    ---   -4    
3.01    8.25___21:50:16 155     79    76    1.93    +++   -3    
1.45    8.25___21:50:31 156     80    76    1.93    ---   -4    
4.87    8.25___21:50:54 157     80    77    1.93    +++   -3    
17.81   8.25___21:51:30 158     80    78    1.93    +++   -2    
21.19   8.25___21:52:9  159     80    79    1.93    +++   -1    
1.78    8.25___21:52:25 160     81    79    1.93    ---   -2    
3.33    8.25___21:52:46 161     81    80    1.93    +++   -1    
2.01    8.25___21:53:2  162     81    81    1.94    +++   0     
1.28    8.25___21:53:16 163     82    81    1.93    ---   -1    
21.56   8.25___21:53:56 164     82    82    1.94    +++   0     
4.03    8.25___21:54:17 165     82    83    1.94    +++   1     
1.11    8.25___21:54:30 166     83    83    1.94    ---   0     
7.6     8.25___21:54:57 167     83    84    1.94    +++   1     
1.53    8.25___21:55:12 168     84    84    1.94    ---   0     
1.95    8.25___21:55:29 169     85    84    1.94    ---   -1    
3.56    8.25___21:55:50 170     85    85    1.94    +++   0     
1.24    8.25___21:56:3  171     86    85    1.94    ---   -1    
1.25    8.25___21:56:17 172     87    85    1.94    ---   -2    
7.48    8.25___21:57:17 1       0     1     7.48    +++   1     
2.19    8.25___21:57:34 2       0     2     4.83    +++   2     
7.29    8.25___21:58:1  3       0     3     7.29    +++   3     
2.71    8.25___21:58:20 4       0     4     5       +++   4     
2.2     8.25___21:58:37 5       0     5     2.71    +++   5     
19.33   8.25___21:59:15 6       0     6     5       +++   6     
1.94    8.25___21:59:31 7       1     6     2.71    ---   5     
1.32    8.25___21:59:46 8       2     6     2.45    ---   4     
