28.33   8.25___20:0:8   1       0     1     1.93    +++   1     
2       8.25___20:0:25  2       0     2     1.93    +++   2     
4.72    8.25___20:0:48  3       0     3     1.93    +++   3     
13.13   8.25___20:1:20  4       0     4     1.93    +++   4     
2.73    8.25___20:1:39  5       0     5     1.93    +++   5     
2.15    8.25___20:1:57  6       0     6     1.93    +++   6     
2.24    8.25___20:2:14  7       0     7     1.93    +++   7     
1.04    8.25___20:2:26  8       1     7     1.93    ---   6     
1.02    8.25___20:2:38  9       2     7     1.93    ---   5     
16.96   8.25___20:3:13  10      2     8     1.93    +++   6     
4.61    8.25___20:3:36  11      2     9     1.93    +++   7     
1.96    8.25___20:3:53  12      3     9     1.93    ---   6     
3.49    8.25___20:4:13  13      3     10    1.93    +++   7     
2.02    8.25___20:4:30  14      3     11    1.93    +++   8     
1.16    8.25___20:4:43  15      4     11    1.93    ---   7     
5.35    8.25___20:5:7   16      4     12    1.93    +++   8     
1.03    8.25___20:5:19  17      5     12    1.93    ---   7     
12.45   8.25___20:5:51  18      5     13    1.93    +++   8     
1.41    8.25___20:6:5   19      6     13    1.93    ---   7     
1.65    8.25___20:6:21  20      7     13    1.93    ---   6     
3.99    8.25___20:6:43  21      7     14    1.93    +++   7     
1.02    8.25___20:6:54  22      8     14    1.93    ---   6     
1.01    8.25___20:7:5   23      9     14    1.93    ---   5     
1.08    8.25___20:7:18  24      10    14    1.93    ---   4     
17.02   8.25___20:7:54  25      10    15    1.93    +++   5     
2.16    8.25___20:8:11  26      10    16    1.93    +++   6     
1.39    8.25___20:8:25  27      11    16    1.93    ---   5     
1.45    8.25___20:8:40  28      12    16    1.93    ---   4     
1.49    8.25___20:8:55  29      13    16    1.93    ---   3     
2.71    8.25___20:9:14  30      13    17    1.93    +++   4     
2.54    8.25___20:9:32  31      13    18    1.93    +++   5     
2.01    8.25___20:9:49  32      13    19    1.93    +++   6     
2.06    8.25___20:10:6  33      13    20    1.93    +++   7     
21.49   8.25___20:10:46 34      13    21    1.93    +++   8     
1.76    8.25___20:11:2  35      14    21    1.93    ---   7     
1.66    8.25___20:11:17 36      15    21    1.93    ---   6     
1.22    8.25___20:11:31 37      16    21    1.93    ---   5     
2.1     8.25___20:11:48 38      16    22    1.93    +++   6     
3.51    8.25___20:12:9  39      16    23    1.93    +++   7     
5.98    8.25___20:12:33 40      16    24    1.93    +++   8     
1.96    8.25___20:12:50 41      17    24    1.93    ---   7     
1.99    8.25___20:13:7  42      18    24    1.94    ---   6     
1.08    8.25___20:13:19 43      19    24    1.93    ---   5     
1.92    8.25___20:13:36 44      20    24    1.93    ---   4     
1.81    8.25___20:13:52 45      21    24    1.93    ---   3     
1.26    8.25___20:14:6  46      22    24    1.93    ---   2     
2.85    8.25___20:14:25 47      22    25    1.93    +++   3     
1.33    8.25___20:14:39 48      23    25    1.93    ---   2     
9.21    8.25___20:15:8  49      23    26    1.93    +++   3     
1.13    8.25___20:15:21 50      24    26    1.93    ---   2     
2.57    8.25___20:15:40 51      24    27    1.93    +++   3     
2.23    8.25___20:15:57 52      24    28    1.93    +++   4     
1.19    8.25___20:16:10 53      25    28    1.93    ---   3     
2.05    8.25___20:16:27 54      25    29    1.93    +++   4     
1.43    8.25___20:16:42 55      26    29    1.93    ---   3     
1.13    8.25___20:16:55 56      27    29    1.93    ---   2     
12.73   8.25___20:17:27 57      27    30    1.93    +++   3     
3.61    8.25___20:17:48 58      27    31    1.93    +++   4     
1.16    8.25___20:18:1  59      28    31    1.93    ---   3     
1.18    8.25___20:18:14 60      29    31    1.93    ---   2     
1.62    8.25___20:18:30 61      30    31    1.93    ---   1     
9.29    8.25___20:18:59 62      30    32    1.93    +++   2     
1.53    8.25___20:19:14 63      31    32    1.93    ---   1     
1.04    8.25___20:19:26 64      32    32    1.93    ---   0     
1.05    8.25___20:19:38 65      33    32    1.93    ---   -1    
1.05    8.25___20:19:50 66      34    32    1.93    ---   -2    
1.51    8.25___20:20:5  67      35    32    1.93    ---   -3    
1.09    8.25___20:20:17 68      36    32    1.93    ---   -4    
7.94    8.25___20:20:44 69      36    33    1.93    +++   -3    
2.59    8.25___20:21:3  70      36    34    1.93    +++   -2    
1.13    8.25___20:21:16 71      37    34    1.93    ---   -3    
1.45    8.25___20:21:31 72      38    34    1.93    ---   -4    
1.09    8.25___20:21:43 73      39    34    1.93    ---   -5    
3.56    8.25___20:22:4  74      39    35    1.93    +++   -4    
2.18    8.25___20:22:21 75      39    36    1.93    +++   -3    
1.68    8.25___20:22:37 76      40    36    1.93    ---   -4    
3.36    8.25___20:22:57 77      40    37    1.93    +++   -3    
1.07    8.25___20:23:9  78      41    37    1.93    ---   -4    
1.08    8.25___20:23:22 79      42    37    1.93    ---   -5    
2.25    8.25___20:23:39 80      42    38    1.93    +++   -4    
2.81    8.25___20:23:58 81      42    39    1.93    +++   -3    
1.73    8.25___20:24:14 82      43    39    1.93    ---   -4    
2.8     8.25___20:24:33 83      43    40    1.93    +++   -3    
1.44    8.25___20:24:48 84      44    40    1.93    ---   -4    
3.24    8.25___20:25:8  85      44    41    1.93    +++   -3    
1.23    8.25___20:25:22 86      45    41    1.93    ---   -4    
1       8.25___20:25:32 87      46    41    1.93    ---   -5    
1.92    8.25___20:25:49 88      47    41    1.93    ---   -6    
15.76   8.25___20:26:24 89      47    42    1.93    +++   -5    
2.28    8.25___20:26:41 90      47    43    1.93    +++   -4    
5.46    8.25___20:27:5  91      47    44    1.93    +++   -3    
1.72    8.25___20:27:21 92      48    44    1.93    ---   -4    
2.22    8.25___20:27:39 93      48    45    1.93    +++   -3    
13.81   8.25___20:28:12 94      48    46    1.93    +++   -2    
1.33    8.25___20:28:26 95      49    46    1.93    ---   -3    
2.05    8.25___20:28:43 96      49    47    1.93    +++   -2    
2.43    8.25___20:29:1  97      49    48    1.93    +++   -1    
1.19    8.25___20:29:15 98      50    48    1.93    ---   -2    
9.38    8.25___20:29:44 99      50    49    1.93    +++   -1    
1.8     8.25___20:30:0  100     51    49    1.93    ---   -2    
1.73    8.25___20:30:16 101     52    49    1.93    ---   -3    
2.77    8.25___20:30:35 102     52    50    1.93    +++   -2    
2.15    8.25___20:30:52 103     52    51    1.93    +++   -1    
1.81    8.25___20:31:8  104     53    51    1.93    ---   -2    
1.21    8.25___20:31:22 105     54    51    1.93    ---   -3    
7.03    8.25___20:31:48 106     54    52    1.93    +++   -2    
1.07    8.25___20:32:0  107     55    52    1.93    ---   -3    
2.91    8.25___20:32:19 108     55    53    1.93    +++   -2    
10.64   8.25___20:32:50 109     55    54    1.93    +++   -1    
3.49    8.25___20:33:10 110     55    55    1.93    +++   0     
2.61    8.25___20:33:29 111     55    56    1.93    +++   1     
1.55    8.25___20:33:44 112     56    56    1.93    ---   0     
1.36    8.25___20:33:58 113     57    56    1.93    ---   -1    
1.36    8.25___20:34:13 114     58    56    1.93    ---   -2    
1.27    8.25___20:34:27 115     59    56    1.93    ---   -3    
1.62    8.25___20:34:42 116     60    56    1.93    ---   -4    
1.92    8.25___20:34:59 117     61    56    1.93    ---   -5    
1.23    8.25___20:35:12 118     62    56    1.93    ---   -6    
5.35    8.25___20:35:36 119     62    57    1.93    +++   -5    
4.69    8.25___20:35:59 120     62    58    1.93    +++   -4    
7.25    8.25___20:36:25 121     62    59    1.93    +++   -3    
1       8.25___20:36:36 122     63    59    1.93    ---   -4    
4.03    8.25___20:36:57 123     63    60    1.93    +++   -3    
6.61    8.25___20:37:23 124     63    61    1.93    +++   -2    
2.63    8.25___20:37:41 125     63    62    1.93    +++   -1    
7.51    8.25___20:38:8  126     63    63    1.93    +++   0     
3.28    8.25___20:38:28 127     63    64    1.93    +++   1     
1.69    8.25___20:38:44 128     64    64    1.93    ---   0     
1.07    8.25___20:38:56 129     65    64    1.93    ---   -1    
30.66   8.25___20:39:41 130     65    65    1.93    +++   0     
1.12    8.25___20:39:54 131     66    65    1.93    ---   -1    
11.24   8.25___20:40:25 132     66    66    1.93    +++   0     
3.1     8.25___20:40:44 133     66    67    1.93    +++   1     
4.87    8.25___20:41:7  134     66    68    1.93    +++   2     
1.43    8.25___20:41:22 135     67    68    1.93    ---   1     
1       8.25___20:41:33 136     68    68    1.93    ---   0     
1.44    8.25___20:41:47 137     69    68    1.93    ---   -1    
1.1     8.25___20:42:0  138     70    68    1.93    ---   -2    
1.54    8.25___20:42:15 139     71    68    1.93    ---   -3    
31.96   8.25___20:43:1  140     71    69    1.93    +++   -2    
2.04    8.25___20:43:18 141     71    70    1.93    +++   -1    
1.08    8.25___20:43:30 142     72    70    1.93    ---   -2    
1.61    8.25___20:43:46 143     73    70    1.93    ---   -3    
1.83    8.25___20:44:2  144     74    70    1.93    ---   -4    
11.03   8.25___20:44:33 145     74    71    1.93    +++   -3    
3.16    8.25___20:44:53 146     74    72    1.93    +++   -2    
23.8    8.25___20:45:33 147     74    73    1.93    +++   -1    
3.45    8.25___20:45:54 148     74    74    1.93    +++   0     
7.6     8.25___20:46:21 149     74    75    1.93    +++   1     
15.65   8.25___20:46:55 150     74    76    1.93    +++   2     
1.01    8.25___20:47:7  151     75    76    1.93    ---   1     
1.17    8.25___20:47:20 152     76    76    1.93    ---   0     
8.95    8.25___20:47:48 153     76    77    1.93    +++   1     
1       8.25___20:47:59 154     77    77    1.93    ---   0     
2.56    8.25___20:48:17 155     77    78    1.93    +++   1     
1.1     8.25___20:48:30 156     78    78    1.93    ---   0     
1.66    8.25___20:48:46 157     79    78    1.93    ---   -1    
2.09    8.25___20:49:3  158     79    79    1.93    +++   0     
1.4     8.25___20:49:17 159     80    79    1.93    ---   -1    
1.32    8.25___20:49:32 160     81    79    1.93    ---   -2    
3.58    8.25___20:49:52 161     81    80    1.93    +++   -1    
2.55    8.25___20:50:11 162     81    81    1.93    +++   0     
1.24    8.25___20:50:24 163     82    81    1.93    ---   -1    
13.74   8.25___20:50:58 164     82    82    1.93    +++   0     
1       8.25___20:51:8  165     83    82    1.93    ---   -1    
2.38    8.25___20:51:26 166     83    83    1.93    +++   0     
1.33    8.25___20:51:40 167     84    83    1.93    ---   -1    
7.03    8.25___20:52:7  168     84    84    1.93    +++   0     
9.97    8.25___20:52:36 169     84    85    1.93    +++   1     
4.93    8.25___20:52:59 170     84    86    1.93    +++   2     
2.39    8.25___20:53:17 171     84    87    1.93    +++   3     
1.55    8.25___20:53:33 172     85    87    1.93    ---   2     
3.17    8.25___20:53:53 173     85    88    1.93    +++   3     
2.16    8.25___20:54:10 174     85    89    1.93    +++   4     
1.21    8.25___20:54:23 175     86    89    1.93    ---   3     
8.79    8.25___20:54:52 176     86    90    1.93    +++   4     
3.83    8.25___20:55:13 177     86    91    1.93    +++   5     
1.89    8.25___20:55:29 178     87    91    1.93    ---   4     
1.15    8.25___20:55:42 179     88    91    1.93    ---   3     
1.31    8.25___20:55:57 180     89    91    1.93    ---   2     
2.44    8.25___20:56:15 181     89    92    1.93    +++   3     
3.81    8.25___20:56:36 182     89    93    1.93    +++   4     
8.85    8.25___20:57:4  183     89    94    1.93    +++   5     
1.67    8.25___20:57:20 184     90    94    1.93    ---   4     
2.23    8.25___20:57:37 185     90    95    1.93    +++   5     
1.45    8.25___20:57:52 186     91    95    1.93    ---   4     
1.46    8.25___20:58:7  187     92    95    1.93    ---   3     
1.41    8.25___20:58:22 188     93    95    1.93    ---   2     
1.42    8.25___20:58:36 189     94    95    1.93    ---   1     
1.8     8.25___20:58:53 190     95    95    1.93    ---   0     
1.11    8.25___20:59:6  191     96    95    1.93    ---   -1    
3.14    8.25___20:59:25 192     96    96    1.93    +++   0     
1.01    8.25___20:59:36 193     97    96    1.93    ---   -1    
3.25    8.25___20:59:56 194     97    97    1.93    +++   0     
