1.75    8.25___22:0:2   1       1     0     2.2     ---   -1    
1.2     8.25___22:0:15  2       2     0     2.19    ---   -2    
3.96    8.25___22:0:36  3       2     1     2.2     +++   -1    
3.72    8.25___22:0:57  4       2     2     2.45    +++   0     
2.11    8.25___22:1:15  5       2     3     2.2     +++   1     
3.28    8.25___22:1:35  6       2     4     2.45    +++   2     
2.33    8.25___22:1:53  7       2     5     2.33    +++   3     
1.78    8.25___22:2:9   8       3     5     2.26    ---   2     
1.19    8.25___22:2:22  9       4     5     2.2     ---   1     
2.42    8.25___22:2:41  10      4     6     2.26    +++   2     
3.73    8.25___22:3:2   11      4     7     2.33    +++   3     
1.27    8.25___22:3:15  12      5     7     2.26    ---   2     
3.66    8.25___22:3:36  13      5     8     2.33    +++   3     
1.21    8.25___22:3:50  14      6     8     2.26    ---   2     
2.91    8.25___22:4:9   15      6     9     2.33    +++   3     
2.21    8.25___22:4:27  16      6     10    2.27    +++   4     
28.87   8.25___22:5:11  17      6     11    2.33    +++   5     
2.15    8.25___22:5:28  18      6     12    2.27    +++   6     
1.39    8.25___22:5:43  19      7     12    2.21    ---   5     
1.45    8.25___22:5:57  20      8     12    2.2     ---   4     
1.1     8.25___22:6:16  1       1     0     1.1     ---   -1    
2.75    8.25___22:6:35  2       1     1     1.92    +++   0     
1.84    8.25___22:6:52  3       2     1     1.84    ---   -1    
20.39   8.25___22:7:30  4       2     2     2.29    +++   0     
1.99    8.25___22:7:47  5       3     2     1.99    ---   -1    
1.46    8.25___22:8:2   6       4     2     1.91    ---   -2    
2.14    8.25___22:8:19  7       4     3     1.99    +++   -1    
1.38    8.25___22:8:34  8       5     3     1.91    ---   -2    
9.34    8.25___22:9:18  9       5     4     1.99    +++   -1    
2.23    8.25___22:10:7  1       0     1     2.23    +++   1     
2.84    8.25___22:10:26 2       0     2     2.53    +++   2     
5.07    8.25___22:10:49 3       0     3     2.84    +++   3     
1.37    8.25___22:11:4  4       1     3     2.53    ---   2     
23.59   8.25___22:11:44 5       1     4     2.84    +++   3     
1.3     8.25___22:11:58 6       2     4     2.53    ---   2     
