1.01    8.26___12:0:6   1       1     0     1.89    ---   -1    
1.43    8.26___12:0:20  2       2     0     1.89    ---   -2    
3.92    8.26___12:0:42  3       2     1     1.89    +++   -1    
1       8.26___12:0:52  4       3     1     1.89    ---   -2    
1.23    8.26___12:1:6   5       4     1     1.89    ---   -3    
2.08    8.26___12:1:23  6       4     2     1.89    +++   -2    
5.57    8.26___12:1:47  7       4     3     1.89    +++   -1    
1.31    8.26___12:2:1   8       5     3     1.89    ---   -2    
1.36    8.26___12:2:15  9       6     3     1.89    ---   -3    
1.89    8.26___12:2:32  10      7     3     1.89    ---   -4    
1.26    8.26___12:2:46  11      8     3     1.89    ---   -5    
1.24    8.26___12:2:59  12      9     3     1.88    ---   -6    
1.55    8.26___12:3:14  13      10    3     1.88    ---   -7    
12.3    8.26___12:3:46  14      10    4     1.88    +++   -6    
2.57    8.26___12:4:5   15      10    5     1.89    +++   -5    
13.52   8.26___12:4:38  16      10    6     1.89    +++   -4    
14.97   8.26___12:5:12  17      10    7     1.89    +++   -3    
1.34    8.26___12:5:26  18      11    7     1.89    ---   -4    
6.06    8.26___12:5:51  19      11    8     1.89    +++   -3    
1.21    8.26___12:6:4   20      12    8     1.89    ---   -4    
1.04    8.26___12:6:16  21      13    8     1.89    ---   -5    
1.05    8.26___12:6:28  22      14    8     1.88    ---   -6    
3.05    8.26___12:6:48  23      14    9     1.89    +++   -5    
1.2     8.26___12:7:1   24      15    9     1.88    ---   -6    
1.68    8.26___12:7:17  25      16    9     1.88    ---   -7    
1.09    8.26___12:7:29  26      17    9     1.87    ---   -8    
1.22    8.26___12:7:43  27      18    9     1.87    ---   -9    
1.57    8.26___12:7:58  28      19    9     1.86    ---   -10   
16.99   8.26___12:8:34  29      19    10    1.87    +++   -9    
7.01    8.26___12:9:0   30      19    11    1.87    +++   -8    
2.12    8.26___12:9:17  31      19    12    1.88    +++   -7    
1.34    8.26___12:9:31  32      20    12    1.87    ---   -8    
2.06    8.26___12:9:49  33      20    13    1.88    +++   -7    
1.32    8.26___12:10:3  34      21    13    1.87    ---   -8    
28.62   8.26___12:10:46 35      21    14    1.88    +++   -7    
1.24    8.26___12:11:0  36      22    14    1.87    ---   -8    
2.23    8.26___12:11:18 37      22    15    1.88    +++   -7    
1.02    8.26___12:11:29 38      23    15    1.87    ---   -8    
1.59    8.26___12:11:44 39      24    15    1.87    ---   -9    
3.21    8.26___12:12:4  40      24    16    1.87    +++   -8    
7.94    8.26___12:12:32 41      24    17    1.88    +++   -7    
32.32   8.26___12:13:18 42      24    18    1.88    +++   -6    
2.58    8.26___12:13:36 43      24    19    1.89    +++   -5    
3.22    8.26___12:13:56 44      24    20    1.89    +++   -4    
1.41    8.26___12:14:11 45      25    20    1.89    ---   -5    
3.88    8.26___12:14:32 46      25    21    1.89    +++   -4    
1.05    8.26___12:14:44 47      26    21    1.89    ---   -5    
3.22    8.26___12:15:4  48      26    22    1.89    +++   -4    
1.19    8.26___12:15:17 49      27    22    1.89    ---   -5    
1.6     8.26___12:15:33 50      28    22    1.88    ---   -6    
1       8.26___12:15:43 51      29    22    1.88    ---   -7    
4.29    8.26___12:16:5  52      29    23    1.88    +++   -6    
1.19    8.26___12:16:19 53      30    23    1.88    ---   -7    
1.53    8.26___12:16:34 54      31    23    1.87    ---   -8    
2.22    8.26___12:16:51 55      31    24    1.88    +++   -7    
2.01    8.26___12:17:8  56      31    25    1.88    +++   -6    
4.35    8.26___12:17:30 57      31    26    1.89    +++   -5    
2.11    8.26___12:17:48 58      31    27    1.89    +++   -4    
1.53    8.26___12:18:3  59      32    27    1.89    ---   -5    
1.04    8.26___12:18:15 60      33    27    1.88    ---   -6    
1.13    8.26___12:18:27 61      34    27    1.88    ---   -7    
2.25    8.26___12:18:45 62      34    28    1.88    +++   -6    
1.02    8.26___12:18:56 63      35    28    1.88    ---   -7    
3.09    8.26___12:19:16 64      35    29    1.88    +++   -6    
1.9     8.26___12:19:33 65      36    29    1.89    ---   -7    
1.04    8.26___12:19:44 66      37    29    1.88    ---   -8    
1.47    8.26___12:19:59 67      38    29    1.88    ---   -9    
1.21    8.26___12:20:13 68      39    29    1.87    ---   -10   
7.13    8.26___12:20:39 69      39    30    1.88    +++   -9    
4.39    8.26___12:21:1  70      39    31    1.88    +++   -8    
2.2     8.26___12:21:19 71      39    32    1.89    +++   -7    
1.19    8.26___12:21:32 72      40    32    1.88    ---   -8    
2.21    8.26___12:21:49 73      40    33    1.89    +++   -7    
1.21    8.26___12:22:3  74      41    33    1.88    ---   -8    
3.32    8.26___12:22:23 75      41    34    1.89    +++   -7    
1.31    8.26___12:22:37 76      42    34    1.88    ---   -8    
1       8.26___12:22:48 77      43    34    1.88    ---   -9    
5.5     8.26___12:23:11 78      43    35    1.88    +++   -8    
2.87    8.26___12:23:31 79      43    36    1.89    +++   -7    
3.91    8.26___12:23:52 80      43    37    1.89    +++   -6    
32.73   8.26___12:24:38 81      43    38    1.89    +++   -5    
14.14   8.26___12:25:12 82      43    39    1.89    +++   -4    
6.43    8.26___12:25:37 83      43    40    1.89    +++   -3    
5.55    8.26___12:26:1  84      43    41    1.89    +++   -2    
3.53    8.26___12:50:51 1       0     1     3.53    +++   1     
14.09   8.26___12:51:24 2       0     2     8.81    +++   2     
1.58    8.26___12:51:39 3       1     2     3.53    ---   1     
1.11    8.26___12:51:52 4       2     2     2.55    ---   0     
1.35    8.26___12:52:6  5       3     2     1.58    ---   -1    
24.94   8.26___12:52:48 6       3     3     2.55    +++   0     
2.26    8.26___12:53:6  7       3     4     2.25    +++   1     
1.2     8.26___12:53:19 8       4     4     1.92    ---   0     
1.46    8.26___12:53:34 9       5     4     1.58    ---   -1    
1.6     8.26___12:53:49 10      6     4     1.59    ---   -2    
1.02    8.26___12:54:1  11      7     4     1.58    ---   -3    
17.65   8.26___12:54:37 12      7     5     1.59    +++   -2    
1.01    8.26___12:54:48 13      8     5     1.58    ---   -3    
8.25    8.26___12:55:16 14      8     6     1.59    +++   -2    
4.04    8.26___12:55:37 15      8     7     1.6     +++   -1    
2.11    8.26___12:55:55 16      8     8     1.85    +++   0     
1.13    8.26___12:56:7  17      9     8     1.6     ---   -1    
1.59    8.26___12:56:23 18      10    8     1.59    ---   -2    
1.4     8.26___12:56:37 19      11    8     1.59    ---   -3    
1.09    8.26___12:56:50 20      12    8     1.58    ---   -4    
7.33    8.26___12:57:16 21      12    9     1.59    +++   -3    
3.83    8.26___12:57:38 22      12    10    1.59    +++   -2    
1.58    8.26___12:57:53 23      13    10    1.59    ---   -3    
8.32    8.26___12:58:21 24      13    11    1.59    +++   -2    
2.86    8.26___12:58:40 25      13    12    1.6     +++   -1    
21.78   8.26___12:59:19 26      13    13    1.85    +++   0     
