1.6     8.26___10:28:45 1       1     0     1.6     ---   -1    
2.24    8.26___10:29:2  2       1     1     1.92    +++   0     
4.16    8.26___10:29:24 3       1     2     2.24    +++   1     
1.45    8.26___10:29:39 4       2     2     1.92    ---   0     
1       8.26___10:29:49 5       3     2     1.6     ---   -1    
21.89   8.26___10:30:29 6       3     3     1.92    +++   0     
1       8.26___10:30:39 7       4     3     1.6     ---   -1    
1.54    8.26___10:30:55 8       5     3     1.57    ---   -2    
1.93    8.26___10:31:11 9       6     3     1.6     ---   -3    
2.72    8.26___10:31:30 10      6     4     1.76    +++   -2    
5.67    8.26___10:31:54 11      6     5     1.93    +++   -1    
2.5     8.26___10:32:13 12      6     6     2.08    +++   0     
1       8.26___10:32:23 13      7     6     1.93    ---   -1    
32.6    8.26___10:33:9  14      7     7     2.08    +++   0     
1.27    8.26___10:33:23 15      8     7     1.93    ---   -1    
4.16    8.26___10:33:45 16      8     8     2.08    +++   0     
1.69    8.26___10:34:1  17      9     8     1.93    ---   -1    
1.47    8.26___10:34:16 18      10    8     1.81    ---   -2    
1.78    8.26___10:34:32 19      11    8     1.78    ---   -3    
1.06    8.26___10:34:44 20      12    8     1.73    ---   -4    
1.01    8.26___10:34:55 21      13    8     1.69    ---   -5    
27      8.26___10:35:38 22      13    9     1.73    +++   -4    
1.12    8.26___10:35:51 23      14    9     1.69    ---   -5    
1.16    8.26___10:36:4  24      15    9     1.64    ---   -6    
8.94    8.26___10:36:32 25      15    10    1.69    +++   -5    
4.63    8.26___10:36:55 26      15    11    1.73    +++   -4    
2.06    8.26___10:37:12 27      15    12    1.78    +++   -3    
3.51    8.26___10:37:32 28      15    13    1.85    +++   -2    
1.05    8.26___10:37:44 29      16    13    1.78    ---   -3    
5.29    8.26___10:38:8  30      16    14    1.85    +++   -2    
2.01    8.26___10:38:25 31      16    15    1.93    +++   -1    
1.9     8.26___10:38:41 32      17    15    1.91    ---   -2    
1.16    8.26___10:38:54 33      18    15    1.9     ---   -3    
1.52    8.26___10:39:9  34      19    15    1.84    ---   -4    
6.76    8.26___10:39:35 35      19    16    1.9     +++   -3    
2.21    8.26___10:39:53 36      19    17    1.91    +++   -2    
7.73    8.26___10:40:20 37      19    18    1.93    +++   -1    
2.86    8.26___10:40:39 38      19    19    1.96    +++   0     
6.19    8.26___10:41:4  39      19    20    2       +++   1     
1       8.26___10:41:14 40      20    20    1.96    ---   0     
1.36    8.26___10:41:29 41      21    20    1.93    ---   -1    
2.45    8.26___10:41:47 42      21    21    1.96    +++   0     
1.86    8.26___10:42:3  43      22    21    1.93    ---   -1    
21.24   8.26___10:42:42 44      22    22    1.96    +++   0     
1.05    8.26___10:42:54 45      23    22    1.93    ---   -1    
1       8.26___10:43:5  46      24    22    1.91    ---   -2    
1.75    8.26___10:43:21 47      25    22    1.9     ---   -3    
1.83    8.26___10:43:37 48      26    22    1.88    ---   -4    
1.29    8.26___10:43:51 49      27    22    1.86    ---   -5    
2.16    8.26___10:44:8  50      27    23    1.88    +++   -4    
2.45    8.26___10:44:27 51      27    24    1.9     +++   -3    
1.55    8.26___10:44:42 52      28    24    1.88    ---   -4    
2.2     8.26___10:44:59 53      28    25    1.9     +++   -3    
1.27    8.26___10:45:13 54      29    25    1.88    ---   -4    
3.63    8.26___10:45:34 55      29    26    1.9     +++   -3    
7.32    8.26___10:46:0  56      29    27    1.91    +++   -2    
1.9     8.26___10:46:17 57      30    27    1.9     ---   -3    
3.45    8.26___10:46:37 58      30    28    1.91    +++   -2    
1.44    8.26___10:46:52 59      31    28    1.9     ---   -3    
1       8.26___10:47:3  60      32    28    1.9     ---   -4    
1.14    8.26___10:47:16 61      33    28    1.9     ---   -5    
1.05    8.26___10:47:28 62      34    28    1.88    ---   -6    
1.06    8.26___10:47:40 63      35    28    1.86    ---   -7    
25.79   8.26___10:48:22 64      35    29    1.88    +++   -6    
1.29    8.26___10:48:36 65      36    29    1.86    ---   -7    
6.56    8.26___10:49:1  66      36    30    1.88    +++   -6    
4.52    8.26___10:49:24 67      36    31    1.9     +++   -5    
1.47    8.26___10:49:38 68      37    31    1.88    ---   -6    
1.7     8.26___10:49:54 69      38    31    1.86    ---   -7    
1.89    8.26___10:50:11 70      39    31    1.87    ---   -8    
1.38    8.26___10:50:25 71      40    31    1.86    ---   -9    
1.02    8.26___10:50:37 72      41    31    1.84    ---   -10   
2.01    8.26___10:50:54 73      41    32    1.86    +++   -9    
1.74    8.26___10:51:10 74      42    32    1.84    ---   -10   
2.5     8.26___10:51:28 75      42    33    1.86    +++   -9    
1.17    8.26___10:51:41 76      43    33    1.84    ---   -10   
2.48    8.26___10:51:59 77      43    34    1.86    +++   -9    
1.37    8.26___10:52:14 78      44    34    1.84    ---   -10   
2.32    8.26___10:52:31 79      44    35    1.86    +++   -9    
6.35    8.26___10:52:57 80      44    36    1.87    +++   -8    
2.56    8.26___10:53:15 81      44    37    1.89    +++   -7    
1.35    8.26___10:53:29 82      45    37    1.87    ---   -8    
4.41    8.26___10:53:52 83      45    38    1.89    +++   -7    
2       8.26___10:54:8  84      45    39    1.89    +++   -6    
4.3     8.26___10:54:30 85      45    40    1.9     +++   -5    
1.15    8.26___10:54:43 86      46    40    1.89    ---   -6    
2.24    8.26___10:55:1  87      46    41    1.9     +++   -5    
5.08    8.26___10:55:24 88      46    42    1.9     +++   -4    
3.55    8.26___10:55:45 89      46    43    1.9     +++   -3    
1.98    8.26___10:56:2  90      47    43    1.91    ---   -4    
7.36    8.26___10:56:28 91      47    44    1.93    +++   -3    
4.33    8.26___10:56:50 92      47    45    1.95    +++   -2    
1.76    8.26___10:57:6  93      48    45    1.93    ---   -3    
20.37   8.26___10:57:45 94      48    46    1.95    +++   -2    
1.34    8.26___10:57:59 95      49    46    1.93    ---   -3    
2.09    8.26___10:58:16 96      49    47    1.95    +++   -2    
1.35    8.26___10:58:30 97      50    47    1.93    ---   -3    
1.32    8.26___10:58:45 98      51    47    1.91    ---   -4    
5.31    8.26___10:59:8  99      51    48    1.93    +++   -3    
6.64    8.26___10:59:34 100     51    49    1.95    +++   -2    
2.7     8.26___10:59:53 101     51    50    1.98    +++   -1    
