2.4     8.26___11:0:11  1       0     1     1.99    +++   1     
1.34    8.26___11:0:25  2       1     1     1.98    ---   0     
3.05    8.26___11:0:45  3       1     2     1.99    +++   1     
1.23    8.26___11:0:58  4       2     2     1.98    ---   0     
1.04    8.26___11:1:10  5       3     2     1.95    ---   -1    
1       8.26___11:1:20  6       4     2     1.93    ---   -2    
2.52    8.26___11:1:39  7       4     3     1.95    +++   -1    
2.07    8.26___11:1:56  8       4     4     1.98    +++   0     
1       8.26___11:2:7   9       5     4     1.95    ---   -1    
2.9     8.26___11:2:26  10      5     5     1.98    +++   0     
1.13    8.26___11:2:39  11      6     5     1.95    ---   -1    
5.23    8.26___11:3:2   12      6     6     1.98    +++   0     
2.58    8.26___11:3:21  13      6     7     1.99    +++   1     
22.84   8.26___11:4:1   14      6     8     2       +++   2     
3.74    8.26___11:4:22  15      6     9     2       +++   3     
2.66    8.26___11:4:40  16      6     10    2       +++   4     
1.21    8.26___11:4:54  17      7     10    2       ---   3     
1.42    8.26___11:5:9   18      8     10    2       ---   2     
1.32    8.26___11:5:23  19      9     10    1.99    ---   1     
7.24    8.26___11:5:49  20      9     11    2       +++   2     
2.05    8.26___11:6:6   21      9     12    2       +++   3     
1.81    8.26___11:6:22  22      10    12    2       ---   2     
2.19    8.26___11:6:40  23      10    13    2       +++   3     
1.33    8.26___11:6:54  24      11    13    2       ---   2     
2.31    8.26___11:7:12  25      11    14    2       +++   3     
1.19    8.26___11:7:25  26      12    14    2       ---   2     
1.14    8.26___11:7:38  27      13    14    1.99    ---   1     
6.44    8.26___11:8:3   28      13    15    2       +++   2     
2.07    8.26___11:8:20  29      13    16    2       +++   3     
4.38    8.26___11:8:42  30      13    17    2       +++   4     
1.19    8.26___11:8:56  31      14    17    2       ---   3     
2.39    8.26___11:9:14  32      14    18    2       +++   4     
1.4     8.26___11:9:28  33      15    18    2       ---   3     
25.08   8.26___11:10:10 34      15    19    2       +++   4     
5.87    8.26___11:10:34 35      15    20    2       +++   5     
2.05    8.26___11:10:51 36      15    21    2       +++   6     
1.86    8.26___11:11:8  37      16    21    2       ---   5     
1.27    8.26___11:11:22 38      17    21    2       ---   4     
1.04    8.26___11:11:33 39      18    21    2       ---   3     
3.5     8.26___11:11:54 40      18    22    2       +++   4     
1.48    8.26___11:12:9  41      19    22    2       ---   3     
8.54    8.26___11:12:37 42      19    23    2       +++   4     
1.26    8.26___11:12:51 43      20    23    2       ---   3     
13.09   8.26___11:13:23 44      20    24    2       +++   4     
1.29    8.26___11:13:37 45      21    24    2       ---   3     
1.53    8.26___11:13:52 46      22    24    2       ---   2     
1.29    8.26___11:14:6  47      23    24    1.99    ---   1     
1       8.26___11:14:17 48      24    24    1.98    ---   0     
2.82    8.26___11:14:36 49      24    25    1.99    +++   1     
2.67    8.26___11:14:54 50      24    26    2       +++   2     
1.24    8.26___11:15:8  51      25    26    1.99    ---   1     
2.35    8.26___11:15:26 52      25    27    2       +++   2     
2.9     8.26___11:15:45 53      25    28    2       +++   3     
1.16    8.26___11:15:58 54      26    28    2       ---   2     
2.78    8.26___11:16:17 55      26    29    2       +++   3     
4.12    8.26___11:16:39 56      26    30    2       +++   4     
2.71    8.26___11:16:58 57      26    31    2       +++   5     
7.25    8.26___11:17:24 58      26    32    2       +++   6     
1.32    8.26___11:17:38 59      27    32    2       ---   5     
1.74    8.26___11:17:54 60      28    32    2       ---   4     
1.35    8.26___11:18:9  61      29    32    2       ---   3     
2.31    8.26___11:18:26 62      29    33    2       +++   4     
20.98   8.26___11:19:5  63      29    34    2       +++   5     
1.99    8.26___11:19:22 64      30    34    2       ---   4     
16.23   8.26___11:19:57 65      30    35    2       +++   5     
1.3     8.26___11:20:11 66      31    35    2       ---   4     
11.16   8.26___11:20:42 67      31    36    2       +++   5     
1.24    8.26___11:20:56 68      32    36    2       ---   4     
1.16    8.26___11:21:9  69      33    36    2       ---   3     
1.11    8.26___11:21:21 70      34    36    2       ---   2     
1.74    8.26___11:21:37 71      35    36    1.99    ---   1     
1.39    8.26___11:21:52 72      36    36    1.99    ---   0     
1.01    8.26___11:22:3  73      37    36    1.98    ---   -1    
3.82    8.26___11:22:24 74      37    37    1.99    +++   0     
2.17    8.26___11:22:42 75      37    38    1.99    +++   1     
1.2     8.26___11:22:55 76      38    38    1.99    ---   0     
1.14    8.26___11:23:8  77      39    38    1.98    ---   -1    
1.92    8.26___11:23:24 78      40    38    1.98    ---   -2    
1.27    8.26___11:23:38 79      41    38    1.95    ---   -3    
7.6     8.26___11:24:5  80      41    39    1.98    +++   -2    
1.71    8.26___11:24:21 81      42    39    1.95    ---   -3    
1.16    8.26___11:24:34 82      43    39    1.93    ---   -4    
6.26    8.26___11:24:59 83      43    40    1.95    +++   -3    
1.15    8.26___11:25:12 84      44    40    1.93    ---   -4    
1.5     8.26___11:25:27 85      45    40    1.92    ---   -5    
2.74    8.26___11:25:46 86      45    41    1.93    +++   -4    
3.81    8.26___11:26:7  87      45    42    1.95    +++   -3    
16.21   8.26___11:26:42 88      45    43    1.98    +++   -2    
10.88   8.26___11:27:13 89      45    44    1.98    +++   -1    
4.03    8.26___11:27:34 90      45    45    1.99    +++   0     
3.08    8.26___11:27:54 91      45    46    1.99    +++   1     
1.93    8.26___11:28:11 92      46    46    1.99    ---   0     
7.12    8.26___11:28:37 93      46    47    1.99    +++   1     
10.44   8.26___11:29:7  94      46    48    2       +++   2     
1.61    8.26___11:29:22 95      47    48    1.99    ---   1     
2.32    8.26___11:29:40 96      47    49    2       +++   2     
1.55    8.26___11:29:55 97      48    49    1.99    ---   1     
1.65    8.26___11:30:11 98      49    49    1.99    ---   0     
1.09    8.26___11:30:23 99      50    49    1.98    ---   -1    
1.06    8.26___11:30:35 100     51    49    1.98    ---   -2    
1.87    8.26___11:30:52 101     52    49    1.95    ---   -3    
2.42    8.26___11:31:10 102     52    50    1.98    +++   -2    
1.03    8.26___11:31:22 103     53    50    1.95    ---   -3    
1.14    8.26___11:31:35 104     54    50    1.93    ---   -4    
6.32    8.26___11:32:0  105     54    51    1.95    +++   -3    
1.25    8.26___11:32:13 106     55    51    1.93    ---   -4    
4.17    8.26___11:32:35 107     55    52    1.95    +++   -3    
2.94    8.26___11:32:55 108     55    53    1.98    +++   -2    
1.18    8.26___11:33:8  109     56    53    1.95    ---   -3    
2.5     8.26___11:33:26 110     56    54    1.98    +++   -2    
1.32    8.26___11:33:40 111     57    54    1.95    ---   -3    
12.87   8.26___11:34:12 112     57    55    1.98    +++   -2    
1.83    8.26___11:34:29 113     58    55    1.95    ---   -3    
1.63    8.26___11:34:44 114     59    55    1.93    ---   -4    
1.21    8.26___11:34:58 115     60    55    1.93    ---   -5    
2.77    8.26___11:35:17 116     60    56    1.93    +++   -4    
2.05    8.26___11:35:34 117     60    57    1.95    +++   -3    
1.86    8.26___11:35:50 118     61    57    1.93    ---   -4    
4.32    8.26___11:36:12 119     61    58    1.95    +++   -3    
1.19    8.26___11:36:26 120     62    58    1.93    ---   -4    
1.34    8.26___11:36:40 121     63    58    1.93    ---   -5    
2.09    8.26___11:36:57 122     63    59    1.93    +++   -4    
2.18    8.26___11:37:14 123     63    60    1.95    +++   -3    
1       8.26___11:37:25 124     64    60    1.93    ---   -4    
12.09   8.26___11:37:57 125     64    61    1.95    +++   -3    
1.85    8.26___11:38:13 126     65    61    1.93    ---   -4    
8.79    8.26___11:38:41 127     65    62    1.95    +++   -3    
16.91   8.26___11:39:17 128     65    63    1.98    +++   -2    
1.1     8.26___11:39:29 129     66    63    1.95    ---   -3    
1.25    8.26___11:39:43 130     67    63    1.93    ---   -4    
3.52    8.26___11:40:4  131     67    64    1.95    +++   -3    
3.29    8.26___11:40:24 132     67    65    1.98    +++   -2    
1.98    8.26___11:40:41 133     68    65    1.98    ---   -3    
4.17    8.26___11:41:2  134     68    66    1.98    +++   -2    
1.01    8.26___11:41:14 135     69    66    1.98    ---   -3    
1.13    8.26___11:41:26 136     70    66    1.98    ---   -4    
1.51    8.26___11:41:41 137     71    66    1.95    ---   -5    
1.55    8.26___11:41:57 138     72    66    1.93    ---   -6    
1.22    8.26___11:42:10 139     73    66    1.93    ---   -7    
1.48    8.26___11:42:25 140     74    66    1.93    ---   -8    
5.43    8.26___11:42:49 141     74    67    1.93    +++   -7    
1.09    8.26___11:43:2  142     75    67    1.93    ---   -8    
1.06    8.26___11:43:14 143     76    67    1.92    ---   -9    
1.18    8.26___11:43:27 144     77    67    1.92    ---   -10   
1.36    8.26___11:43:41 145     78    67    1.91    ---   -11   
3.89    8.26___11:44:2  146     78    68    1.92    +++   -10   
8.24    8.26___11:44:30 147     78    69    1.92    +++   -9    
1.61    8.26___11:44:45 148     79    69    1.92    ---   -10   
1.23    8.26___11:44:59 149     80    69    1.91    ---   -11   
5.1     8.26___11:45:22 150     80    70    1.92    +++   -10   
1       8.26___11:45:33 151     81    70    1.91    ---   -11   
4.95    8.26___11:45:56 152     81    71    1.92    +++   -10   
2.01    8.26___11:46:13 153     81    72    1.92    +++   -9    
6.74    8.26___11:46:39 154     81    73    1.93    +++   -8    
1.55    8.26___11:46:54 155     82    73    1.92    ---   -9    
1.12    8.26___11:47:7  156     83    73    1.92    ---   -10   
1.38    8.26___11:47:21 157     84    73    1.91    ---   -11   
24.56   8.26___11:48:2  158     84    74    1.92    +++   -10   
1.72    8.26___11:48:18 159     85    74    1.91    ---   -11   
1.31    8.26___11:48:32 160     86    74    1.9     ---   -12   
30.88   8.26___11:49:17 161     86    75    1.91    +++   -11   
5.26    8.26___11:49:41 162     86    76    1.92    +++   -10   
1.06    8.26___11:49:53 163     87    76    1.91    ---   -11   
1.88    8.26___11:50:9  164     88    76    1.9     ---   -12   
1.86    8.26___11:50:26 165     89    76    1.9     ---   -13   
1       8.26___11:50:36 166     90    76    1.9     ---   -14   
1       8.26___11:50:47 167     91    76    1.89    ---   -15   
4.47    8.26___11:51:9  168     91    77    1.9     +++   -14   
4.33    8.26___11:51:31 169     91    78    1.9     +++   -13   
4.95    8.26___11:51:55 170     91    79    1.9     +++   -12   
4.18    8.26___11:52:16 171     91    80    1.91    +++   -11   
1.07    8.26___11:52:29 172     92    80    1.9     ---   -12   
2.02    8.26___11:52:46 173     92    81    1.91    +++   -11   
2.23    8.26___11:53:3  174     92    82    1.92    +++   -10   
3.4     8.26___11:53:24 175     92    83    1.92    +++   -9    
1.89    8.26___11:53:40 176     93    83    1.92    ---   -10   
1.36    8.26___11:53:55 177     94    83    1.91    ---   -11   
19.74   8.26___11:54:33 178     94    84    1.92    +++   -10   
1.21    8.26___11:54:46 179     95    84    1.91    ---   -11   
1.01    8.26___11:54:57 180     96    84    1.9     ---   -12   
1.79    8.26___11:55:13 181     97    84    1.9     ---   -13   
1.71    8.26___11:55:29 182     98    84    1.9     ---   -14   
24.96   8.26___11:56:11 183     98    85    1.9     +++   -13   
1.22    8.26___11:56:24 184     99    85    1.9     ---   -14   
3.16    8.26___11:56:44 185     99    86    1.9     +++   -13   
2.68    8.26___11:57:3  186     99    87    1.9     +++   -12   
2.79    8.26___11:57:22 187     99    88    1.91    +++   -11   
1.4     8.26___11:57:36 188     100   88    1.9     ---   -12   
1.22    8.26___11:57:50 189     101   88    1.9     ---   -13   
1.12    8.26___11:58:3  190     102   88    1.9     ---   -14   
3.69    8.26___11:58:24 191     102   89    1.9     +++   -13   
2.61    8.26___11:58:42 192     102   90    1.9     +++   -12   
2.39    8.26___11:59:0  193     102   91    1.91    +++   -11   
1.03    8.26___11:59:12 194     103   91    1.9     ---   -12   
1.27    8.26___11:59:26 195     104   91    1.9     ---   -13   
1.49    8.26___11:59:41 196     105   91    1.9     ---   -14   
1.27    8.26___11:59:54 197     106   91    1.89    ---   -15   
