9.35    8.29___19:49:54 1       0     1     9.35    +++   1     
8.38    8.29___19:50:22 2       0     2     8.86    +++   2     
3.3     8.29___19:50:42 3       0     3     8.38    +++   3     
2.6     8.29___19:51:0  4       0     4     5.84    +++   4     
1.47    8.29___19:51:15 5       1     4     3.3     ---   3     
7.86    8.29___19:51:42 6       1     5     5.58    +++   4     
1.04    8.29___19:51:54 7       2     5     3.3     ---   3     
1.27    8.29___19:52:8  8       3     5     2.95    ---   2     
1.6     8.29___19:52:24 9       4     5     2.6     ---   1     
3.64    8.29___19:52:44 10      4     6     2.95    +++   2     
7.8     8.29___19:53:11 11      4     7     3.3     +++   3     
22.21   8.29___19:53:51 12      4     8     3.47    +++   4     
4.21    8.29___19:54:13 13      4     9     3.64    +++   5     
20.78   8.29___19:54:52 14      4     10    3.92    +++   6     
5       8.29___19:55:15 15      4     11    4.21    +++   7     
1.79    8.29___19:55:31 16      5     11    3.92    ---   6     
4.78    8.29___19:55:54 17      5     12    4.21    +++   7     
1.38    8.29___19:56:8  18      6     12    3.92    ---   6     
6.4     8.29___19:56:34 19      6     13    4.21    +++   7     
1.88    8.29___19:56:50 20      7     13    3.92    ---   6     
1.46    8.29___19:57:5  21      8     13    3.64    ---   5     
1.1     8.29___19:57:18 22      9     13    3.47    ---   4     
1.44    8.29___19:57:32 23      10    13    3.3     ---   3     
1.38    8.29___19:57:47 24      11    13    2.95    ---   2     
1.07    8.29___19:57:59 25      12    13    2.6     ---   1     
2.93    8.29___19:58:19 26      12    14    2.76    +++   2     
7.99    8.29___19:58:46 27      12    15    2.93    +++   3     
1.6     8.29___19:59:1  28      13    15    2.76    ---   2     
1.32    8.29___19:59:15 29      14    15    2.6     ---   1     
4.14    8.29___19:59:37 30      14    16    2.76    +++   2     
1.17    8.29___19:59:50 31      15    16    2.6     ---   1     
