3.98    8.29___20:0:12  1       0     1     2.76    +++   1     
1.23    8.29___20:0:25  2       1     1     2.6     ---   0     
4.7     8.29___20:0:48  3       1     2     2.76    +++   1     
13.25   8.29___20:1:21  4       1     3     2.93    +++   2     
1.84    8.29___20:1:38  5       2     3     2.76    ---   1     
2.76    8.29___20:1:57  6       2     4     2.76    +++   2     
3.01    8.29___20:2:16  7       2     5     2.84    +++   3     
7.32    8.29___20:2:43  8       2     6     2.93    +++   4     
32.95   8.29___20:3:29  9       2     7     2.97    +++   5     
12.16   8.29___20:4:1   10      2     8     3.01    +++   6     
7.16    8.29___20:4:27  11      2     9     3.15    +++   7     
7.74    8.29___20:4:54  12      2     10    3.3     +++   8     
3.37    8.29___20:5:14  13      2     11    3.33    +++   9     
1.55    8.29___20:5:29  14      3     11    3.3     ---   8     
2.2     8.29___20:5:47  15      3     12    3.15    +++   9     
4.04    8.29___20:6:9   16      3     13    3.3     +++   10    
2       8.29___20:6:25  17      3     14    3.15    +++   11    
1.01    8.29___20:6:37  18      4     14    3.01    ---   10    
23.77   8.29___20:7:17  19      4     15    3.15    +++   11    
1.05    8.29___20:7:29  20      5     15    3.01    ---   10    
