2.7     10.2___12:35:39 1       0     1     2.7     +++   1     
3.22    10.2___12:35:58 2       0     2     2.96    +++   2     
9.13    10.2___12:36:25 3       0     3     3.22    +++   3     
1.02    10.2___12:36:36 4       1     3     2.96    ---   2     
9.82    10.2___12:37:4  5       1     4     3.22    +++   3     
26.55   10.2___12:37:43 6       1     5     6.17    +++   4     
1       10.2___12:37:53 7       2     5     3.22    ---   3     
1.08    10.2___12:40:0  8       3     5     2.96    ---   2     
14.25   10.2___12:40:31 9       3     6     3.22    +++   3     
1.03    10.2___12:40:42 10      4     6     2.96    ---   2     
1.24    10.2___12:40:56 11      5     6     2.7     ---   1     
1.28    10.2___12:41:9  12      6     6     1.99    ---   0     
8.34    10.2___12:41:35 13      6     7     2.7     +++   1     
1.95    10.2___12:41:51 14      7     7     2.32    ---   0     
1.3     10.2___12:42:5  15      8     7     1.95    ---   -1    
3.13    10.2___12:42:24 16      8     8     2.32    +++   0     
1.69    10.2___12:42:39 17      9     8     1.95    ---   -1    
1.95    10.2___12:42:55 18      10    8     1.95    ---   -2    
21.6    10.2___12:43:32 19      10    9     1.95    +++   -1    
1.99    10.2___12:47:38 20      11    9     1.97    ---   -2    
2.4     10.2___12:47:56 21      11    10    1.99    +++   -1    
1.42    10.2___12:48:10 22      12    10    1.97    ---   -2    
1.19    10.2___12:48:23 23      13    10    1.95    ---   -3    
1.35    10.2___12:48:37 24      14    10    1.95    ---   -4    
5.19    10.2___12:48:59 25      14    11    1.95    +++   -3    
1.23    10.2___12:49:12 26      15    11    1.95    ---   -4    
1.14    10.2___12:49:25 27      16    11    1.95    ---   -5    
5.98    10.2___12:49:48 28      16    12    1.95    +++   -4    
10.08   10.2___12:50:16 29      16    13    1.95    +++   -3    
1.19    10.2___12:50:29 30      17    13    1.95    ---   -4    
3.44    10.2___12:50:49 31      17    14    1.95    +++   -3    
6.37    10.2___12:51:12 32      17    15    1.97    +++   -2    
6.42    10.2___12:51:36 33      17    16    1.99    +++   -1    
1.68    10.2___12:51:51 34      18    16    1.97    ---   -2    
7.65    10.2___12:52:17 35      18    17    1.99    +++   -1    
5.26    10.2___12:52:39 36      18    18    2.19    +++   0     
5.18    10.2___12:53:1  37      18    19    2.4     +++   1     
1.64    10.2___12:53:16 38      19    19    2.19    ---   0     
2.88    10.2___12:53:35 39      19    20    2.4     +++   1     
21.04   10.2___12:54:11 40      19    21    2.54    +++   2     
1.57    10.2___12:54:25 41      20    21    2.4     ---   1     
2.72    10.2___12:54:43 42      20    22    2.54    +++   2     
2.34    10.2___12:55:1  43      20    23    2.4     +++   3     
1.38    10.2___12:55:15 44      21    23    2.37    ---   2     
4.58    10.2___12:55:36 45      21    24    2.4     +++   3     
1.17    10.2___12:55:49 46      22    24    2.37    ---   2     
1.02    10.2___12:56:0  47      23    24    2.34    ---   1     
1.39    10.2___12:56:14 48      24    24    2.16    ---   0     
1.34    10.2___12:56:28 49      25    24    1.99    ---   -1    
2.08    10.2___12:56:45 50      25    25    2.03    +++   0     
1.1     10.2___12:56:57 51      26    25    1.99    ---   -1    
4.08    10.2___12:57:18 52      26    26    2.03    +++   0     
7.41    10.2___12:57:43 53      26    27    2.08    +++   1     
2.31    10.2___12:58:0  54      26    28    2.19    +++   2     
1.15    10.2___12:58:13 55      27    28    2.08    ---   1     
1.11    10.2___12:58:25 56      28    28    2.03    ---   0     
3.37    10.2___12:58:44 57      28    29    2.08    +++   1     
1.09    10.2___12:58:57 58      29    29    2.03    ---   0     
1.25    10.2___12:59:10 59      30    29    1.99    ---   -1    
21.55   10.2___12:59:46 60      30    30    2.03    +++   0     
