4.43    10.2___13:0:7   1       0     1     2.08    +++   1     
1.16    10.2___13:0:20  2       1     1     2.03    ---   0     
1.8     10.2___13:0:36  3       2     1     1.99    ---   -1    
1.9     10.2___13:0:52  4       3     1     1.97    ---   -2    
2.52    10.2___13:1:9   5       3     2     1.99    +++   -1    
16.85   10.2___13:1:43  6       3     3     2.03    +++   0     
3.8     10.2___13:2:3   7       3     4     2.08    +++   1     
2.86    10.2___13:2:21  8       3     5     2.19    +++   2     
10.42   10.2___13:2:49  9       3     6     2.31    +++   3     
12.67   10.2___13:3:19  10      3     7     2.32    +++   4     
1.16    10.2___13:3:32  11      4     7     2.31    ---   3     
1.89    10.2___13:3:48  12      5     7     2.19    ---   2     
1.86    10.2___13:4:4   13      6     7     2.08    ---   1     
7.21    10.2___13:4:28  14      6     8     2.19    +++   2     
1.95    10.2___13:4:45  15      7     8     2.08    ---   1     
8.11    10.2___13:5:10  16      7     9     2.19    +++   2     
1.22    10.2___13:5:24  17      8     9     2.08    ---   1     
30.2    10.2___13:6:5   18      8     10    2.19    +++   2     
1.45    10.2___13:6:19  19      9     10    2.08    ---   1     
1.43    10.2___13:6:33  20      10    10    2.03    ---   0     
1.92    10.2___13:6:50  21      11    10    1.99    ---   -1    
1.06    10.2___13:7:2   22      12    10    1.97    ---   -2    
2.53    10.2___13:7:19  23      12    11    1.99    +++   -1    
2.65    10.2___13:7:37  24      12    12    2.03    +++   0     
1.16    10.2___13:7:50  25      13    12    1.99    ---   -1    
1.03    10.2___13:8:2   26      14    12    1.97    ---   -2    
1.08    10.2___13:8:14  27      15    12    1.95    ---   -3    
1.42    10.2___13:8:28  28      16    12    1.95    ---   -4    
1.37    10.2___13:8:42  29      17    12    1.95    ---   -5    
2.34    10.2___13:8:59  30      17    13    1.95    +++   -4    
1       10.2___13:9:10  31      18    13    1.95    ---   -5    
23.08   10.2___13:9:47  32      18    14    1.95    +++   -4    
18.28   10.2___13:10:21 33      18    15    1.95    +++   -3    
1.05    10.2___13:10:33 34      19    15    1.95    ---   -4    
3.54    10.2___13:10:53 35      19    16    1.95    +++   -3    
1.3     10.2___13:11:6  36      20    16    1.95    ---   -4    
1.51    10.2___13:11:21 37      21    16    1.95    ---   -5    
2.64    10.2___13:11:39 38      21    17    1.95    +++   -4    
26.85   10.2___13:12:18 39      21    18    1.95    +++   -3    
1       10.2___13:12:29 40      22    18    1.95    ---   -4    
1.51    10.2___13:12:44 41      23    18    1.95    ---   -5    
6.24    10.2___13:13:7  42      23    19    1.95    +++   -4    
1.03    10.2___13:13:19 43      24    19    1.95    ---   -5    
1.51    10.2___13:13:33 44      25    19    1.95    ---   -6    
4.43    10.2___13:13:55 45      25    20    1.95    +++   -5    
1.18    10.2___13:14:8  46      26    20    1.95    ---   -6    
1.72    10.2___13:14:23 47      27    20    1.95    ---   -7    
5.08    10.2___13:14:45 48      27    21    1.95    +++   -6    
28.83   10.2___13:15:26 49      27    22    1.95    +++   -5    
2.22    10.2___13:15:42 50      27    23    1.95    +++   -4    
24.48   10.2___13:16:21 51      27    24    1.95    +++   -3    
2.6     10.2___13:16:38 52      27    25    1.97    +++   -2    
1.21    10.2___13:16:52 53      28    25    1.95    ---   -3    
30.72   10.2___13:17:33 54      28    26    1.97    +++   -2    
1.4     10.2___13:17:47 55      29    26    1.95    ---   -3    
1.79    10.2___13:18:3  56      30    26    1.95    ---   -4    
26.43   10.2___13:18:42 57      30    27    1.95    +++   -3    
2.42    10.2___13:19:0  58      30    28    1.97    +++   -2    
6.44    10.2___13:19:24 59      30    29    1.99    +++   -1    
5.86    10.2___13:19:47 60      30    30    2.03    +++   0     
1.71    10.2___13:20:2  61      31    30    1.99    ---   -1    
2.38    10.2___13:20:19 62      31    31    2.03    +++   0     
1.92    10.2___13:20:35 63      32    31    1.99    ---   -1    
1       10.2___13:20:46 64      33    31    1.97    ---   -2    
1.64    10.2___13:21:1  65      34    31    1.95    ---   -3    
1       10.2___13:21:11 66      35    31    1.95    ---   -4    
3.66    10.2___13:21:31 67      35    32    1.95    +++   -3    
1.01    10.2___13:21:42 68      36    32    1.95    ---   -4    
9.4     10.2___13:22:9  69      36    33    1.95    +++   -3    
1       10.2___13:22:20 70      37    33    1.95    ---   -4    
1.25    10.2___13:22:34 71      38    33    1.95    ---   -5    
3.85    10.2___13:22:54 72      38    34    1.95    +++   -4    
1.41    10.2___13:23:8  73      39    34    1.95    ---   -5    
2.38    10.2___13:23:25 74      39    35    1.95    +++   -4    
4.49    10.2___13:23:46 75      39    36    1.95    +++   -3    
1.02    10.2___13:23:58 76      40    36    1.95    ---   -4    
10.37   10.2___13:24:26 77      40    37    1.95    +++   -3    
1.26    10.2___13:24:39 78      41    37    1.95    ---   -4    
1.38    10.2___13:24:53 79      42    37    1.95    ---   -5    
6.99    10.2___13:25:18 80      42    38    1.95    +++   -4    
1.74    10.2___13:25:33 81      43    38    1.95    ---   -5    
1.38    10.2___13:25:47 82      44    38    1.95    ---   -6    
1.24    10.2___13:26:1  83      45    38    1.95    ---   -7    
2.03    10.2___13:26:17 84      45    39    1.95    +++   -6    
1.51    10.2___13:26:32 85      46    39    1.95    ---   -7    
1.1     10.2___13:26:44 86      47    39    1.93    ---   -8    
1.41    10.2___13:26:58 87      48    39    1.92    ---   -9    
1.99    10.2___13:27:15 88      49    39    1.93    ---   -10   
1.27    10.2___13:27:28 89      50    39    1.92    ---   -11   
1.33    10.2___13:27:42 90      51    39    1.92    ---   -12   
1.73    10.2___13:27:57 91      52    39    1.92    ---   -13   
2.27    10.2___13:28:14 92      52    40    1.92    +++   -12   
2.67    10.2___13:28:32 93      52    41    1.92    +++   -11   
1.51    10.2___13:28:47 94      53    41    1.92    ---   -12   
3.86    10.2___13:29:7  95      53    42    1.92    +++   -11   
2.05    10.2___13:29:23 96      53    43    1.93    +++   -10   
3.48    10.2___13:29:43 97      53    44    1.95    +++   -9    
4.16    10.2___13:30:4  98      53    45    1.95    +++   -8    
26.83   10.2___13:30:43 99      53    46    1.95    +++   -7    
3.94    10.2___13:31:3  100     53    47    1.95    +++   -6    
1.34    10.2___13:31:17 101     54    47    1.95    ---   -7    
3.77    10.2___13:31:37 102     54    48    1.95    +++   -6    
7.25    10.2___13:32:2  103     54    49    1.95    +++   -5    
1.63    10.2___13:32:17 104     55    49    1.95    ---   -6    
1.37    10.2___13:32:31 105     56    49    1.95    ---   -7    
1.66    10.2___13:32:46 106     57    49    1.95    ---   -8    
11.57   10.2___13:33:15 107     57    50    1.95    +++   -7    
2.4     10.2___13:33:33 108     57    51    1.95    +++   -6    
10.36   10.2___13:34:1  109     57    52    1.95    +++   -5    
1.18    10.2___13:34:14 110     58    52    1.95    ---   -6    
10.65   10.2___13:34:42 111     58    53    1.95    +++   -5    
3.89    10.2___13:35:2  112     58    54    1.97    +++   -4    
2.41    10.2___13:35:20 113     58    55    1.99    +++   -3    
1.19    10.2___13:35:33 114     59    55    1.97    ---   -4    
1.29    10.2___13:35:46 115     60    55    1.95    ---   -5    
1.53    10.2___13:36:1  116     61    55    1.95    ---   -6    
16.76   10.2___13:36:34 117     61    56    1.95    +++   -5    
2.88    10.2___13:36:53 118     61    57    1.97    +++   -4    
12.46   10.2___13:37:22 119     61    58    1.99    +++   -3    
9.86    10.2___13:37:50 120     61    59    1.99    +++   -2    
2.36    10.2___13:38:7  121     61    60    1.99    +++   -1    
11.91   10.2___13:38:37 122     61    61    2       +++   0     
5.39    10.2___13:38:59 123     61    62    2.02    +++   1     
1.24    10.2___13:39:12 124     62    62    2       ---   0     
8.5     10.2___13:39:39 125     62    63    2.02    +++   1     
3.02    10.2___13:39:57 126     62    64    2.04    +++   2     
1       10.2___13:40:8  127     63    64    2.02    ---   1     
2.07    10.2___13:40:24 128     63    65    2.04    +++   2     
3.46    10.2___13:40:44 129     63    66    2.04    +++   3     
1.49    10.2___13:40:58 130     64    66    2.04    ---   2     
2.52    10.2___13:41:16 131     64    67    2.04    +++   3     
14.25   10.2___13:41:47 132     64    68    2.05    +++   4     
1.03    10.2___13:41:59 133     65    68    2.04    ---   3     
2.31    10.2___13:42:16 134     65    69    2.05    +++   4     
1.05    10.2___13:42:28 135     66    69    2.04    ---   3     
2.23    10.2___13:42:45 136     66    70    2.05    +++   4     
1.35    10.2___13:42:59 137     67    70    2.04    ---   3     
1.83    10.2___13:43:14 138     68    70    2.04    ---   2     
5.47    10.2___13:43:37 139     68    71    2.04    +++   3     
1.23    10.2___13:43:50 140     69    71    2.04    ---   2     
3.8     10.2___13:44:10 141     69    72    2.04    +++   3     
2.74    10.2___13:44:28 142     69    73    2.05    +++   4     
3.21    10.2___13:44:48 143     69    74    2.06    +++   5     
1.52    10.2___13:45:2  144     70    74    2.05    ---   4     
1.34    10.2___13:45:16 145     71    74    2.04    ---   3     
6.23    10.2___13:45:40 146     71    75    2.05    +++   4     
2.01    10.2___13:45:56 147     71    76    2.04    +++   5     
2.52    10.2___13:46:14 148     71    77    2.05    +++   6     
2.38    10.2___13:46:31 149     71    78    2.06    +++   7     
2.41    10.2___13:46:48 150     71    79    2.07    +++   8     
8.32    10.2___13:47:14 151     71    80    2.08    +++   9     
4.8     10.2___13:47:36 152     71    81    2.15    +++   10    
10.87   10.2___13:48:4  153     71    82    2.22    +++   11    
2.33    10.2___13:48:21 154     71    83    2.22    +++   12    
1.62    10.2___13:48:36 155     72    83    2.22    ---   11    
1.08    10.2___13:48:49 156     73    83    2.15    ---   10    
2.64    10.2___13:49:6  157     73    84    2.22    +++   11    
6.58    10.2___13:49:30 158     73    85    2.22    +++   12    
4.13    10.2___13:49:51 159     73    86    2.23    +++   13    
3.86    10.2___13:50:11 160     73    87    2.25    +++   14    
1.39    10.2___13:50:25 161     74    87    2.23    ---   13    
1.26    10.2___13:50:39 162     75    87    2.22    ---   12    
1.1     10.2___13:50:51 163     76    87    2.22    ---   11    
2.23    10.2___13:51:8  164     76    88    2.22    +++   12    
1.67    10.2___13:51:23 165     77    88    2.22    ---   11    
8.8     10.2___13:51:50 166     77    89    2.22    +++   12    
1.23    10.2___13:52:3  167     78    89    2.22    ---   11    
1.37    10.2___13:52:17 168     79    89    2.15    ---   10    
1.55    10.2___13:52:32 169     80    89    2.08    ---   9     
1.74    10.2___13:52:47 170     81    89    2.07    ---   8     
1.84    10.2___13:53:3  171     82    89    2.06    ---   7     
2.01    10.2___13:53:19 172     82    90    2.05    +++   8     
1.38    10.2___13:53:34 173     83    90    2.04    ---   7     
4.12    10.2___13:53:54 174     83    91    2.05    +++   8     
1.82    10.2___13:54:10 175     84    91    2.04    ---   7     
3.93    10.2___13:54:30 176     84    92    2.05    +++   8     
2.05    10.2___13:54:47 177     84    93    2.04    +++   9     
3.76    10.2___13:55:7  178     84    94    2.05    +++   10    
4.53    10.2___13:55:28 179     84    95    2.06    +++   11    
1.01    10.2___13:55:39 180     85    95    2.05    ---   10    
1.02    10.2___13:55:50 181     86    95    2.04    ---   9     
23.37   10.2___13:56:28 182     86    96    2.05    +++   10    
2.18    10.2___13:56:45 183     86    97    2.06    +++   11    
3.26    10.2___13:57:4  184     86    98    2.07    +++   12    
1.56    10.2___13:57:19 185     87    98    2.06    ---   11    
18.99   10.2___13:57:53 186     87    99    2.07    +++   12    
1.05    10.2___13:58:5  187     88    99    2.06    ---   11    
1.61    10.2___13:58:20 188     89    99    2.05    ---   10    
2.65    10.2___13:58:38 189     89    100   2.06    +++   11    
1.46    10.2___13:58:52 190     90    100   2.05    ---   10    
4.06    10.2___13:59:13 191     90    101   2.06    +++   11    
1.91    10.2___13:59:29 192     91    101   2.05    ---   10    
2.23    10.2___13:59:46 193     91    102   2.06    +++   11    
