1.95    10.2___14:0:2   1       1     0     2.05    ---   -1    
28.49   10.2___14:0:42  2       1     1     2.06    +++   0     
17.71   10.2___14:1:16  3       1     2     2.07    +++   1     
1.27    10.2___14:1:30  4       2     2     2.06    ---   0     
1.75    10.2___14:1:45  5       3     2     2.05    ---   -1    
1       10.2___14:1:56  6       4     2     2.04    ---   -2    
1.49    10.2___14:2:10  7       5     2     2.04    ---   -3    
1.04    10.2___14:2:22  8       6     2     2.04    ---   -4    
19.03   10.2___14:2:57  9       6     3     2.04    +++   -3    
31.8    10.2___14:3:39  10      6     4     2.04    +++   -2    
2.18    10.2___14:3:56  11      6     5     2.05    +++   -1    
2.18    10.2___14:4:12  12      6     6     2.06    +++   0     
2.31    10.2___14:4:30  13      6     7     2.07    +++   1     
2.99    10.2___14:4:48  14      6     8     2.08    +++   2     
1.01    10.2___14:4:59  15      7     8     2.07    ---   1     
2.33    10.2___14:5:16  16      7     9     2.08    +++   2     
1.89    10.2___14:5:32  17      8     9     2.07    ---   1     
2.71    10.2___14:5:50  18      8     10    2.08    +++   2     
14.16   10.2___14:6:22  19      8     11    2.13    +++   3     
1.24    10.2___14:6:35  20      9     11    2.08    ---   2     
2.59    10.2___14:6:53  21      9     12    2.13    +++   3     
2.95    10.2___14:7:11  22      9     13    2.18    +++   4     
1.42    10.2___14:7:25  23      10    13    2.13    ---   3     
6.71    10.2___14:7:50  24      10    14    2.18    +++   4     
31.01   10.2___14:8:31  25      10    15    2.18    +++   5     
1.37    10.2___14:8:45  26      11    15    2.18    ---   4     
1.95    10.2___14:9:1   27      12    15    2.13    ---   3     
5.58    10.2___14:9:24  28      12    16    2.18    +++   4     
1.24    10.2___14:9:38  29      13    16    2.13    ---   3     
23.73   10.2___14:10:15 30      13    17    2.18    +++   4     
6.27    10.2___14:10:39 31      13    18    2.18    +++   5     
2.58    10.2___14:10:57 32      13    19    2.18    +++   6     
8.01    10.2___14:11:22 33      13    20    2.18    +++   7     
21.36   10.2___14:11:58 34      13    21    2.18    +++   8     
1.59    10.2___14:12:13 35      14    21    2.18    ---   7     
1.16    10.2___14:12:26 36      15    21    2.18    ---   6     
2.23    10.2___14:12:43 37      15    22    2.18    +++   7     
3.95    10.2___14:13:3  38      15    23    2.18    +++   8     
1.33    10.2___14:13:17 39      16    23    2.18    ---   7     
1.39    10.2___14:13:32 40      17    23    2.18    ---   6     
1.1     10.2___14:13:44 41      18    23    2.18    ---   5     
1.31    10.2___14:13:58 42      19    23    2.18    ---   4     
2       10.2___14:14:14 43      19    24    2.13    +++   5     
1.46    10.2___14:14:28 44      20    24    2.08    ---   4     
2.19    10.2___14:14:45 45      20    25    2.13    +++   5     
1.36    10.2___14:14:59 46      21    25    2.08    ---   4     
1.1     10.2___14:15:11 47      22    25    2.07    ---   3     
7.1     10.2___14:15:36 48      22    26    2.08    +++   4     
2.73    10.2___14:15:54 49      22    27    2.13    +++   5     
1.45    10.2___14:16:9  50      23    27    2.08    ---   4     
9.97    10.2___14:16:36 51      23    28    2.13    +++   5     
1.06    10.2___14:16:48 52      24    28    2.08    ---   4     
1       10.2___14:16:59 53      25    28    2.07    ---   3     
1       10.2___14:17:9  54      26    28    2.06    ---   2     
1.88    10.2___14:17:25 55      27    28    2.05    ---   1     
5.31    10.2___14:17:48 56      27    29    2.06    +++   2     
4.36    10.2___14:18:9  57      27    30    2.07    +++   3     
2.09    10.2___14:18:25 58      27    31    2.08    +++   4     
32.52   10.2___14:19:8  59      27    32    2.08    +++   5     
1.12    10.2___14:19:20 60      28    32    2.08    ---   4     
2.2     10.2___14:19:37 61      28    33    2.08    +++   5     
8.7     10.2___14:20:3  62      28    34    2.09    +++   6     
1.51    10.2___14:20:18 63      29    34    2.08    ---   5     
1.03    10.2___14:20:30 64      30    34    2.08    ---   4     
1.37    10.2___14:20:44 65      31    34    2.07    ---   3     
3.46    10.2___14:21:3  66      31    35    2.08    +++   4     
1.43    10.2___14:21:18 67      32    35    2.07    ---   3     
1.65    10.2___14:21:33 68      33    35    2.06    ---   2     
1.7     10.2___14:21:48 69      34    35    2.05    ---   1     
1.26    10.2___14:22:2  70      35    35    2.04    ---   0     
1.38    10.2___14:22:16 71      36    35    2.04    ---   -1    
1.03    10.2___14:22:27 72      37    35    2.04    ---   -2    
2.54    10.2___14:22:45 73      37    36    2.04    +++   -1    
11.6    10.2___14:23:14 74      37    37    2.04    +++   0     
2.11    10.2___14:23:31 75      37    38    2.05    +++   1     
2.71    10.2___14:23:48 76      37    39    2.06    +++   2     
1.69    10.2___14:24:4  77      38    39    2.05    ---   1     
10.8    10.2___14:24:32 78      38    40    2.06    +++   2     
1.22    10.2___14:24:45 79      39    40    2.05    ---   1     
2.17    10.2___14:25:2  80      39    41    2.06    +++   2     
1.68    10.2___14:25:17 81      40    41    2.05    ---   1     
1       10.2___14:25:28 82      41    41    2.04    ---   0     
4.75    10.2___14:25:50 83      41    42    2.05    +++   1     
1.09    10.2___14:26:2  84      42    42    2.04    ---   0     
22.45   10.2___14:26:39 85      42    43    2.05    +++   1     
1.55    10.2___14:26:53 86      43    43    2.04    ---   0     
8.88    10.2___14:27:20 87      43    44    2.05    +++   1     
1.99    10.2___14:27:36 88      44    44    2.04    ---   0     
1.06    10.2___14:27:48 89      45    44    2.04    ---   -1    
7.12    10.2___14:28:13 90      45    45    2.04    +++   0     
14.65   10.2___14:28:44 91      45    46    2.05    +++   1     
1.4     10.2___14:28:59 92      46    46    2.04    ---   0     
5.44    10.2___14:29:21 93      46    47    2.05    +++   1     
6.83    10.2___14:29:45 94      46    48    2.06    +++   2     
1.42    10.2___14:30:0  95      47    48    2.05    ---   1     
2.61    10.2___14:30:18 96      47    49    2.06    +++   2     
1.91    10.2___14:30:34 97      48    49    2.05    ---   1     
2.63    10.2___14:30:51 98      48    50    2.06    +++   2     
1.54    10.2___14:31:6  99      49    50    2.05    ---   1     
1.53    10.2___14:31:21 100     50    50    2.04    ---   0     
1.21    10.2___14:31:34 101     51    50    2.04    ---   -1    
5.32    10.2___14:31:57 102     51    51    2.04    +++   0     
1.04    10.2___14:32:8  103     52    51    2.04    ---   -1    
1.35    10.2___14:32:22 104     53    51    2.04    ---   -2    
15.81   10.2___14:32:55 105     53    52    2.04    +++   -1    
2.33    10.2___14:33:12 106     53    53    2.04    +++   0     
2.1     10.2___14:33:29 107     53    54    2.05    +++   1     
1.17    10.2___14:33:41 108     54    54    2.04    ---   0     
1       10.2___14:33:52 109     55    54    2.04    ---   -1    
2.38    10.2___14:34:9  110     55    55    2.04    +++   0     
6.11    10.2___14:34:33 111     55    56    2.05    +++   1     
1.34    10.2___14:34:47 112     56    56    2.04    ---   0     
2.47    10.2___14:35:4  113     56    57    2.05    +++   1     
1.15    10.2___14:35:17 114     57    57    2.04    ---   0     
1       10.2___14:35:28 115     58    57    2.04    ---   -1    
8.15    10.2___14:35:53 116     58    58    2.04    +++   0     
4.94    10.2___14:36:15 117     58    59    2.05    +++   1     
1.49    10.2___14:36:30 118     59    59    2.04    ---   0     
3.34    10.2___14:36:49 119     59    60    2.05    +++   1     
1.46    10.2___14:37:3  120     60    60    2.04    ---   0     
2.46    10.2___14:37:21 121     60    61    2.05    +++   1     
1.62    10.2___14:37:36 122     61    61    2.04    ---   0     
1.02    10.2___14:37:47 123     62    61    2.04    ---   -1    
2.32    10.2___14:38:4  124     62    62    2.04    +++   0     
1       10.2___14:38:15 125     63    62    2.04    ---   -1    
1.41    10.2___14:38:29 126     64    62    2.04    ---   -2    
1.57    10.2___14:38:44 127     65    62    2.04    ---   -3    
1.53    10.2___14:38:59 128     66    62    2.02    ---   -4    
1.04    10.2___14:39:11 129     67    62    2.01    ---   -5    
4.86    10.2___14:39:32 130     67    63    2.02    +++   -4    
10.59   10.2___14:40:0  131     67    64    2.04    +++   -3    
1.12    10.2___14:40:13 132     68    64    2.02    ---   -4    
6.25    10.2___14:40:37 133     68    65    2.04    +++   -3    
1.79    10.2___14:40:52 134     69    65    2.02    ---   -4    
2.65    10.2___14:41:10 135     69    66    2.04    +++   -3    
1.26    10.2___14:41:24 136     70    66    2.02    ---   -4    
20.77   10.2___14:41:59 137     70    67    2.04    +++   -3    
1.44    10.2___14:42:14 138     71    67    2.02    ---   -4    
1.64    10.2___14:42:29 139     72    67    2.01    ---   -5    
11.83   10.2___14:42:58 140     72    68    2.02    +++   -4    
1.07    10.2___14:43:11 141     73    68    2.01    ---   -5    
1.67    10.2___14:43:26 142     74    68    2       ---   -6    
3.29    10.2___14:43:45 143     74    69    2.01    +++   -5    
2.87    10.2___14:44:3  144     74    70    2.02    +++   -4    
28.17   10.2___14:44:44 145     74    71    2.04    +++   -3    
1.54    10.2___14:44:58 146     75    71    2.02    ---   -4    
3.68    10.2___14:45:18 147     75    72    2.04    +++   -3    
5.56    10.2___14:45:41 148     75    73    2.04    +++   -2    
1.05    10.2___14:45:53 149     76    73    2.04    ---   -3    
13.14   10.2___14:46:23 150     76    74    2.04    +++   -2    
4.05    10.2___14:46:44 151     76    75    2.04    +++   -1    
1.87    10.2___14:47:0  152     77    75    2.04    ---   -2    
8.06    10.2___14:47:25 153     77    76    2.04    +++   -1    
1.06    10.2___14:47:37 154     78    76    2.04    ---   -2    
1.15    10.2___14:47:50 155     79    76    2.04    ---   -3    
2.46    10.2___14:48:7  156     79    77    2.04    +++   -2    
1       10.2___14:48:18 157     80    77    2.04    ---   -3    
1.3     10.2___14:48:32 158     81    77    2.02    ---   -4    
2.3     10.2___14:48:49 159     81    78    2.04    +++   -3    
1.16    10.2___14:49:2  160     82    78    2.02    ---   -4    
9.5     10.2___14:49:29 161     82    79    2.04    +++   -3    
6.34    10.2___14:49:53 162     82    80    2.04    +++   -2    
1.03    10.2___14:50:4  163     83    80    2.04    ---   -3    
1.73    10.2___14:50:19 164     84    80    2.02    ---   -4    
6.29    10.2___14:50:43 165     84    81    2.04    +++   -3    
2.13    10.2___14:51:0  166     84    82    2.04    +++   -2    
1.01    10.2___14:51:11 167     85    82    2.04    ---   -3    
2.51    10.2___14:51:28 168     85    83    2.04    +++   -2    
1.53    10.2___14:51:43 169     86    83    2.04    ---   -3    
1.14    10.2___14:51:56 170     87    83    2.02    ---   -4    
1.12    10.2___14:52:8  171     88    83    2.01    ---   -5    
1.22    10.2___14:52:22 172     89    83    2       ---   -6    
1.37    10.2___14:52:36 173     90    83    2       ---   -7    
10.75   10.2___14:53:4  174     90    84    2       +++   -6    
1.01    10.2___14:53:15 175     91    84    2       ---   -7    
1.62    10.2___14:53:30 176     92    84    2       ---   -8    
1.48    10.2___14:53:45 177     93    84    2       ---   -9    
1.15    10.2___14:53:58 178     94    84    2       ---   -10   
1.89    10.2___14:54:14 179     95    84    1.99    ---   -11   
2.4     10.2___14:54:31 180     95    85    2       +++   -10   
1.66    10.2___14:54:46 181     96    85    1.99    ---   -11   
1.13    10.2___14:54:59 182     97    85    1.99    ---   -12   
6.13    10.2___14:55:22 183     97    86    1.99    +++   -11   
3.83    10.2___14:55:42 184     97    87    2       +++   -10   
1.61    10.2___14:55:58 185     98    87    1.99    ---   -11   
1.38    10.2___14:56:12 186     99    87    1.99    ---   -12   
1.2     10.2___14:56:25 187     100   87    1.99    ---   -13   
1.2     10.2___14:56:38 188     101   87    1.99    ---   -14   
9.01    10.2___14:57:5  189     101   88    1.99    +++   -13   
1.23    10.2___14:57:18 190     102   88    1.99    ---   -14   
5.8     10.2___14:57:41 191     102   89    1.99    +++   -13   
1.39    10.2___14:57:55 192     103   89    1.99    ---   -14   
1       10.2___14:58:6  193     104   89    1.99    ---   -15   
2.16    10.2___14:58:22 194     104   90    1.99    +++   -14   
1.37    10.2___14:58:36 195     105   90    1.99    ---   -15   
7.73    10.2___14:59:2  196     105   91    1.99    +++   -14   
1.32    10.2___14:59:15 197     106   91    1.99    ---   -15   
5.18    10.2___14:59:38 198     106   92    1.99    +++   -14   
