23.3    10.2___15:0:15  1       0     1     1.99    +++   1     
1.12    10.2___15:0:28  2       1     1     1.99    ---   0     
1.4     10.2___15:0:42  3       2     1     1.99    ---   -1    
1       10.2___15:0:52  4       3     1     1.99    ---   -2    
1.27    10.2___15:1:6   5       4     1     1.97    ---   -3    
2.56    10.2___15:1:23  6       4     2     1.99    +++   -2    
1.03    10.2___15:1:35  7       5     2     1.97    ---   -3    
2.08    10.2___15:1:52  8       5     3     1.99    +++   -2    
2.29    10.2___15:2:9   9       5     4     1.99    +++   -1    
2.9     10.2___15:2:27  10      5     5     1.99    +++   0     
5.7     10.2___15:2:50  11      5     6     1.99    +++   1     
1.37    10.2___15:3:4   12      6     6     1.99    ---   0     
2.09    10.2___15:3:20  13      6     7     1.99    +++   1     
1.65    10.2___15:3:36  14      7     7     1.99    ---   0     
2.69    10.2___15:3:54  15      7     8     1.99    +++   1     
8.73    10.2___15:4:20  16      7     9     1.99    +++   2     
1.2     10.2___15:4:33  17      8     9     1.99    ---   1     
3.87    10.2___15:4:53  18      8     10    1.99    +++   2     
1.1     10.2___15:5:6   19      9     10    1.99    ---   1     
2.06    10.2___15:5:22  20      9     11    1.99    +++   2     
7.53    10.2___15:5:47  21      9     12    1.99    +++   3     
1.24    10.2___15:6:0   22      10    12    1.99    ---   2     
1.62    10.2___15:6:16  23      11    12    1.99    ---   1     
1.07    10.2___15:6:28  24      12    12    1.99    ---   0     
2.05    10.2___15:6:44  25      12    13    1.99    +++   1     
1.7     10.2___15:6:59  26      13    13    1.99    ---   0     
9.04    10.2___15:7:26  27      13    14    1.99    +++   1     
1.45    10.2___15:7:40  28      14    14    1.99    ---   0     
24.51   10.2___15:8:19  29      14    15    1.99    +++   1     
1.26    10.2___15:8:33  30      15    15    1.99    ---   0     
2.43    10.2___15:8:50  31      15    16    1.99    +++   1     
2.1     10.2___15:9:7   32      15    17    1.99    +++   2     
1.33    10.2___15:9:20  33      16    17    1.99    ---   1     
1.05    10.2___15:9:32  34      17    17    1.99    ---   0     
1       10.2___15:9:43  35      18    17    1.99    ---   -1    
3.21    10.2___15:10:2  36      18    18    1.99    +++   0     
1.61    10.2___15:10:17 37      19    18    1.99    ---   -1    
3.8     10.2___15:10:37 38      19    19    1.99    +++   0     
28.01   10.2___15:11:17 39      19    20    1.99    +++   1     
1       10.2___15:11:28 40      20    20    1.99    ---   0     
1.72    10.2___15:11:43 41      21    20    1.99    ---   -1    
34.42   10.2___15:12:27 42      21    21    1.99    +++   0     
10.87   10.2___15:12:55 43      21    22    1.99    +++   1     
2.08    10.2___15:13:11 44      21    23    1.99    +++   2     
1.24    10.2___15:13:25 45      22    23    1.99    ---   1     
8.22    10.2___15:13:51 46      22    24    1.99    +++   2     
2.72    10.2___15:14:9  47      22    25    1.99    +++   3     
1.14    10.2___15:14:21 48      23    25    1.99    ---   2     
1.14    10.2___15:14:34 49      24    25    1.99    ---   1     
3.1     10.2___15:14:53 50      24    26    1.99    +++   2     
2.71    10.2___15:15:11 51      24    27    1.99    +++   3     
1.4     10.2___15:15:25 52      25    27    1.99    ---   2     
1.74    10.2___15:15:41 53      26    27    1.99    ---   1     
1.19    10.2___15:15:54 54      27    27    1.99    ---   0     
5.83    10.2___15:16:17 55      27    28    1.99    +++   1     
5.72    10.2___15:16:40 56      27    29    1.99    +++   2     
9.08    10.2___15:17:6  57      27    30    1.99    +++   3     
1       10.2___15:17:17 58      28    30    1.99    ---   2     
1.31    10.2___15:17:31 59      29    30    1.99    ---   1     
1.45    10.2___15:17:45 60      30    30    1.99    ---   0     
1.15    10.2___15:17:58 61      31    30    1.99    ---   -1    
19.49   10.2___15:18:33 62      31    31    1.99    +++   0     
1.14    10.2___15:18:45 63      32    31    1.99    ---   -1    
1.19    10.2___15:18:59 64      33    31    1.99    ---   -2    
5.85    10.2___15:19:22 65      33    32    1.99    +++   -1    
16.16   10.2___15:19:54 66      33    33    1.99    +++   0     
1.09    10.2___15:20:7  67      34    33    1.99    ---   -1    
1       10.2___15:20:17 68      35    33    1.99    ---   -2    
4.25    10.2___15:20:38 69      35    34    1.99    +++   -1    
1.07    10.2___15:20:50 70      36    34    1.99    ---   -2    
1.26    10.2___15:21:4  71      37    34    1.97    ---   -3    
1       10.2___15:21:14 72      38    34    1.95    ---   -4    
1.04    10.2___15:21:26 73      39    34    1.95    ---   -5    
2.03    10.2___15:21:42 74      39    35    1.95    +++   -4    
1.7     10.2___15:21:57 75      40    35    1.95    ---   -5    
1.16    10.2___15:22:10 76      41    35    1.95    ---   -6    
2.55    10.2___15:22:28 77      41    36    1.95    +++   -5    
2.51    10.2___15:22:45 78      41    37    1.95    +++   -4    
4.82    10.2___15:23:7  79      41    38    1.97    +++   -3    
1.77    10.2___15:23:23 80      42    38    1.95    ---   -4    
2.02    10.2___15:23:39 81      42    39    1.97    +++   -3    
2.82    10.2___15:23:57 82      42    40    1.99    +++   -2    
1.07    10.2___15:24:9  83      43    40    1.97    ---   -3    
5.9     10.2___15:24:33 84      43    41    1.99    +++   -2    
1.02    10.2___15:24:44 85      44    41    1.97    ---   -3    
3.8     10.2___15:25:4  86      44    42    1.99    +++   -2    
17.22   10.2___15:25:38 87      44    43    1.99    +++   -1    
4.39    10.2___15:25:59 88      44    44    1.99    +++   0     
1.89    10.2___15:26:15 89      45    44    1.99    ---   -1    
7.05    10.2___15:26:39 90      45    45    1.99    +++   0     
20.64   10.2___15:27:15 91      45    46    1.99    +++   1     
1.42    10.2___15:27:29 92      46    46    1.99    ---   0     
3.98    10.2___15:27:50 93      46    47    1.99    +++   1     
1.41    10.2___15:28:4  94      47    47    1.99    ---   0     
1.42    10.2___15:28:18 95      48    47    1.99    ---   -1    
22.55   10.2___15:28:55 96      48    48    1.99    +++   0     
7.79    10.2___15:29:20 97      48    49    1.99    +++   1     
1.39    10.2___15:29:35 98      49    49    1.99    ---   0     
1.35    10.2___15:29:49 99      50    49    1.99    ---   -1    
3.67    10.2___15:30:8  100     50    50    1.99    +++   0     
2.48    10.2___15:30:26 101     50    51    1.99    +++   1     
1.69    10.2___15:30:41 102     51    51    1.99    ---   0     
5.95    10.2___15:31:5  103     51    52    1.99    +++   1     
2.84    10.2___15:31:23 104     51    53    1.99    +++   2     
3.25    10.2___15:31:42 105     51    54    1.99    +++   3     
2.03    10.2___15:31:58 106     51    55    2       +++   4     
7.72    10.2___15:32:24 107     51    56    2       +++   5     
1.38    10.2___15:32:38 108     52    56    2       ---   4     
1.11    10.2___15:32:50 109     53    56    1.99    ---   3     
1.13    10.2___15:33:3  110     54    56    1.99    ---   2     
3.61    10.2___15:33:23 111     54    57    1.99    +++   3     
5.92    10.2___15:33:46 112     54    58    2       +++   4     
1.21    10.2___15:33:59 113     55    58    1.99    ---   3     
2.15    10.2___15:34:16 114     55    59    2       +++   4     
6.84    10.2___15:34:40 115     55    60    2       +++   5     
1       10.2___15:34:51 116     56    60    2       ---   4     
3.5     10.2___15:35:10 117     56    61    2       +++   5     
4.67    10.2___15:35:32 118     56    62    2       +++   6     
1.15    10.2___15:35:45 119     57    62    2       ---   5     
1.7     10.2___15:36:0  120     58    62    2       ---   4     
1.21    10.2___15:36:13 121     59    62    1.99    ---   3     
2.03    10.2___15:36:30 122     59    63    2       +++   4     
3.04    10.2___15:36:48 123     59    64    2       +++   5     
2.94    10.2___15:37:7  124     59    65    2       +++   6     
2.01    10.2___15:37:23 125     59    66    2       +++   7     
1       10.2___15:37:34 126     60    66    2       ---   6     
1.34    10.2___15:37:47 127     61    66    2       ---   5     
2.45    10.2___15:38:5  128     61    67    2       +++   6     
2.08    10.2___15:38:21 129     61    68    2       +++   7     
1.33    10.2___15:38:35 130     62    68    2       ---   6     
1.5     10.2___15:38:50 131     63    68    2       ---   5     
3.53    10.2___15:39:10 132     63    69    2       +++   6     
2.86    10.2___15:39:28 133     63    70    2       +++   7     
1.24    10.2___15:39:41 134     64    70    2       ---   6     
1.1     10.2___15:39:54 135     65    70    2       ---   5     
1.48    10.2___15:40:8  136     66    70    2       ---   4     
2.8     10.2___15:40:26 137     66    71    2       +++   5     
1.04    10.2___15:40:38 138     67    71    2       ---   4     
4.23    10.2___15:40:59 139     67    72    2       +++   5     
4.19    10.2___15:41:20 140     67    73    2       +++   6     
4.53    10.2___15:41:41 141     67    74    2       +++   7     
25.67   10.2___15:42:20 142     67    75    2       +++   8     
1.02    10.2___15:42:31 143     68    75    2       ---   7     
1.63    10.2___15:42:46 144     69    75    2       ---   6     
4.23    10.2___15:43:7  145     69    76    2       +++   7     
5       10.2___15:43:29 146     69    77    2       +++   8     
1.36    10.2___15:43:43 147     70    77    2       ---   7     
5.37    10.2___15:44:5  148     70    78    2       +++   8     
13.55   10.2___15:44:36 149     70    79    2       +++   9     
1.12    10.2___15:44:49 150     71    79    2       ---   8     
1.04    10.2___15:45:0  151     72    79    2       ---   7     
3.32    10.2___15:45:20 152     72    80    2       +++   8     
2.68    10.2___15:45:37 153     72    81    2       +++   9     
1.4     10.2___15:45:52 154     73    81    2       ---   8     
1.29    10.2___15:46:5  155     74    81    2       ---   7     
1.97    10.2___15:46:21 156     75    81    2       ---   6     
2.49    10.2___15:46:39 157     75    82    2       +++   7     
1.17    10.2___15:46:52 158     76    82    2       ---   6     
1.29    10.2___15:47:6  159     77    82    2       ---   5     
1.47    10.2___15:47:20 160     78    82    2       ---   4     
1.06    10.2___15:47:32 161     79    82    1.99    ---   3     
1.63    10.2___15:47:47 162     80    82    1.99    ---   2     
1.16    10.2___15:48:0  163     81    82    1.99    ---   1     
1.79    10.2___15:48:16 164     82    82    1.99    ---   0     
1.8     10.2___15:48:31 165     83    82    1.99    ---   -1    
1.48    10.2___15:48:46 166     84    82    1.99    ---   -2    
1.13    10.2___15:48:58 167     85    82    1.98    ---   -3    
1       10.2___15:49:9  168     86    82    1.97    ---   -4    
1.61    10.2___15:49:24 169     87    82    1.96    ---   -5    
4.74    10.2___15:49:45 170     87    83    1.97    +++   -4    
2       10.2___15:50:2  171     87    84    1.98    +++   -3    
2.85    10.2___15:50:20 172     87    85    1.99    +++   -2    
5.71    10.2___15:50:43 173     87    86    1.99    +++   -1    
3.17    10.2___15:51:2  174     87    87    1.99    +++   0     
1.76    10.2___15:51:17 175     88    87    1.99    ---   -1    
1.13    10.2___15:51:30 176     89    87    1.99    ---   -2    
1.1     10.2___15:51:42 177     90    87    1.98    ---   -3    
1.15    10.2___15:51:55 178     91    87    1.97    ---   -4    
15.15   10.2___15:52:27 179     91    88    1.98    +++   -3    
1.27    10.2___15:52:41 180     92    88    1.97    ---   -4    
2.43    10.2___15:52:58 181     92    89    1.98    +++   -3    
1.96    10.2___15:53:14 182     93    89    1.97    ---   -4    
4.39    10.2___15:53:35 183     93    90    1.98    +++   -3    
1.01    10.2___15:53:46 184     94    90    1.97    ---   -4    
2.54    10.2___15:54:4  185     94    91    1.98    +++   -3    
1.2     10.2___15:54:17 186     95    91    1.97    ---   -4    
2.8     10.2___15:54:35 187     95    92    1.98    +++   -3    
1.55    10.2___15:54:50 188     96    92    1.97    ---   -4    
1.49    10.2___15:55:5  189     97    92    1.96    ---   -5    
2.4     10.2___15:55:22 190     97    93    1.97    +++   -4    
20.41   10.2___15:55:58 191     97    94    1.98    +++   -3    
3.77    10.2___15:56:18 192     97    95    1.99    +++   -2    
2.74    10.2___15:56:36 193     97    96    1.99    +++   -1    
2.91    10.2___15:56:54 194     97    97    1.99    +++   0     
1.1     10.2___15:57:7  195     98    97    1.99    ---   -1    
2.76    10.2___15:57:25 196     98    98    1.99    +++   0     
1.18    10.2___15:57:38 197     99    98    1.99    ---   -1    
1.53    10.2___15:57:52 198     100   98    1.99    ---   -2    
1.66    10.2___15:58:8  199     101   98    1.98    ---   -3    
2.21    10.2___15:58:24 200     101   99    1.99    +++   -2    
1.28    10.2___15:58:38 201     102   99    1.98    ---   -3    
1.01    10.2___15:58:49 202     103   99    1.97    ---   -4    
4.07    10.2___15:59:10 203     103   100   1.98    +++   -3    
2.13    10.2___15:59:26 204     103   101   1.99    +++   -2    
1.99    10.2___15:59:42 205     104   101   1.99    ---   -3    
