2.5     10.2___16:0:0   1       0     1     1.99    +++   1     
1.14    10.2___16:0:13  2       1     1     1.99    ---   0     
3.84    10.2___16:0:33  3       1     2     1.99    +++   1     
1.7     10.2___16:0:48  4       2     2     1.99    ---   0     
28.36   10.2___16:1:29  5       2     3     1.99    +++   1     
2.49    10.2___16:1:46  6       2     4     1.99    +++   2     
1.86    10.2___16:2:2   7       3     4     1.99    ---   1     
4.85    10.2___16:2:24  8       3     5     1.99    +++   2     
7.94    10.2___16:2:49  9       3     6     1.99    +++   3     
1.28    10.2___16:3:3   10      4     6     1.99    ---   2     
2.3     10.2___16:3:20  11      4     7     1.99    +++   3     
1.4     10.2___16:3:34  12      5     7     1.99    ---   2     
1.22    10.2___16:3:47  13      6     7     1.99    ---   1     
1.08    10.2___16:4:0   14      7     7     1.99    ---   0     
2.99    10.2___16:4:18  15      7     8     1.99    +++   1     
2.5     10.2___16:4:36  16      7     9     1.99    +++   2     
1.87    10.2___16:4:52  17      8     9     1.99    ---   1     
1.08    10.2___16:5:4   18      9     9     1.99    ---   0     
15.26   10.2___16:5:36  19      9     10    1.99    +++   1     
1.86    10.2___16:5:52  20      10    10    1.99    ---   0     
1.03    10.2___16:6:3   21      11    10    1.99    ---   -1    
7.79    10.2___16:6:29  22      11    11    1.99    +++   0     
1.18    10.2___16:6:42  23      12    11    1.99    ---   -1    
2.22    10.2___16:6:58  24      12    12    1.99    +++   0     
3.19    10.2___16:7:17  25      12    13    1.99    +++   1     
1       10.2___16:7:28  26      13    13    1.99    ---   0     
1.06    10.2___16:7:40  27      14    13    1.99    ---   -1    
1.41    10.2___16:7:54  28      15    13    1.98    ---   -2    
1       10.2___16:8:5   29      16    13    1.97    ---   -3    
4.1     10.2___16:8:25  30      16    14    1.98    +++   -2    
3.68    10.2___16:8:45  31      16    15    1.99    +++   -1    
1.27    10.2___16:8:59  32      17    15    1.98    ---   -2    
2.42    10.2___16:9:16  33      17    16    1.99    +++   -1    
7.33    10.2___16:9:41  34      17    17    1.99    +++   0     
1.14    10.2___16:9:54  35      18    17    1.99    ---   -1    
1.85    10.2___16:10:9  36      19    17    1.98    ---   -2    
1.68    10.2___16:10:25 37      20    17    1.97    ---   -3    
1.52    10.2___16:10:39 38      21    17    1.96    ---   -4    
4.67    10.2___16:11:1  39      21    18    1.97    +++   -3    
1       10.2___16:11:11 40      22    18    1.96    ---   -4    
2.91    10.2___16:11:30 41      22    19    1.97    +++   -3    
1.78    10.2___16:11:45 42      23    19    1.96    ---   -4    
19.88   10.2___16:12:21 43      23    20    1.97    +++   -3    
3.04    10.2___16:12:39 44      23    21    1.98    +++   -2    
2.22    10.2___16:12:56 45      23    22    1.99    +++   -1    
1.06    10.2___16:13:8  46      24    22    1.98    ---   -2    
1.28    10.2___16:13:22 47      25    22    1.97    ---   -3    
1.17    10.2___16:13:35 48      26    22    1.96    ---   -4    
16.47   10.2___16:14:8  49      26    23    1.97    +++   -3    
4.93    10.2___16:14:30 50      26    24    1.98    +++   -2    
1.88    10.2___16:14:46 51      27    24    1.97    ---   -3    
5.1     10.2___16:15:8  52      27    25    1.98    +++   -2    
27.91   10.2___16:15:48 53      27    26    1.99    +++   -1    
15.42   10.2___16:16:20 54      27    27    1.99    +++   0     
1.08    10.2___16:16:32 55      28    27    1.99    ---   -1    
21.91   10.2___16:17:9  56      28    28    1.99    +++   0     
1.23    10.2___16:17:22 57      29    28    1.99    ---   -1    
5.23    10.2___16:17:44 58      29    29    1.99    +++   0     
1       10.2___16:17:55 59      30    29    1.99    ---   -1    
4.86    10.2___16:18:16 60      30    30    1.99    +++   0     
1.2     10.2___16:18:29 61      31    30    1.99    ---   -1    
1.1     10.2___16:18:42 62      32    30    1.98    ---   -2    
1.02    10.2___16:18:53 63      33    30    1.97    ---   -3    
1.23    10.2___16:19:7  64      34    30    1.96    ---   -4    
1.95    10.2___16:19:23 65      35    30    1.96    ---   -5    
4.49    10.2___16:19:44 66      35    31    1.96    +++   -4    
1.61    10.2___16:19:59 67      36    31    1.96    ---   -5    
1.15    10.2___16:20:12 68      37    31    1.95    ---   -6    
1.13    10.2___16:20:24 69      38    31    1.95    ---   -7    
2.15    10.2___16:20:41 70      38    32    1.95    +++   -6    
1.53    10.2___16:20:56 71      39    32    1.95    ---   -7    
1.77    10.2___16:21:11 72      40    32    1.95    ---   -8    
1.16    10.2___16:21:24 73      41    32    1.95    ---   -9    
2.7     10.2___16:21:42 74      41    33    1.95    +++   -8    
20.57   10.2___16:22:18 75      41    34    1.95    +++   -7    
2.93    10.2___16:22:36 76      41    35    1.95    +++   -6    
1.15    10.2___16:22:49 77      42    35    1.95    ---   -7    
1.47    10.2___16:23:4  78      43    35    1.95    ---   -8    
2.22    10.2___16:23:20 79      43    36    1.95    +++   -7    
26.66   10.2___16:24:0  80      43    37    1.95    +++   -6    
7.27    10.2___16:24:25 81      43    38    1.96    +++   -5    
1.12    10.2___16:24:37 82      44    38    1.95    ---   -6    
3.25    10.2___16:24:56 83      44    39    1.96    +++   -5    
1.29    10.2___16:25:10 84      45    39    1.95    ---   -6    
1.4     10.2___16:25:24 85      46    39    1.95    ---   -7    
1.19    10.2___16:25:37 86      47    39    1.95    ---   -8    
25.91   10.2___16:26:16 87      47    40    1.95    +++   -7    
3.04    10.2___16:26:35 88      47    41    1.95    +++   -6    
1.09    10.2___16:26:47 89      48    41    1.95    ---   -7    
2.23    10.2___16:27:4  90      48    42    1.95    +++   -6    
2.05    10.2___16:27:20 91      48    43    1.96    +++   -5    
2.99    10.2___16:27:39 92      48    44    1.96    +++   -4    
1.15    10.2___16:27:52 93      49    44    1.96    ---   -5    
1.69    10.2___16:28:7  94      50    44    1.95    ---   -6    
1.26    10.2___16:28:21 95      51    44    1.95    ---   -7    
2       10.2___16:28:37 96      51    45    1.95    +++   -6    
14.13   10.2___16:29:8  97      51    46    1.96    +++   -5    
2.39    10.2___16:29:25 98      51    47    1.96    +++   -4    
8.6     10.2___16:29:52 99      51    48    1.97    +++   -3    
1.81    10.2___16:30:7  100     52    48    1.96    ---   -4    
4.04    10.2___16:30:28 101     52    49    1.97    +++   -3    
2.27    10.2___16:30:45 102     52    50    1.98    +++   -2    
1.67    10.2___16:31:0  103     53    50    1.97    ---   -3    
4.19    10.2___16:31:21 104     53    51    1.98    +++   -2    
1.33    10.2___16:31:35 105     54    51    1.97    ---   -3    
1.17    10.2___16:31:47 106     55    51    1.96    ---   -4    
1.18    10.2___16:32:1  107     56    51    1.96    ---   -5    
5.76    10.2___16:32:23 108     56    52    1.96    +++   -4    
2.1     10.2___16:32:40 109     56    53    1.97    +++   -3    
2.15    10.2___16:32:57 110     56    54    1.98    +++   -2    
1.05    10.2___16:33:9  111     57    54    1.97    ---   -3    
3.28    10.2___16:33:28 112     57    55    1.98    +++   -2    
1.14    10.2___16:33:40 113     58    55    1.97    ---   -3    
1.75    10.2___16:33:56 114     59    55    1.96    ---   -4    
1.28    10.2___16:34:10 115     60    55    1.96    ---   -5    
2.49    10.2___16:34:27 116     60    56    1.96    +++   -4    
1.14    10.2___16:34:40 117     61    56    1.96    ---   -5    
1.31    10.2___16:34:54 118     62    56    1.95    ---   -6    
2.24    10.2___16:35:10 119     62    57    1.96    +++   -5    
1.26    10.2___16:35:24 120     63    57    1.95    ---   -6    
1.21    10.2___16:35:37 121     64    57    1.95    ---   -7    
3.14    10.2___16:35:56 122     64    58    1.95    +++   -6    
1.54    10.2___16:36:11 123     65    58    1.95    ---   -7    
1.25    10.2___16:36:24 124     66    58    1.95    ---   -8    
1.98    10.2___16:36:40 125     67    58    1.95    ---   -9    
4.7     10.2___16:37:2  126     67    59    1.95    +++   -8    
1.31    10.2___16:37:16 127     68    59    1.95    ---   -9    
1.1     10.2___16:37:28 128     69    59    1.95    ---   -10   
2.18    10.2___16:37:45 129     69    60    1.95    +++   -9    
14.69   10.2___16:38:16 130     69    61    1.95    +++   -8    
4.33    10.2___16:38:37 131     69    62    1.96    +++   -7    
21.08   10.2___16:39:13 132     69    63    1.96    +++   -6    
3.28    10.2___16:39:33 133     69    64    1.97    +++   -5    
3.22    10.2___16:39:52 134     69    65    1.97    +++   -4    
3       10.2___16:40:10 135     69    66    1.98    +++   -3    
1.82    10.2___16:40:26 136     70    66    1.97    ---   -4    
1.02    10.2___16:40:37 137     71    66    1.97    ---   -5    
7       10.2___16:41:2  138     71    67    1.97    +++   -4    
1.34    10.2___16:41:16 139     72    67    1.97    ---   -5    
1.68    10.2___16:41:31 140     73    67    1.96    ---   -6    
2.09    10.2___16:41:47 141     73    68    1.97    +++   -5    
2.66    10.2___16:42:5  142     73    69    1.97    +++   -4    
1.08    10.2___16:42:17 143     74    69    1.97    ---   -5    
1       10.2___16:42:28 144     75    69    1.96    ---   -6    
25.37   10.2___16:43:7  145     75    70    1.97    +++   -5    
1.57    10.2___16:43:22 146     76    70    1.96    ---   -6    
4.56    10.2___16:43:43 147     76    71    1.97    +++   -5    
4.12    10.2___16:44:4  148     76    72    1.97    +++   -4    
1.38    10.2___16:44:18 149     77    72    1.97    ---   -5    
2.44    10.2___16:44:35 150     77    73    1.97    +++   -4    
4.1     10.2___16:44:56 151     77    74    1.98    +++   -3    
10.69   10.2___16:45:24 152     77    75    1.98    +++   -2    
1.14    10.2___16:45:37 153     78    75    1.98    ---   -3    
21.64   10.2___16:46:13 154     78    76    1.98    +++   -2    
4.9     10.2___16:46:35 155     78    77    1.99    +++   -1    
1.83    10.2___16:46:51 156     79    77    1.98    ---   -2    
2.43    10.2___16:47:8  157     79    78    1.99    +++   -1    
1.21    10.2___16:47:21 158     80    78    1.98    ---   -2    
1.69    10.2___16:47:36 159     81    78    1.98    ---   -3    
2.09    10.2___16:47:53 160     81    79    1.98    +++   -2    
1.01    10.2___16:48:4  161     82    79    1.98    ---   -3    
1       10.2___16:48:15 162     83    79    1.97    ---   -4    
1.5     10.2___16:48:29 163     84    79    1.97    ---   -5    
1.27    10.2___16:48:43 164     85    79    1.96    ---   -6    
6.23    10.2___16:49:6  165     85    80    1.97    +++   -5    
11.5    10.2___16:49:35 166     85    81    1.97    +++   -4    
7.83    10.2___16:50:1  167     85    82    1.98    +++   -3    
1.37    10.2___16:50:15 168     86    82    1.97    ---   -4    
1.59    10.2___16:50:30 169     87    82    1.97    ---   -5    
9.64    10.2___16:50:57 170     87    83    1.97    +++   -4    
1.8     10.2___16:51:13 171     88    83    1.97    ---   -5    
9.57    10.2___16:51:40 172     88    84    1.97    +++   -4    
1.35    10.2___16:51:54 173     89    84    1.97    ---   -5    
1.1     10.2___16:52:6  174     90    84    1.96    ---   -6    
11.26   10.2___16:52:35 175     90    85    1.97    +++   -5    
3.28    10.2___16:52:54 176     90    86    1.97    +++   -4    
22.33   10.2___16:53:31 177     90    87    1.98    +++   -3    
1.84    10.2___16:53:47 178     91    87    1.97    ---   -4    
9.21    10.2___16:54:14 179     91    88    1.98    +++   -3    
1.83    10.2___16:54:29 180     92    88    1.97    ---   -4    
1.27    10.2___16:54:43 181     93    88    1.97    ---   -5    
1.48    10.2___16:54:57 182     94    88    1.96    ---   -6    
4.13    10.2___16:55:18 183     94    89    1.97    +++   -5    
2.17    10.2___16:55:35 184     94    90    1.97    +++   -4    
1.99    10.2___16:55:51 185     95    90    1.98    ---   -5    
1.49    10.2___16:56:6  186     96    90    1.97    ---   -6    
1.44    10.2___16:56:20 187     97    90    1.97    ---   -7    
1.29    10.2___16:56:34 188     98    90    1.96    ---   -8    
7.87    10.2___16:56:59 189     98    91    1.97    +++   -7    
1.23    10.2___16:57:13 190     99    91    1.96    ---   -8    
1.3     10.2___16:57:26 191     100   91    1.96    ---   -9    
1.31    10.2___16:57:40 192     101   91    1.95    ---   -10   
1.59    10.2___16:57:55 193     102   91    1.95    ---   -11   
2.37    10.2___16:58:12 194     102   92    1.95    +++   -10   
2.98    10.2___16:58:31 195     102   93    1.96    +++   -9    
1.52    10.2___16:58:46 196     103   93    1.95    ---   -10   
2.31    10.2___16:59:3  197     103   94    1.96    +++   -9    
1       10.2___16:59:13 198     104   94    1.95    ---   -10   
2.69    10.2___16:59:31 199     104   95    1.96    +++   -9    
