20.58   10.2___17:0:7   1       0     1     1.96    +++   1     
2.04    10.2___17:0:23  2       0     2     1.97    +++   2     
7.04    10.2___17:0:48  3       0     3     1.97    +++   3     
1.59    10.2___17:1:3   4       1     3     1.97    ---   2     
1.42    10.2___17:1:17  5       2     3     1.96    ---   1     
1.22    10.2___17:1:30  6       3     3     1.96    ---   0     
1.63    10.2___17:1:46  7       4     3     1.95    ---   -1    
1.61    10.2___17:2:1   8       5     3     1.95    ---   -2    
1.01    10.2___17:2:12  9       6     3     1.95    ---   -3    
1.12    10.2___17:2:24  10      7     3     1.95    ---   -4    
26.48   10.2___17:3:4   11      7     4     1.95    +++   -3    
20.63   10.2___17:3:39  12      7     5     1.95    +++   -2    
1.15    10.2___17:3:52  13      8     5     1.95    ---   -3    
1.15    10.2___17:4:5   14      9     5     1.95    ---   -4    
1.08    10.2___17:4:17  15      10    5     1.95    ---   -5    
1.36    10.2___17:4:31  16      11    5     1.95    ---   -6    
1.36    10.2___17:4:45  17      12    5     1.95    ---   -7    
1.21    10.2___17:4:58  18      13    5     1.95    ---   -8    
1.9     10.2___17:5:14  19      14    5     1.95    ---   -9    
1.91    10.2___17:5:30  20      15    5     1.95    ---   -10   
2.61    10.2___17:5:48  21      15    6     1.95    +++   -9    
7.29    10.2___17:6:13  22      15    7     1.95    +++   -8    
1.15    10.2___17:6:26  23      16    7     1.95    ---   -9    
10.18   10.2___17:6:53  24      16    8     1.95    +++   -8    
6.53    10.2___17:7:17  25      16    9     1.95    +++   -7    
2.18    10.2___17:7:34  26      16    10    1.95    +++   -6    
1       10.2___17:7:45  27      17    10    1.95    ---   -7    
1.65    10.2___17:8:0   28      18    10    1.95    ---   -8    
18.77   10.2___17:8:34  29      18    11    1.95    +++   -7    
2.04    10.2___17:8:51  30      18    12    1.95    +++   -6    
1.01    10.2___17:9:2   31      19    12    1.95    ---   -7    
1.25    10.2___17:9:15  32      20    12    1.95    ---   -8    
1.02    10.2___17:9:27  33      21    12    1.95    ---   -9    
8.12    10.2___17:9:52  34      21    13    1.95    +++   -8    
2.79    10.2___17:10:11 35      21    14    1.95    +++   -7    
1.01    10.2___17:10:22 36      22    14    1.95    ---   -8    
1.92    10.2___17:10:38 37      23    14    1.95    ---   -9    
1.81    10.2___17:10:54 38      24    14    1.95    ---   -10   
3.95    10.2___17:11:14 39      24    15    1.95    +++   -9    
1.8     10.2___17:11:30 40      25    15    1.95    ---   -10   
1.06    10.2___17:11:42 41      26    15    1.95    ---   -11   
1       10.2___17:11:52 42      27    15    1.95    ---   -12   
1.94    10.2___17:12:8  43      28    15    1.94    ---   -13   
1.03    10.2___17:12:20 44      29    15    1.94    ---   -14   
1.17    10.2___17:12:33 45      30    15    1.93    ---   -15   
1.27    10.2___17:12:46 46      31    15    1.92    ---   -16   
2.42    10.2___17:13:4  47      31    16    1.93    +++   -15   
7.11    10.2___17:13:28 48      31    17    1.94    +++   -14   
1.66    10.2___17:13:43 49      32    17    1.93    ---   -15   
4.21    10.2___17:14:4  50      32    18    1.94    +++   -14   
1.08    10.2___17:14:16 51      33    18    1.93    ---   -15   
1.05    10.2___17:14:28 52      34    18    1.92    ---   -16   
1.3     10.2___17:14:42 53      35    18    1.92    ---   -17   
20      10.2___17:15:17 54      35    19    1.92    +++   -16   
1.25    10.2___17:15:31 55      36    19    1.92    ---   -17   
1.42    10.2___17:15:45 56      37    19    1.92    ---   -18   
4.59    10.2___17:16:6  57      37    20    1.92    +++   -17   
1.24    10.2___17:16:20 58      38    20    1.92    ---   -18   
1.07    10.2___17:16:32 59      39    20    1.92    ---   -19   
1.35    10.2___17:16:46 60      40    20    1.92    ---   -20   
3.04    10.2___17:17:4  61      40    21    1.92    +++   -19   
1.82    10.2___17:17:20 62      41    21    1.92    ---   -20   
5.8     10.2___17:17:43 63      41    22    1.92    +++   -19   
18.08   10.2___17:18:17 64      41    23    1.92    +++   -18   
1.03    10.2___17:18:29 65      42    23    1.92    ---   -19   
1.34    10.2___17:18:43 66      43    23    1.92    ---   -20   
2       10.2___17:18:59 67      43    24    1.92    +++   -19   
1.6     10.2___17:19:14 68      44    24    1.92    ---   -20   
1.11    10.2___17:19:26 69      45    24    1.91    ---   -21   
1.6     10.2___17:19:41 70      46    24    1.91    ---   -22   
1.96    10.2___17:19:57 71      47    24    1.91    ---   -23   
2.03    10.2___17:20:14 72      47    25    1.92    +++   -22   
3.83    10.2___17:20:34 73      47    26    1.92    +++   -21   
3.37    10.2___17:20:53 74      47    27    1.92    +++   -20   
1.01    10.2___17:21:5  75      48    27    1.92    ---   -21   
1.14    10.2___17:21:18 76      49    27    1.92    ---   -22   
5.29    10.2___17:21:40 77      49    28    1.92    +++   -21   
2.3     10.2___17:21:57 78      49    29    1.92    +++   -20   
1.98    10.2___17:22:14 79      50    29    1.92    ---   -21   
1.57    10.2___17:22:29 80      51    29    1.92    ---   -22   
7.61    10.2___17:22:54 81      51    30    1.92    +++   -21   
20.68   10.2___17:23:30 82      51    31    1.92    +++   -20   
1.12    10.2___17:23:42 83      52    31    1.92    ---   -21   
1.84    10.2___17:23:58 84      53    31    1.92    ---   -22   
1.51    10.2___17:24:13 85      54    31    1.92    ---   -23   
1.7     10.2___17:24:28 86      55    31    1.92    ---   -24   
1.44    10.2___17:24:43 87      56    31    1.91    ---   -25   
1.32    10.2___17:24:56 88      57    31    1.91    ---   -26   
1.57    10.2___17:25:11 89      58    31    1.91    ---   -27   
1.58    10.2___17:25:26 90      59    31    1.91    ---   -28   
1.11    10.2___17:25:38 91      60    31    1.91    ---   -29   
1.08    10.2___17:25:51 92      61    31    1.91    ---   -30   
2.34    10.2___17:26:9  93      61    32    1.91    +++   -29   
1.49    10.2___17:26:23 94      62    32    1.91    ---   -30   
13.65   10.2___17:26:54 95      62    33    1.91    +++   -29   
2.19    10.2___17:27:11 96      62    34    1.91    +++   -28   
4.52    10.2___17:27:32 97      62    35    1.91    +++   -27   
2       10.2___17:27:48 98      62    36    1.91    +++   -26   
1.4     10.2___17:28:2  99      63    36    1.91    ---   -27   
1.25    10.2___17:28:16 100     64    36    1.91    ---   -28   
1.31    10.2___17:28:30 101     65    36    1.91    ---   -29   
29.21   10.2___17:29:10 102     65    37    1.91    +++   -28   
29.66   10.2___17:29:51 103     65    38    1.91    +++   -27   
1.71    10.2___17:30:7  104     66    38    1.91    ---   -28   
1.24    10.2___17:30:20 105     67    38    1.91    ---   -29   
1       10.2___17:30:31 106     68    38    1.91    ---   -30   
4.76    10.2___17:30:52 107     68    39    1.91    +++   -29   
1.19    10.2___17:31:5  108     69    39    1.91    ---   -30   
1.02    10.2___17:31:17 109     70    39    1.9     ---   -31   
1.25    10.2___17:31:30 110     71    39    1.9     ---   -32   
1       10.2___17:31:41 111     72    39    1.9     ---   -33   
1.33    10.2___17:31:55 112     73    39    1.9     ---   -34   
2.3     10.2___17:32:12 113     73    40    1.9     +++   -33   
2.8     10.2___17:32:30 114     73    41    1.9     +++   -32   
6.01    10.2___17:32:53 115     73    42    1.9     +++   -31   
24.57   10.2___17:54:50 116     73    43    1.91    +++   -30   
