23.38   9.31___19:0:35  1       0     1     2.02    +++   1     
17.52   9.31___19:1:8   2       0     2     2.02    +++   2     
1.24    9.31___19:1:22  3       1     2     2.02    ---   1     
1.25    9.31___19:1:35  4       2     2     2.01    ---   0     
1.18    9.31___19:1:48  5       3     2     2       ---   -1    
10.47   9.31___19:2:16  6       3     3     2.01    +++   0     
2.51    9.31___19:2:34  7       3     4     2.02    +++   1     
1.34    9.31___19:2:48  8       4     4     2.01    ---   0     
1.36    9.31___19:3:2   9       5     4     2       ---   -1    
2.96    9.31___19:3:20  10      5     5     2.01    +++   0     
1.68    9.31___19:3:36  11      6     5     2       ---   -1    
1.52    9.31___19:3:50  12      7     5     2       ---   -2    
1.23    9.31___19:4:4   13      8     5     2       ---   -3    
3.41    9.31___19:4:23  14      8     6     2       +++   -2    
1.22    9.31___19:4:37  15      9     6     2       ---   -3    
13.63   9.31___19:5:7   16      9     7     2       +++   -2    
3.07    9.31___19:5:26  17      9     8     2       +++   -1    
7.58    9.31___19:5:51  18      9     9     2.01    +++   0     
1.06    9.31___19:6:3   19      10    9     2       ---   -1    
1.28    9.31___19:6:17  20      11    9     2       ---   -2    
1.1     9.31___19:6:29  21      12    9     2       ---   -3    
1.41    9.31___19:6:44  22      13    9     2       ---   -4    
1.6     9.31___19:6:59  23      14    9     1.99    ---   -5    
5.74    9.31___19:7:22  24      14    10    2       +++   -4    
1.07    9.31___19:7:34  25      15    10    1.99    ---   -5    
1.63    9.31___19:7:49  26      16    10    1.99    ---   -6    
1.58    9.31___19:8:4   27      17    10    1.99    ---   -7    
1.55    9.31___19:8:19  28      18    10    1.98    ---   -8    
1.17    9.31___19:8:32  29      19    10    1.98    ---   -9    
3.31    9.31___19:8:51  30      19    11    1.98    +++   -8    
1.2     9.31___19:9:4   31      20    11    1.98    ---   -9    
1.3     9.31___19:9:18  32      21    11    1.97    ---   -10   
1       9.31___19:9:28  33      22    11    1.97    ---   -11   
3.27    9.31___19:9:47  34      22    12    1.97    +++   -10   
5.58    9.31___19:10:10 35      22    13    1.98    +++   -9    
1.27    9.31___19:10:24 36      23    13    1.97    ---   -10   
1.34    9.31___19:10:38 37      24    13    1.97    ---   -11   
2.78    9.31___19:10:56 38      24    14    1.97    +++   -10   
3.26    9.31___19:11:15 39      24    15    1.98    +++   -9    
22.36   9.31___19:11:52 40      24    16    1.98    +++   -8    
31.19   9.31___19:12:34 41      24    17    1.99    +++   -7    
7.09    9.31___19:12:58 42      24    18    1.99    +++   -6    
3.12    9.31___19:13:17 43      24    19    1.99    +++   -5    
1.09    9.31___19:13:29 44      25    19    1.99    ---   -6    
1.54    9.31___19:13:44 45      26    19    1.99    ---   -7    
1.23    9.31___19:13:58 46      27    19    1.98    ---   -8    
3.07    9.31___19:14:16 47      27    20    1.99    +++   -7    
2.37    9.31___19:14:34 48      27    21    1.99    +++   -6    
1.21    9.31___19:14:47 49      28    21    1.99    ---   -7    
3.84    9.31___19:15:7  50      28    22    1.99    +++   -6    
2.54    9.31___19:15:25 51      28    23    1.99    +++   -5    
1.06    9.31___19:15:37 52      29    23    1.99    ---   -6    
1.15    9.31___19:15:49 53      30    23    1.99    ---   -7    
1.4     9.31___19:16:4  54      31    23    1.98    ---   -8    
1.8     9.31___19:16:19 55      32    23    1.98    ---   -9    
6.62    9.31___19:16:43 56      32    24    1.98    +++   -8    
2.31    9.31___19:17:0  57      32    25    1.99    +++   -7    
2.51    9.31___19:17:18 58      32    26    1.99    +++   -6    
1.12    9.31___19:17:31 59      33    26    1.99    ---   -7    
21.77   9.31___19:18:7  60      33    27    1.99    +++   -6    
25.86   9.31___19:18:46 61      33    28    1.99    +++   -5    
23.83   9.31___19:19:24 62      33    29    2       +++   -4    
4.52    9.31___19:19:45 63      33    30    2       +++   -3    
2.3     9.31___19:20:2  64      33    31    2       +++   -2    
2.62    9.31___19:20:20 65      33    32    2       +++   -1    
1.04    9.31___19:20:32 66      34    32    2       ---   -2    
2.77    9.31___19:20:50 67      34    33    2       +++   -1    
11      9.31___19:21:18 68      34    34    2.01    +++   0     
21.1    9.31___19:21:55 69      34    35    2.02    +++   1     
29.93   9.31___19:22:36 70      34    36    2.02    +++   2     
1.8     9.31___19:22:51 71      35    36    2.02    ---   1     
1.04    9.31___19:23:3  72      36    36    2.01    ---   0     
1.2     9.31___19:23:16 73      37    36    2       ---   -1    
8.5     9.31___19:23:42 74      37    37    2.01    +++   0     
3.68    9.31___19:24:2  75      37    38    2.02    +++   1     
1.18    9.31___19:24:15 76      38    38    2.01    ---   0     
1.31    9.31___19:24:29 77      39    38    2       ---   -1    
1       9.31___19:24:40 78      40    38    2       ---   -2    
2.12    9.31___19:24:56 79      40    39    2       +++   -1    
1.77    9.31___19:25:12 80      41    39    2       ---   -2    
13.19   9.31___19:25:42 81      41    40    2       +++   -1    
1.75    9.31___19:25:58 82      42    40    2       ---   -2    
1.91    9.31___19:26:14 83      43    40    2       ---   -3    
20.99   9.31___19:26:50 84      43    41    2       +++   -2    
5.89    9.31___19:27:13 85      43    42    2       +++   -1    
3.6     9.31___19:27:33 86      43    43    2.01    +++   0     
2.87    9.31___19:27:51 87      43    44    2.02    +++   1     
27      9.31___19:28:31 88      43    45    2.02    +++   2     
8.63    9.31___19:28:57 89      43    46    2.02    +++   3     
3.62    9.31___19:29:17 90      43    47    2.04    +++   4     
3.01    9.31___19:29:36 91      43    48    2.06    +++   5     
1.19    9.31___19:29:49 92      44    48    2.04    ---   4     
2.22    9.31___19:30:6  93      44    49    2.06    +++   5     
1.69    9.31___19:30:21 94      45    49    2.04    ---   4     
1.91    9.31___19:30:37 95      46    49    2.02    ---   3     
7.62    9.31___19:31:2  96      46    50    2.04    +++   4     
1.19    9.31___19:31:15 97      47    50    2.02    ---   3     
22.69   9.31___19:31:52 98      47    51    2.04    +++   4     
2.95    9.31___19:32:11 99      47    52    2.06    +++   5     
1.49    9.31___19:32:26 100     48    52    2.04    ---   4     
1.08    9.31___19:32:38 101     49    52    2.02    ---   3     
34.86   9.31___19:33:22 102     49    53    2.04    +++   4     
1.1     9.31___19:33:34 103     50    53    2.02    ---   3     
2.53    9.31___19:33:52 104     50    54    2.04    +++   4     
2.86    9.31___19:34:10 105     50    55    2.06    +++   5     
1.25    9.31___19:34:23 106     51    55    2.04    ---   4     
2.97    9.31___19:34:42 107     51    56    2.06    +++   5     
2.64    9.31___19:35:0  108     51    57    2.06    +++   6     
15.91   9.31___19:35:33 109     51    58    2.06    +++   7     
1       9.31___19:35:43 110     52    58    2.06    ---   6     
5.79    9.31___19:36:6  111     52    59    2.06    +++   7     
1.11    9.31___19:36:19 112     53    59    2.06    ---   6     
1.02    9.31___19:36:45 113     54    59    2.06    ---   5     
13.62   9.31___19:37:16 114     54    60    2.06    +++   6     
1       9.31___19:37:27 115     55    60    2.06    ---   5     
2.25    9.31___19:37:44 116     55    61    2.06    +++   6     
9.64    9.31___19:38:11 117     55    62    2.06    +++   7     
1.47    9.31___19:38:26 118     56    62    2.06    ---   6     
1.36    9.31___19:39:0  119     57    62    2.06    ---   5     
4.6     9.31___19:39:22 120     57    63    2.06    +++   6     
1.88    9.31___19:39:38 121     58    63    2.06    ---   5     
1.09    9.31___19:39:50 122     59    63    2.04    ---   4     
1.11    9.31___19:40:3  123     60    63    2.02    ---   3     
5.19    9.31___19:40:25 124     60    64    2.04    +++   4     
2.1     9.31___19:40:42 125     60    65    2.06    +++   5     
21.65   9.31___19:41:18 126     60    66    2.06    +++   6     
1.11    9.31___19:41:31 127     61    66    2.06    ---   5     
2.38    9.31___19:41:48 128     61    67    2.06    +++   6     
5.39    9.31___19:42:10 129     61    68    2.06    +++   7     
1.71    9.31___19:42:26 130     62    68    2.06    ---   6     
2.17    9.31___19:42:43 131     62    69    2.06    +++   7     
1       9.31___19:42:53 132     63    69    2.06    ---   6     
1.14    9.31___19:43:6  133     64    69    2.06    ---   5     
1.43    9.31___19:43:20 134     65    69    2.04    ---   4     
12.15   9.31___19:43:50 135     65    70    2.06    +++   5     
1.16    9.31___19:44:3  136     66    70    2.04    ---   4     
4.8     9.31___19:44:24 137     66    71    2.06    +++   5     
1.98    9.31___19:44:41 138     67    71    2.04    ---   4     
3.32    9.31___19:45:0  139     67    72    2.06    +++   5     
1.2     9.31___19:45:13 140     68    72    2.04    ---   4     
21.49   9.31___19:45:49 141     68    73    2.06    +++   5     
2.43    9.31___19:46:7  142     68    74    2.06    +++   6     
5.09    9.31___19:46:29 143     68    75    2.06    +++   7     
1.4     9.31___19:46:43 144     69    75    2.06    ---   6     
1.51    9.31___19:46:58 145     70    75    2.06    ---   5     
1.79    9.31___19:47:13 146     71    75    2.04    ---   4     
4.8     9.31___19:47:35 147     71    76    2.06    +++   5     
5.23    9.31___19:47:57 148     71    77    2.06    +++   6     
2.36    9.31___19:48:15 149     71    78    2.06    +++   7     
1.04    9.31___19:48:27 150     72    78    2.06    ---   6     
10.18   9.31___19:48:54 151     72    79    2.06    +++   7     
1.51    9.31___19:49:9  152     73    79    2.06    ---   6     
2.81    9.31___19:49:27 153     73    80    2.06    +++   7     
1.19    9.31___19:49:40 154     74    80    2.06    ---   6     
18.48   9.31___19:50:15 155     74    81    2.06    +++   7     
9.72    9.31___19:50:42 156     74    82    2.07    +++   8     
1.25    9.31___19:50:56 157     75    82    2.06    ---   7     
2.38    9.31___19:51:13 158     75    83    2.07    +++   8     
3.14    9.31___19:51:32 159     75    84    2.08    +++   9     
1.89    9.31___19:51:48 160     76    84    2.07    ---   8     
5.42    9.31___19:52:11 161     76    85    2.08    +++   9     
1.14    9.31___19:52:23 162     77    85    2.07    ---   8     
2.11    9.31___19:52:40 163     77    86    2.08    +++   9     
2.56    9.31___19:52:58 164     77    87    2.08    +++   10    
2.45    9.31___19:53:15 165     77    88    2.08    +++   11    
1.09    9.31___19:53:28 166     78    88    2.08    ---   10    
1.26    9.31___19:53:41 167     79    88    2.08    ---   9     
1.78    9.31___19:53:57 168     80    88    2.07    ---   8     
2.35    9.31___19:54:14 169     80    89    2.08    +++   9     
1.27    9.31___19:54:28 170     81    89    2.07    ---   8     
2.53    9.31___19:54:46 171     81    90    2.08    +++   9     
1.4     9.31___19:54:59 172     82    90    2.07    ---   8     
1.9     9.31___19:55:16 173     83    90    2.06    ---   7     
7.77    9.31___19:55:41 174     83    91    2.07    +++   8     
2.43    9.31___19:55:58 175     83    92    2.08    +++   9     
4.54    9.31___19:56:20 176     83    93    2.08    +++   10    
1.16    9.31___19:56:32 177     84    93    2.08    ---   9     
2.03    9.31___19:56:49 178     84    94    2.07    +++   10    
3.54    9.31___19:57:9  179     84    95    2.08    +++   11    
2.45    9.31___19:57:26 180     84    96    2.08    +++   12    
1.31    9.31___19:57:40 181     85    96    2.08    ---   11    
2.78    9.31___19:57:58 182     85    97    2.08    +++   12    
1.33    9.31___19:58:12 183     86    97    2.08    ---   11    
2.43    9.31___19:58:29 184     86    98    2.08    +++   12    
1.79    9.31___19:58:45 185     87    98    2.08    ---   11    
1.24    9.31___19:58:59 186     88    98    2.07    ---   10    
1       9.31___19:59:9  187     89    98    2.06    ---   9     
1.63    9.31___19:59:24 188     90    98    2.06    ---   8     
2.86    9.31___19:59:43 189     90    99    2.06    +++   9     
1.13    9.31___19:59:55 190     91    99    2.06    ---   8     
