2.49    9.31___16:40:38 1       0     1     2.49    +++   1     
1.19    9.31___16:40:51 2       1     1     1.84    ---   0     
1       9.31___16:41:1  3       2     1     1.19    ---   -1    
1.15    9.31___16:41:14 4       3     1     1.17    ---   -2    
2.17    9.31___16:41:31 5       3     2     1.19    +++   -1    
1.31    9.31___16:41:45 6       4     2     1.25    ---   -2    
1.21    9.31___16:41:58 7       5     2     1.21    ---   -3    
1.07    9.31___16:42:10 8       6     2     1.2     ---   -4    
1.76    9.31___16:42:25 9       7     2     1.21    ---   -5    
6.96    9.31___16:42:50 10      7     3     1.26    +++   -4    
4.52    9.31___16:43:11 11      7     4     1.31    +++   -3    
26.03   9.31___16:43:50 12      7     5     1.53    +++   -2    
2.29    9.31___16:44:7  13      7     6     1.76    +++   -1    
2.33    9.31___16:44:24 14      7     7     1.96    +++   0     
1.26    9.31___16:44:38 15      8     7     1.76    ---   -1    
2.72    9.31___16:44:56 16      8     8     1.96    +++   0     
2.39    9.31___16:45:13 17      8     9     2.17    +++   1     
1       9.31___16:45:24 18      9     9     1.96    ---   0     
1       9.31___16:45:35 19      10    9     1.76    ---   -1    
1.16    9.31___16:45:48 20      11    9     1.53    ---   -2    
7.51    9.31___16:46:13 21      11    10    1.76    +++   -1    
1.83    9.31___16:46:28 22      12    10    1.79    ---   -2    
1.46    9.31___16:46:43 23      13    10    1.76    ---   -3    
2.86    9.31___16:47:1  24      13    11    1.79    +++   -2    
1.27    9.31___16:47:15 25      14    11    1.76    ---   -3    
1.97    9.31___16:47:31 26      15    11    1.79    ---   -4    
7.09    9.31___16:47:56 27      15    12    1.83    +++   -3    
1.35    9.31___16:48:10 28      16    12    1.79    ---   -4    
1.44    9.31___16:48:24 29      17    12    1.76    ---   -5    
21.69   9.31___16:49:0  30      17    13    1.79    +++   -4    
1.37    9.31___16:49:14 31      18    13    1.76    ---   -5    
7.78    9.31___16:49:40 32      18    14    1.79    +++   -4    
1.09    9.31___16:49:52 33      19    14    1.76    ---   -5    
1.71    9.31___16:50:7  34      20    14    1.73    ---   -6    
14.82   9.31___16:50:39 35      20    15    1.76    +++   -5    
1.55    9.31___16:50:54 36      21    15    1.73    ---   -6    
1.63    9.31___16:51:9  37      22    15    1.71    ---   -7    
1.34    9.31___16:51:23 38      23    15    1.67    ---   -8    
2.79    9.31___16:51:41 39      23    16    1.71    +++   -7    
6.04    9.31___16:52:5  40      23    17    1.73    +++   -6    
1       9.31___16:52:15 41      24    17    1.71    ---   -7    
2.54    9.31___16:52:33 42      24    18    1.73    +++   -6    
1.08    9.31___16:52:45 43      25    18    1.71    ---   -7    
24.59   9.31___16:53:23 44      25    19    1.73    +++   -6    
3.02    9.31___16:53:42 45      25    20    1.76    +++   -5    
20.04   9.31___16:54:17 46      25    21    1.79    +++   -4    
2.61    9.31___16:54:35 47      25    22    1.83    +++   -3    
1.45    9.31___16:54:49 48      26    22    1.79    ---   -4    
2.79    9.31___16:55:8  49      26    23    1.83    +++   -3    
2.01    9.31___16:55:24 50      26    24    1.9     +++   -2    
3.98    9.31___16:55:44 51      26    25    1.97    +++   -1    
2.39    9.31___16:56:2  52      26    26    1.98    +++   0     
1.11    9.31___16:56:14 53      27    26    1.97    ---   -1    
1.84    9.31___16:56:30 54      28    26    1.9     ---   -2    
2.02    9.31___16:56:46 55      28    27    1.97    +++   -1    
1.21    9.31___16:57:0  56      29    27    1.9     ---   -2    
5.7     9.31___16:57:23 57      29    28    1.97    +++   -1    
1.05    9.31___16:57:34 58      30    28    1.9     ---   -2    
2.71    9.31___16:57:52 59      30    29    1.97    +++   -1    
1.93    9.31___16:58:9  60      31    29    1.95    ---   -2    
1.76    9.31___16:58:24 61      32    29    1.93    ---   -3    
2.17    9.31___16:58:41 62      32    30    1.95    +++   -2    
3.64    9.31___16:59:1  63      32    31    1.97    +++   -1    
1.11    9.31___16:59:13 64      33    31    1.95    ---   -2    
1.02    9.31___16:59:24 65      34    31    1.93    ---   -3    
6.38    9.31___16:59:48 66      34    32    1.95    +++   -2    
