1.26    9.31___18:0:0   1       1     0     2.1     ---   -1    
1.69    9.31___18:0:15  2       2     0     2.1     ---   -2    
4.81    9.31___18:0:37  3       2     1     2.1     +++   -1    
1.57    9.31___18:0:52  4       3     1     2.1     ---   -2    
3.58    9.31___18:1:12  5       3     2     2.1     +++   -1    
2.29    9.31___18:1:29  6       3     3     2.11    +++   0     
1.67    9.31___18:1:44  7       4     3     2.1     ---   -1    
3.35    9.31___18:2:3   8       4     4     2.11    +++   0     
1.76    9.31___18:2:19  9       5     4     2.1     ---   -1    
1.45    9.31___18:2:33  10      6     4     2.1     ---   -2    
1.27    9.31___18:2:47  11      7     4     2.09    ---   -3    
2.03    9.31___18:3:3   12      7     5     2.09    +++   -2    
1.04    9.31___18:3:15  13      8     5     2.08    ---   -3    
1.68    9.31___18:3:30  14      9     5     2.06    ---   -4    
4.07    9.31___18:3:51  15      9     6     2.08    +++   -3    
24.28   9.31___18:4:29  16      9     7     2.09    +++   -2    
1.35    9.31___18:4:43  17      10    7     2.08    ---   -3    
2.9     9.31___18:5:1   18      10    8     2.09    +++   -2    
1.3     9.31___18:5:15  19      11    8     2.08    ---   -3    
1.48    9.31___18:5:30  20      12    8     2.06    ---   -4    
18.95   9.31___18:6:4   21      12    9     2.08    +++   -3    
2.74    9.31___18:6:22  22      12    10    2.09    +++   -2    
2.74    9.31___18:6:40  23      12    11    2.09    +++   -1    
1.6     9.31___18:6:55  24      13    11    2.09    ---   -2    
2.26    9.31___18:7:12  25      13    12    2.09    +++   -1    
21.48   9.31___18:7:49  26      13    13    2.1     +++   0     
1.43    9.31___18:8:3   27      14    13    2.09    ---   -1    
1.89    9.31___18:8:19  28      15    13    2.09    ---   -2    
1.98    9.31___18:8:35  29      16    13    2.08    ---   -3    
2.26    9.31___18:8:52  30      16    14    2.09    +++   -2    
13.19   9.31___18:9:23  31      16    15    2.09    +++   -1    
21.18   9.31___18:9:59  32      16    16    2.1     +++   0     
3.08    9.31___18:10:18 33      16    17    2.1     +++   1     
1.22    9.31___18:10:31 34      17    17    2.1     ---   0     
2.53    9.31___18:10:49 35      17    18    2.1     +++   1     
1.17    9.31___18:11:2  36      18    18    2.1     ---   0     
1.67    9.31___18:11:17 37      19    18    2.09    ---   -1    
1.59    9.31___18:11:32 38      20    18    2.09    ---   -2    
2.45    9.31___18:11:49 39      20    19    2.09    +++   -1    
1.22    9.31___18:12:3  40      21    19    2.09    ---   -2    
8.36    9.31___18:12:29 41      21    20    2.09    +++   -1    
1       9.31___18:12:39 42      22    20    2.09    ---   -2    
1.01    9.31___18:12:50 43      23    20    2.08    ---   -3    
1.07    9.31___18:13:3  44      24    20    2.06    ---   -4    
1.32    9.31___18:13:16 45      25    20    2.04    ---   -5    
10.36   9.31___18:13:44 46      25    21    2.06    +++   -4    
18.81   9.31___18:14:19 47      25    22    2.08    +++   -3    
1.53    9.31___18:14:34 48      26    22    2.06    ---   -4    
1.2     9.31___18:14:47 49      27    22    2.04    ---   -5    
1.59    9.31___18:15:2  50      28    22    2.02    ---   -6    
7.22    9.31___18:15:27 51      28    23    2.04    +++   -5    
11.57   9.31___18:15:56 52      28    24    2.06    +++   -4    
2.41    9.31___18:16:13 53      28    25    2.08    +++   -3    
1.7     9.31___18:16:28 54      29    25    2.06    ---   -4    
2.65    9.31___18:16:46 55      29    26    2.08    +++   -3    
1.3     9.31___18:17:0  56      30    26    2.06    ---   -4    
8.15    9.31___18:17:26 57      30    27    2.08    +++   -3    
4.91    9.31___18:17:47 58      30    28    2.09    +++   -2    
6.42    9.31___18:18:11 59      30    29    2.09    +++   -1    
1.1     9.31___18:18:24 60      31    29    2.09    ---   -2    
1.39    9.31___18:18:38 61      32    29    2.08    ---   -3    
2.33    9.31___18:18:55 62      32    30    2.09    +++   -2    
1.84    9.31___18:19:11 63      33    30    2.08    ---   -3    
2.23    9.31___18:19:28 64      33    31    2.09    +++   -2    
5.57    9.31___18:19:50 65      33    32    2.09    +++   -1    
1.07    9.31___18:20:3  66      34    32    2.09    ---   -2    
20.04   9.31___18:20:38 67      34    33    2.09    +++   -1    
1.42    9.31___18:20:52 68      35    33    2.09    ---   -2    
3.53    9.31___18:21:12 69      35    34    2.09    +++   -1    
21.28   9.31___18:21:48 70      35    35    2.1     +++   0     
1.09    9.31___18:22:1  71      36    35    2.09    ---   -1    
2.57    9.31___18:22:18 72      36    36    2.1     +++   0     
5       9.31___18:22:40 73      36    37    2.1     +++   1     
1.17    9.31___18:22:53 74      37    37    2.1     ---   0     
25.26   9.31___18:23:32 75      37    38    2.1     +++   1     
1.27    9.31___18:23:45 76      38    38    2.1     ---   0     
5.21    9.31___18:24:8  77      38    39    2.1     +++   1     
13.51   9.31___18:24:38 78      38    40    2.11    +++   2     
3.88    9.31___18:24:59 79      38    41    2.12    +++   3     
1.65    9.31___18:25:14 80      39    41    2.11    ---   2     
1.15    9.31___18:25:27 81      40    41    2.1     ---   1     
1.87    9.31___18:25:42 82      41    41    2.1     ---   0     
1.07    9.31___18:25:55 83      42    41    2.09    ---   -1    
2.98    9.31___18:26:13 84      42    42    2.1     +++   0     
1.3     9.31___18:26:27 85      43    42    2.09    ---   -1    
1       9.31___18:26:38 86      44    42    2.09    ---   -2    
1.03    9.31___18:26:49 87      45    42    2.08    ---   -3    
3.48    9.31___18:27:9  88      45    43    2.09    +++   -2    
2.81    9.31___18:27:27 89      45    44    2.09    +++   -1    
2.63    9.31___18:27:45 90      45    45    2.1     +++   0     
1.14    9.31___18:27:58 91      46    45    2.09    ---   -1    
1.81    9.31___18:28:13 92      47    45    2.09    ---   -2    
1.71    9.31___18:28:29 93      48    45    2.08    ---   -3    
2.22    9.31___18:28:46 94      48    46    2.09    +++   -2    
1.14    9.31___18:28:58 95      49    46    2.08    ---   -3    
3.27    9.31___18:29:18 96      49    47    2.09    +++   -2    
1.9     9.31___18:29:34 97      50    47    2.08    ---   -3    
17.71   9.31___18:30:7  98      50    48    2.09    +++   -2    
11.04   9.31___18:30:36 99      50    49    2.09    +++   -1    
1.14    9.31___18:30:49 100     51    49    2.09    ---   -2    
1.39    9.31___18:31:3  101     52    49    2.08    ---   -3    
1.14    9.31___18:31:16 102     53    49    2.06    ---   -4    
27.87   9.31___18:31:56 103     53    50    2.08    +++   -3    
5.41    9.31___18:32:18 104     53    51    2.09    +++   -2    
13.33   9.31___18:32:49 105     53    52    2.09    +++   -1    
1.67    9.31___18:33:4  106     54    52    2.09    ---   -2    
4.52    9.31___18:33:25 107     54    53    2.09    +++   -1    
2.19    9.31___18:33:42 108     54    54    2.1     +++   0     
1.76    9.31___18:33:58 109     55    54    2.09    ---   -1    
2.11    9.31___18:34:14 110     55    55    2.1     +++   0     
1.08    9.31___18:34:27 111     56    55    2.09    ---   -1    
1.05    9.31___18:34:38 112     57    55    2.09    ---   -2    
1.12    9.31___18:34:51 113     58    55    2.08    ---   -3    
1.15    9.31___18:35:4  114     59    55    2.06    ---   -4    
1.99    9.31___18:35:20 115     60    55    2.04    ---   -5    
4.62    9.31___18:35:42 116     60    56    2.06    +++   -4    
7.18    9.31___18:36:6  117     60    57    2.08    +++   -3    
1.28    9.31___18:36:20 118     61    57    2.06    ---   -4    
2.43    9.31___18:36:37 119     61    58    2.08    +++   -3    
1.33    9.31___18:36:51 120     62    58    2.06    ---   -4    
1.86    9.31___18:37:7  121     63    58    2.04    ---   -5    
6.85    9.31___18:37:31 122     63    59    2.06    +++   -4    
1       9.31___18:37:42 123     64    59    2.04    ---   -5    
2.08    9.31___18:37:59 124     64    60    2.06    +++   -4    
1.28    9.31___18:38:12 125     65    60    2.04    ---   -5    
2.78    9.31___18:38:30 126     65    61    2.06    +++   -4    
1.9     9.31___18:38:46 127     66    61    2.04    ---   -5    
2.84    9.31___18:39:5  128     66    62    2.06    +++   -4    
10.86   9.31___18:39:33 129     66    63    2.07    +++   -3    
1.2     9.31___18:39:46 130     67    63    2.06    ---   -4    
2.85    9.31___18:40:5  131     67    64    2.07    +++   -3    
1.2     9.31___18:40:18 132     68    64    2.06    ---   -4    
1.03    9.31___18:40:29 133     69    64    2.04    ---   -5    
2.65    9.31___18:40:47 134     69    65    2.06    +++   -4    
1.77    9.31___18:41:3  135     70    65    2.04    ---   -5    
1.11    9.31___18:41:15 136     71    65    2.02    ---   -6    
1.76    9.31___18:41:31 137     72    65    2.02    ---   -7    
4.43    9.31___18:41:52 138     72    66    2.02    +++   -6    
5.63    9.31___18:42:15 139     72    67    2.04    +++   -5    
1.39    9.31___18:42:29 140     73    67    2.02    ---   -6    
1.61    9.31___18:42:44 141     74    67    2.02    ---   -7    
1       9.31___18:42:55 142     75    67    2.02    ---   -8    
1.82    9.31___18:43:10 143     76    67    2.01    ---   -9    
1.22    9.31___18:43:24 144     77    67    2       ---   -10   
2.82    9.31___18:43:42 145     77    68    2.01    +++   -9    
6       9.31___18:44:5  146     77    69    2.02    +++   -8    
11.56   9.31___18:44:34 147     77    70    2.02    +++   -7    
1.51    9.31___18:44:49 148     78    70    2.02    ---   -8    
1.17    9.31___18:45:2  149     79    70    2.01    ---   -9    
1.2     9.31___18:45:15 150     80    70    2       ---   -10   
1       9.31___18:45:26 151     81    70    2       ---   -11   
1.16    9.31___18:45:38 152     82    70    2       ---   -12   
21.47   9.31___18:46:15 153     82    71    2       +++   -11   
5.42    9.31___18:46:37 154     82    72    2       +++   -10   
2.07    9.31___18:46:54 155     82    73    2.01    +++   -9    
1.72    9.31___18:47:9  156     83    73    2       ---   -10   
1.34    9.31___18:47:23 157     84    73    2       ---   -11   
7.63    9.31___18:47:48 158     84    74    2       +++   -10   
7.97    9.31___18:48:14 159     84    75    2.01    +++   -9    
3.5     9.31___18:48:34 160     84    76    2.02    +++   -8    
4.14    9.31___18:48:54 161     84    77    2.02    +++   -7    
1.18    9.31___18:49:7  162     85    77    2.02    ---   -8    
21.95   9.31___18:49:44 163     85    78    2.02    +++   -7    
1.16    9.31___18:49:57 164     86    78    2.02    ---   -8    
4.79    9.31___18:50:18 165     86    79    2.02    +++   -7    
9.49    9.31___18:50:45 166     86    80    2.02    +++   -6    
1       9.31___18:50:56 167     87    80    2.02    ---   -7    
1.86    9.31___18:51:12 168     88    80    2.02    ---   -8    
7.25    9.31___18:51:37 169     88    81    2.02    +++   -7    
9       9.31___18:52:3  170     88    82    2.02    +++   -6    
1.61    9.31___18:52:18 171     89    82    2.02    ---   -7    
1.3     9.31___18:52:32 172     90    82    2.02    ---   -8    
2.32    9.31___18:52:49 173     90    83    2.02    +++   -7    
1.29    9.31___18:53:3  174     91    83    2.02    ---   -8    
1.02    9.31___18:53:14 175     92    83    2.01    ---   -9    
1.58    9.31___18:53:29 176     93    83    2       ---   -10   
4.91    9.31___18:53:51 177     93    84    2.01    +++   -9    
13.85   9.31___18:54:22 178     93    85    2.02    +++   -8    
2.57    9.31___18:54:40 179     93    86    2.02    +++   -7    
2.08    9.31___18:54:56 180     93    87    2.02    +++   -6    
11.92   9.31___18:55:26 181     93    88    2.04    +++   -5    
1.09    9.31___18:55:38 182     94    88    2.02    ---   -6    
3.71    9.31___18:55:58 183     94    89    2.04    +++   -5    
4.01    9.31___18:56:19 184     94    90    2.06    +++   -4    
1.79    9.31___18:56:34 185     95    90    2.04    ---   -5    
1.7     9.31___18:56:50 186     96    90    2.02    ---   -6    
1       9.31___18:57:0  187     97    90    2.02    ---   -7    
8.88    9.31___18:57:27 188     97    91    2.02    +++   -6    
1.17    9.31___18:57:40 189     98    91    2.02    ---   -7    
1       9.31___18:57:50 190     99    91    2.02    ---   -8    
1.64    9.31___18:58:5  191     100   91    2.01    ---   -9    
1.85    9.31___18:58:21 192     101   91    2       ---   -10   
4.72    9.31___18:58:43 193     101   92    2.01    +++   -9    
2.91    9.31___18:59:2  194     101   93    2.02    +++   -8    
1.76    9.31___18:59:17 195     102   93    2.01    ---   -9    
