1.37    9.31___17:0:2   1       1     0     1.93    ---   -1    
1.85    9.31___17:0:18  2       2     0     1.89    ---   -2    
1       9.31___17:0:29  3       3     0     1.85    ---   -3    
1.06    9.31___17:0:41  4       4     0     1.84    ---   -4    
3.74    9.31___17:1:1   5       4     1     1.85    +++   -3    
2.89    9.31___17:1:19  6       4     2     1.89    +++   -2    
2.3     9.31___17:1:36  7       4     3     1.93    +++   -1    
1.39    9.31___17:1:50  8       5     3     1.89    ---   -2    
6.25    9.31___17:2:14  9       5     4     1.93    +++   -1    
6.43    9.31___17:2:38  10      5     5     1.95    +++   0     
5.21    9.31___17:3:0   11      5     6     1.97    +++   1     
1.45    9.31___17:3:14  12      6     6     1.95    ---   0     
1.95    9.31___17:3:30  13      7     6     1.95    ---   -1    
5.29    9.31___17:3:53  14      7     7     1.96    +++   0     
1.24    9.31___17:4:6   15      8     7     1.95    ---   -1    
2.16    9.31___17:4:23  16      8     8     1.96    +++   0     
4.92    9.31___17:4:45  17      8     9     1.97    +++   1     
2.1     9.31___17:5:1   18      8     10    1.98    +++   2     
6.49    9.31___17:5:25  19      8     11    2       +++   3     
4.36    9.31___17:5:46  20      8     12    2.01    +++   4     
3.42    9.31___17:6:6   21      8     13    2.02    +++   5     
1.75    9.31___17:6:21  22      9     13    2.01    ---   4     
3.81    9.31___17:6:41  23      9     14    2.02    +++   5     
4.47    9.31___17:7:2   24      9     15    2.06    +++   6     
24.16   9.31___17:7:40  25      9     16    2.1     +++   7     
1.51    9.31___17:7:55  26      10    16    2.06    ---   6     
6.61    9.31___17:8:19  27      10    17    2.1     +++   7     
1.07    9.31___17:8:31  28      11    17    2.06    ---   6     
1.64    9.31___17:8:46  29      12    17    2.02    ---   5     
23.09   9.31___17:9:24  30      12    18    2.06    +++   6     
3.61    9.31___17:9:43  31      12    19    2.1     +++   7     
1.65    9.31___17:9:58  32      13    19    2.06    ---   6     
1.03    9.31___17:10:10 33      14    19    2.02    ---   5     
1.33    9.31___17:10:24 34      15    19    2.01    ---   4     
1.35    9.31___17:10:38 35      16    19    2       ---   3     
1.42    9.31___17:10:52 36      17    19    1.98    ---   2     
2.26    9.31___17:11:9  37      17    20    2       +++   3     
1.64    9.31___17:11:24 38      18    20    1.98    ---   2     
1.4     9.31___17:11:39 39      19    20    1.97    ---   1     
1.37    9.31___17:11:53 40      20    20    1.96    ---   0     
2.28    9.31___17:12:10 41      20    21    1.97    +++   1     
1.13    9.31___17:12:22 42      21    21    1.96    ---   0     
1.49    9.31___17:12:37 43      22    21    1.95    ---   -1    
1.89    9.31___17:12:53 44      23    21    1.94    ---   -2    
1.77    9.31___17:13:8  45      24    21    1.93    ---   -3    
1.01    9.31___17:13:20 46      25    21    1.91    ---   -4    
1.19    9.31___17:13:33 47      26    21    1.89    ---   -5    
25.73   9.31___17:14:11 48      26    22    1.91    +++   -4    
4.91    9.31___17:14:33 49      26    23    1.93    +++   -3    
1.75    9.31___17:14:49 50      27    23    1.91    ---   -4    
1.1     9.31___17:15:1  51      28    23    1.89    ---   -5    
2.07    9.31___17:15:18 52      28    24    1.91    +++   -4    
1.07    9.31___17:15:30 53      29    24    1.89    ---   -5    
1.28    9.31___17:15:43 54      30    24    1.87    ---   -6    
1.41    9.31___17:15:58 55      31    24    1.85    ---   -7    
11.95   9.31___17:16:28 56      31    25    1.87    +++   -6    
3.71    9.31___17:16:47 57      31    26    1.89    +++   -5    
2.81    9.31___17:17:5  58      31    27    1.91    +++   -4    
2.2     9.31___17:17:22 59      31    28    1.93    +++   -3    
1.87    9.31___17:17:38 60      32    28    1.91    ---   -4    
1.17    9.31___17:17:51 61      33    28    1.89    ---   -5    
2.21    9.31___17:18:8  62      33    29    1.91    +++   -4    
5.2     9.31___17:18:30 63      33    30    1.93    +++   -3    
2.43    9.31___17:18:47 64      33    31    1.94    +++   -2    
1.62    9.31___17:19:2  65      34    31    1.93    ---   -3    
2.14    9.31___17:19:19 66      34    32    1.94    +++   -2    
20.4    9.31___17:19:55 67      34    33    1.95    +++   -1    
1.58    9.31___17:20:9  68      35    33    1.94    ---   -2    
2.37    9.31___17:20:27 69      35    34    1.95    +++   -1    
2.88    9.31___17:20:45 70      35    35    1.96    +++   0     
4.26    9.31___17:21:6  71      35    36    1.97    +++   1     
1.61    9.31___17:21:21 72      36    36    1.96    ---   0     
2.68    9.31___17:21:39 73      36    37    1.97    +++   1     
1.01    9.31___17:21:50 74      37    37    1.96    ---   0     
2.49    9.31___17:22:8  75      37    38    1.97    +++   1     
1.07    9.31___17:22:20 76      38    38    1.96    ---   0     
2.44    9.31___17:22:37 77      38    39    1.97    +++   1     
1.52    9.31___17:22:52 78      39    39    1.96    ---   0     
2.26    9.31___17:23:9  79      39    40    1.97    +++   1     
9.52    9.31___17:23:36 80      39    41    1.98    +++   2     
1.22    9.31___17:23:49 81      40    41    1.97    ---   1     
2.79    9.31___17:24:8  82      40    42    1.98    +++   2     
1       9.31___17:24:18 83      41    42    1.97    ---   1     
1       9.31___17:24:29 84      42    42    1.96    ---   0     
1.69    9.31___17:24:44 85      43    42    1.95    ---   -1    
1.17    9.31___17:24:57 86      44    42    1.94    ---   -2    
1.8     9.31___17:25:13 87      45    42    1.93    ---   -3    
2.01    9.31___17:25:29 88      45    43    1.94    +++   -2    
5.84    9.31___17:25:52 89      45    44    1.95    +++   -1    
2.23    9.31___17:26:9  90      45    45    1.96    +++   0     
28.02   9.31___17:26:49 91      45    46    1.97    +++   1     
3.05    9.31___17:27:8  92      45    47    1.98    +++   2     
4.57    9.31___17:27:29 93      45    48    2       +++   3     
1.18    9.31___17:27:42 94      46    48    1.98    ---   2     
1.05    9.31___17:27:54 95      47    48    1.97    ---   1     
3.1     9.31___17:28:13 96      47    49    1.98    +++   2     
8.96    9.31___17:28:39 97      47    50    2       +++   3     
1.73    9.31___17:28:55 98      48    50    1.98    ---   2     
2.11    9.31___17:29:11 99      48    51    2       +++   3     
2.62    9.31___17:29:29 100     48    52    2       +++   4     
3.6     9.31___17:29:49 101     48    53    2       +++   5     
3.68    9.31___17:30:9  102     48    54    2.01    +++   6     
3.78    9.31___17:30:29 103     48    55    2.02    +++   7     
1.19    9.31___17:30:42 104     49    55    2.01    ---   6     
1.2     9.31___17:30:55 105     50    55    2       ---   5     
22.81   9.31___17:31:32 106     50    56    2.01    +++   6     
11.7    9.31___17:32:1  107     50    57    2.02    +++   7     
2.19    9.31___17:32:18 108     50    58    2.04    +++   8     
6.35    9.31___17:32:42 109     50    59    2.06    +++   9     
1.11    9.31___17:32:54 110     51    59    2.04    ---   8     
1.08    9.31___17:33:6  111     52    59    2.02    ---   7     
2.57    9.31___17:33:24 112     52    60    2.04    +++   8     
1.9     9.31___17:33:40 113     53    60    2.02    ---   7     
2.66    9.31___17:33:58 114     53    61    2.04    +++   8     
1.72    9.31___17:34:13 115     54    61    2.02    ---   7     
2.59    9.31___17:34:31 116     54    62    2.04    +++   8     
1.35    9.31___17:34:46 117     55    62    2.02    ---   7     
1       9.31___17:34:56 118     56    62    2.01    ---   6     
4.53    9.31___17:35:17 119     56    63    2.02    +++   7     
7.18    9.31___17:35:42 120     56    64    2.04    +++   8     
3.26    9.31___17:36:1  121     56    65    2.06    +++   9     
1.27    9.31___17:36:14 122     57    65    2.04    ---   8     
2.87    9.31___17:36:33 123     57    66    2.06    +++   9     
1.03    9.31___17:36:44 124     58    66    2.04    ---   8     
3.71    9.31___17:37:4  125     58    67    2.06    +++   9     
7.61    9.31___17:37:29 126     58    68    2.08    +++   10    
18.92   9.31___17:38:4  127     58    69    2.1     +++   11    
2.57    9.31___17:38:22 128     58    70    2.1     +++   12    
3.65    9.31___17:38:42 129     58    71    2.11    +++   13    
1.34    9.31___17:38:55 130     59    71    2.1     ---   12    
27.84   9.31___17:39:35 131     59    72    2.11    +++   13    
1.31    9.31___17:39:49 132     60    72    2.1     ---   12    
3.84    9.31___17:40:10 133     60    73    2.11    +++   13    
1.32    9.31___17:40:23 134     61    73    2.1     ---   12    
3.47    9.31___17:40:43 135     61    74    2.11    +++   13    
3.45    9.31___17:41:2  136     61    75    2.12    +++   14    
1.73    9.31___17:41:18 137     62    75    2.11    ---   13    
3.77    9.31___17:41:38 138     62    76    2.12    +++   14    
1.95    9.31___17:41:54 139     63    76    2.11    ---   13    
1.3     9.31___17:42:8  140     64    76    2.1     ---   12    
19.43   9.31___17:42:43 141     64    77    2.11    +++   13    
1.36    9.31___17:42:57 142     65    77    2.1     ---   12    
2.49    9.31___17:43:14 143     65    78    2.11    +++   13    
5.01    9.31___17:43:36 144     65    79    2.12    +++   14    
1.17    9.31___17:43:49 145     66    79    2.11    ---   13    
1.34    9.31___17:44:3  146     67    79    2.1     ---   12    
1.14    9.31___17:44:16 147     68    79    2.1     ---   11    
1.07    9.31___17:44:28 148     69    79    2.08    ---   10    
2.27    9.31___17:44:45 149     69    80    2.1     +++   11    
2.21    9.31___17:45:2  150     69    81    2.1     +++   12    
3.8     9.31___17:45:22 151     69    82    2.11    +++   13    
1.17    9.31___17:45:35 152     70    82    2.1     ---   12    
28.39   9.31___17:46:15 153     70    83    2.11    +++   13    
1.47    9.31___17:46:30 154     71    83    2.1     ---   12    
1.91    9.31___17:46:46 155     72    83    2.1     ---   11    
1.99    9.31___17:47:2  156     73    83    2.08    ---   10    
7.27    9.31___17:47:27 157     73    84    2.1     +++   11    
3.45    9.31___17:47:46 158     73    85    2.1     +++   12    
2.93    9.31___17:48:5  159     73    86    2.11    +++   13    
5.47    9.31___17:48:27 160     73    87    2.12    +++   14    
1.94    9.31___17:48:43 161     74    87    2.11    ---   13    
1.27    9.31___17:48:57 162     75    87    2.1     ---   12    
15.56   9.31___17:49:29 163     75    88    2.11    +++   13    
3.76    9.31___17:49:49 164     75    89    2.12    +++   14    
1.08    9.31___17:50:1  165     76    89    2.11    ---   13    
1.48    9.31___17:50:16 166     77    89    2.1     ---   12    
2.69    9.31___17:50:34 167     77    90    2.11    +++   13    
5.43    9.31___17:50:57 168     77    91    2.12    +++   14    
26.16   9.31___17:51:36 169     77    92    2.14    +++   15    
1.86    9.31___17:51:52 170     78    92    2.12    ---   14    
3.33    9.31___17:52:11 171     78    93    2.14    +++   15    
1.23    9.31___17:52:24 172     79    93    2.12    ---   14    
1.7     9.31___17:52:40 173     80    93    2.11    ---   13    
2.38    9.31___17:52:57 174     80    94    2.12    +++   14    
1.24    9.31___17:53:10 175     81    94    2.11    ---   13    
1.61    9.31___17:53:25 176     82    94    2.1     ---   12    
1.55    9.31___17:53:40 177     83    94    2.1     ---   11    
2.09    9.31___17:53:57 178     83    95    2.09    +++   12    
1.27    9.31___17:54:10 179     84    95    2.09    ---   11    
1.14    9.31___17:54:23 180     85    95    2.08    ---   10    
23.14   9.31___17:55:0  181     85    96    2.09    +++   11    
1.93    9.31___17:55:16 182     86    96    2.08    ---   10    
1.78    9.31___17:55:32 183     87    96    2.06    ---   9     
3.19    9.31___17:55:51 184     87    97    2.08    +++   10    
4.21    9.31___17:56:12 185     87    98    2.09    +++   11    
23.03   9.31___17:56:49 186     87    99    2.09    +++   12    
4.05    9.31___17:57:10 187     87    100   2.1     +++   13    
1.05    9.31___17:57:22 188     88    100   2.09    ---   12    
1.81    9.31___17:57:37 189     89    100   2.09    ---   11    
7.03    9.31___17:58:2  190     89    101   2.09    +++   12    
16.58   9.31___17:58:35 191     89    102   2.1     +++   13    
5.81    9.31___17:58:58 192     89    103   2.1     +++   14    
2.13    9.31___17:59:15 193     89    104   2.11    +++   15    
4.45    9.31___17:59:36 194     89    105   2.12    +++   16    
1       9.31___17:59:46 195     90    105   2.11    ---   15    
