1.03    9.31___20:0:7   1       1     0     2.06    ---   -1    
2.28    9.31___20:0:24  2       1     1     2.06    +++   0     
13.99   9.31___20:0:55  3       1     2     2.06    +++   1     
1.73    9.31___20:1:10  4       2     2     2.06    ---   0     
1.21    9.31___20:1:24  5       3     2     2.06    ---   -1    
1.1     9.31___20:1:36  6       4     2     2.04    ---   -2    
2.8     9.31___20:1:54  7       4     3     2.06    +++   -1    
1.4     9.31___20:2:8   8       5     3     2.04    ---   -2    
1.31    9.31___20:2:22  9       6     3     2.02    ---   -3    
1.84    9.31___20:2:38  10      7     3     2.02    ---   -4    
3.68    9.31___20:2:58  11      7     4     2.02    +++   -3    
2.59    9.31___20:3:16  12      7     5     2.04    +++   -2    
1.41    9.31___20:3:30  13      8     5     2.02    ---   -3    
1.15    9.31___20:3:43  14      9     5     2.02    ---   -4    
1.27    9.31___20:3:56  15      10    5     2.02    ---   -5    
1.12    9.31___20:4:9   16      11    5     2.02    ---   -6    
11.8    9.31___20:4:38  17      11    6     2.02    +++   -5    
1.6     9.31___20:4:53  18      12    6     2.02    ---   -6    
21      9.31___20:5:29  19      12    7     2.02    +++   -5    
1.3     9.31___20:5:43  20      13    7     2.02    ---   -6    
22.01   9.31___20:6:19  21      13    8     2.02    +++   -5    
22.69   9.31___20:6:57  22      13    9     2.02    +++   -4    
1.56    9.31___20:7:11  23      14    9     2.02    ---   -5    
4.7     9.31___20:7:33  24      14    10    2.02    +++   -4    
1.33    9.31___20:7:47  25      15    10    2.02    ---   -5    
2.69    9.31___20:8:5   26      15    11    2.02    +++   -4    
1.6     9.31___20:8:20  27      16    11    2.02    ---   -5    
1.24    9.31___20:8:33  28      17    11    2.02    ---   -6    
2.2     9.31___20:8:50  29      17    12    2.02    +++   -5    
3.22    9.31___20:9:9   30      17    13    2.02    +++   -4    
4.1     9.31___20:9:30  31      17    14    2.02    +++   -3    
2.15    9.31___20:9:46  32      17    15    2.04    +++   -2    
3.07    9.31___20:10:5  33      17    16    2.06    +++   -1    
8.05    9.31___20:10:31 34      17    17    2.06    +++   0     
2.96    9.31___20:10:49 35      17    18    2.06    +++   1     
1.29    9.31___20:11:3  36      18    18    2.06    ---   0     
9.89    9.31___20:11:31 37      18    19    2.06    +++   1     
1       9.31___20:11:41 38      19    19    2.06    ---   0     
1.41    9.31___20:11:55 39      20    19    2.06    ---   -1    
1.23    9.31___20:12:9  40      21    19    2.04    ---   -2    
3.02    9.31___20:12:28 41      21    20    2.06    +++   -1    
7.77    9.31___20:12:53 42      21    21    2.06    +++   0     
25.3    9.31___20:13:32 43      21    22    2.06    +++   1     
3.04    9.31___20:13:50 44      21    23    2.07    +++   2     
1.01    9.31___20:14:1  45      22    23    2.06    ---   1     
1.8     9.31___20:14:17 46      23    23    2.06    ---   0     
1.47    9.31___20:14:32 47      24    23    2.06    ---   -1    
1.52    9.31___20:14:46 48      25    23    2.04    ---   -2    
1.14    9.31___20:14:59 49      26    23    2.02    ---   -3    
30.13   9.31___20:15:40 50      26    24    2.04    +++   -2    
1.39    9.31___20:15:55 51      27    24    2.02    ---   -3    
1.11    9.31___20:16:7  52      28    24    2.02    ---   -4    
1.05    9.31___20:16:19 53      29    24    2.02    ---   -5    
1.23    9.31___20:16:32 54      30    24    2.02    ---   -6    
3.28    9.31___20:16:51 55      30    25    2.02    +++   -5    
1.44    9.31___20:17:6  56      31    25    2.02    ---   -6    
5.24    9.31___20:17:28 57      31    26    2.02    +++   -5    
3       9.31___20:17:47 58      31    27    2.02    +++   -4    
1.23    9.31___20:18:0  59      32    27    2.02    ---   -5    
1.44    9.31___20:18:15 60      33    27    2.02    ---   -6    
1.47    9.31___20:18:29 61      34    27    2.02    ---   -7    
17.5    9.31___20:19:3  62      34    28    2.02    +++   -6    
1.9     9.31___20:19:19 63      35    28    2.02    ---   -7    
2.18    9.31___20:19:36 64      35    29    2.02    +++   -6    
2.24    9.31___20:19:52 65      35    30    2.02    +++   -5    
5.56    9.31___20:20:15 66      35    31    2.02    +++   -4    
3.6     9.31___20:20:35 67      35    32    2.02    +++   -3    
1.53    9.31___20:20:50 68      36    32    2.02    ---   -4    
1.34    9.31___20:21:4  69      37    32    2.02    ---   -5    
1.3     9.31___20:21:17 70      38    32    2.02    ---   -6    
7.53    9.31___20:21:43 71      38    33    2.02    +++   -5    
3.79    9.31___20:22:3  72      38    34    2.02    +++   -4    
2.29    9.31___20:22:20 73      38    35    2.02    +++   -3    
2.01    9.31___20:22:36 74      38    36    2.02    +++   -2    
2.14    9.31___20:22:53 75      38    37    2.02    +++   -1    
7.95    9.31___20:23:19 76      38    38    2.04    +++   0     
2.88    9.31___20:23:37 77      38    39    2.06    +++   1     
4.71    9.31___20:23:59 78      38    40    2.06    +++   2     
1       9.31___20:24:9  79      39    40    2.06    ---   1     
1.8     9.31___20:24:25 80      40    40    2.04    ---   0     
1.02    9.31___20:24:36 81      41    40    2.02    ---   -1    
