2.65    8.10___19:0:9   1       0     1     2.65    +++   1     
1.25    8.10___19:0:23  2       1     1     1.95    ---   0     
1.01    8.10___19:0:34  3       2     1     1.63    ---   -1    
1.37    8.10___19:0:48  4       3     1     1.57    ---   -2    
1.34    8.10___19:1:3   5       4     1     1.52    ---   -3    
1.03    8.10___19:1:14  6       5     1     1.44    ---   -4    
1.71    8.10___19:1:30  7       6     1     1.48    ---   -5    
2.62    8.10___19:1:49  8       6     2     1.62    +++   -4    
4.07    8.10___19:2:10  9       6     3     1.89    +++   -3    
1.43    8.10___19:2:25  10      7     3     1.84    ---   -4    
1.92    8.10___19:2:42  11      8     3     1.85    ---   -5    
1.21    8.10___19:2:55  12      9     3     1.8     ---   -6    
1.49    8.10___19:3:10  13      10    3     1.77    ---   -7    
1.33    8.10___19:3:24  14      11    3     1.74    ---   -8    
1       8.10___19:3:35  15      12    3     1.69    ---   -9    
1.75    8.10___19:3:51  16      13    3     1.69    ---   -10   
2.25    8.10___19:4:9   17      13    4     1.73    +++   -9    
2.22    8.10___19:4:26  18      13    5     1.75    +++   -8    
4.87    8.10___19:4:49  19      13    6     1.92    +++   -7    
1.54    8.10___19:5:4   20      14    6     1.9     ---   -8    
4.84    8.10___19:5:27  21      14    7     2.04    +++   -7    
1.5     8.10___19:5:42  22      15    7     2.01    ---   -8    
1.42    8.10___19:5:57  23      16    7     1.99    ---   -9    
27.13   8.10___19:6:40  24      16    8     3.03    +++   -8    
1.11    8.10___19:6:53  25      17    8     2.96    ---   -9    
1       8.10___19:7:3   26      18    8     2.88    ---   -10   
3.38    8.10___19:7:24  27      18    9     2.9     +++   -9    
9.14    8.10___19:7:52  28      18    10    3.12    +++   -8    
1.37    8.10___19:8:7   29      19    10    3.06    ---   -9    
2.85    8.10___19:8:26  30      19    11    3.05    +++   -8    
1.07    8.10___19:8:38  31      20    11    2.99    ---   -9    
1.07    8.10___19:8:50  32      21    11    2.93    ---   -10   
1.46    8.10___19:9:5   33      22    11    2.89    ---   -11   
1       8.10___19:9:16  34      23    11    2.83    ---   -12   
11.82   8.10___19:9:47  35      23    12    3.09    +++   -11   
1.01    8.10___19:9:58  36      24    12    3.03    ---   -12   
20.53   8.10___19:10:37 37      24    13    3.5     +++   -11   
1.73    8.10___19:10:53 38      25    13    3.46    ---   -12   
1.22    8.10___19:11:6  39      26    13    3.4     ---   -13   
1.31    8.10___19:11:20 40      27    13    3.35    ---   -14   
1.4     8.10___19:11:35 41      28    13    3.3     ---   -15   
11.02   8.10___19:12:5  42      28    14    3.48    +++   -14   
1       8.10___19:12:16 43      29    14    3.42    ---   -15   
20.56   8.10___19:12:55 44      29    15    3.81    +++   -14   
20.2    8.10___19:13:33 45      29    16    4.18    +++   -13   
1.55    8.10___19:13:48 46      30    16    4.12    ---   -14   
2.1     8.10___19:14:5  47      30    17    4.08    +++   -13   
3.97    8.10___19:14:27 48      30    18    4.07    +++   -12   
1.86    8.10___19:14:43 49      31    18    4.03    ---   -13   
3.67    8.10___19:15:4  50      31    19    4.02    +++   -12   
3.13    8.10___19:15:24 51      31    20    4       +++   -11   
6.48    8.10___19:15:49 52      31    21    4.05    +++   -10   
29.18   8.10___19:16:33 53      31    22    4.53    +++   -9    
2.52    8.10___19:16:52 54      31    23    4.49    +++   -8    
1.24    8.10___19:17:5  55      32    23    4.43    ---   -9    
3.54    8.10___19:17:26 56      32    24    4.41    +++   -8    
2.05    8.10___19:17:43 57      32    25    4.37    +++   -7    
1.5     8.10___19:17:58 58      33    25    4.32    ---   -8    
1.18    8.10___19:18:11 59      34    25    4.27    ---   -9    
4.31    8.10___19:18:33 60      34    26    4.27    +++   -8    
1       8.10___19:18:44 61      35    26    4.22    ---   -9    
2.37    8.10___19:19:2  62      35    27    4.19    +++   -8    
1.19    8.10___19:19:15 63      36    27    4.14    ---   -9    
2.68    8.10___19:19:34 64      36    28    4.12    +++   -8    
2.94    8.10___19:19:53 65      36    29    4.1     +++   -7    
1.48    8.10___19:20:8  66      37    29    4.06    ---   -8    
1.03    8.10___19:20:20 67      38    29    4.01    ---   -9    
1.83    8.10___19:20:36 68      39    29    3.98    ---   -10   
2.47    8.10___19:20:55 69      39    30    3.96    +++   -9    
2.82    8.10___19:21:14 70      39    31    3.94    +++   -8    
2.23    8.10___19:21:31 71      39    32    3.92    +++   -7    
29.18   8.10___19:22:15 72      39    33    4.27    +++   -6    
4       8.10___19:22:37 73      39    34    4.26    +++   -5    
1.25    8.10___19:22:51 74      40    34    4.22    ---   -6    
1       8.10___19:23:2  75      41    34    4.18    ---   -7    
2.69    8.10___19:23:20 76      41    35    4.16    +++   -6    
2.34    8.10___19:23:38 77      41    36    4.14    +++   -5    
1.17    8.10___19:23:51 78      42    36    4.1     ---   -6    
21.86   8.10___19:24:31 79      42    37    4.32    +++   -5    
5.99    8.10___19:24:55 80      42    38    4.35    +++   -4    
1.56    8.10___19:25:11 81      43    38    4.31    ---   -5    
1.67    8.10___19:25:26 82      44    38    4.28    ---   -6    
29.4    8.10___19:26:11 83      44    39    4.58    +++   -5    
2       8.10___19:26:27 84      44    40    4.55    +++   -4    
4.43    8.10___19:26:50 85      44    41    4.55    +++   -3    
4.42    8.10___19:27:12 86      44    42    4.55    +++   -2    
4.77    8.10___19:27:35 87      44    43    4.55    +++   -1    
1.49    8.10___19:27:50 88      45    43    4.51    ---   -2    
3.73    8.10___19:28:11 89      45    44    4.51    +++   -1    
1.17    8.10___19:28:24 90      46    44    4.47    ---   -2    
2.08    8.10___19:28:41 91      46    45    4.44    +++   -1    
2.09    8.10___19:28:58 92      46    46    4.42    +++   0     
2.48    8.10___19:29:17 93      46    47    4.4     +++   1     
1.12    8.10___19:29:29 94      47    47    4.36    ---   0     
3.53    8.10___19:29:50 95      47    48    4.35    +++   1     
1.35    8.10___19:30:4  96      48    48    4.32    ---   0     
1.01    8.10___19:30:16 97      49    48    4.29    ---   -1    
11.41   8.10___19:30:47 98      49    49    4.36    +++   0     
2.27    8.10___19:31:4  99      49    50    4.34    +++   1     
3.3     8.10___19:31:24 100     49    51    4.33    +++   2     
1.15    8.10___19:31:37 101     50    51    4.3     ---   1     
1.41    8.10___19:31:52 102     51    51    4.27    ---   0     
4.09    8.10___19:32:14 103     51    52    4.27    +++   1     
1.19    8.10___19:32:27 104     52    52    4.24    ---   0     
3.91    8.10___19:32:48 105     52    53    4.23    +++   1     
1.36    8.10___19:33:3  106     53    53    4.21    ---   0     
21.74   8.10___19:33:42 107     53    54    4.37    +++   1     
1.37    8.10___19:33:56 108     54    54    4.34    ---   0     
1.52    8.10___19:34:12 109     55    54    4.32    ---   -1    
2.65    8.10___19:34:30 110     55    55    4.3     +++   0     
5.82    8.10___19:34:55 111     55    56    4.31    +++   1     
29.73   8.10___19:35:39 112     55    57    4.54    +++   2     
2.59    8.10___19:35:58 113     55    58    4.52    +++   3     
1.73    8.10___19:36:14 114     56    58    4.5     ---   2     
1.04    8.10___19:36:26 115     57    58    4.47    ---   1     
1.8     8.10___19:36:42 116     58    58    4.45    ---   0     
5.71    8.10___19:37:6  117     58    59    4.46    +++   1     
1.06    8.10___19:37:18 118     59    59    4.43    ---   0     
1.2     8.10___19:37:32 119     60    59    4.4     ---   -1    
4.09    8.10___19:37:54 120     60    60    4.4     +++   0     
2.1     8.10___19:38:11 121     60    61    4.38    +++   1     
2.41    8.10___19:38:29 122     60    62    4.36    +++   2     
3.6     8.10___19:38:50 123     60    63    4.36    +++   3     
1.77    8.10___19:39:6  124     61    63    4.34    ---   2     
14.48   8.10___19:39:40 125     61    64    4.42    +++   3     
1.85    8.10___19:39:56 126     62    64    4.4     ---   2     
1.36    8.10___19:40:10 127     63    64    4.37    ---   1     
1.05    8.10___19:40:22 128     64    64    4.35    ---   0     
2.12    8.10___19:40:40 129     64    65    4.33    +++   1     
20.21   8.10___19:41:18 130     64    66    4.45    +++   2     
1.12    8.10___19:41:31 131     65    66    4.43    ---   1     
2.21    8.10___19:41:48 132     65    67    4.41    +++   2     
1.17    8.10___19:42:1  133     66    67    4.39    ---   1     
1.18    8.10___19:42:15 134     67    67    4.36    ---   0     
4.91    8.10___19:42:38 135     67    68    4.37    +++   1     
1.38    8.10___19:42:52 136     68    68    4.34    ---   0     
2.14    8.10___19:43:10 137     68    69    4.33    +++   1     
1.46    8.10___19:43:24 138     69    69    4.31    ---   0     
26.46   8.10___19:44:7  139     69    70    4.47    +++   1     
1.79    8.10___19:44:23 140     70    70    4.45    ---   0     
1.69    8.10___19:44:39 141     71    70    4.43    ---   -1    
1.44    8.10___19:44:54 142     72    70    4.41    ---   -2    
4.3     8.10___19:45:16 143     72    71    4.41    +++   -1    
3.16    8.10___19:45:36 144     72    72    4.4     +++   0     
2.1     8.10___19:45:53 145     72    73    4.38    +++   1     
1.15    8.10___19:46:6  146     73    73    4.36    ---   0     
3.53    8.10___19:46:27 147     73    74    4.35    +++   1     
1.76    8.10___19:46:43 148     74    74    4.34    ---   0     
5.55    8.10___19:47:7  149     74    75    4.34    +++   1     
2.42    8.10___19:47:25 150     74    76    4.33    +++   2     
2.99    8.10___19:47:44 151     74    77    4.32    +++   3     
1.37    8.10___19:47:59 152     75    77    4.3     ---   2     
1.4     8.10___19:48:13 153     76    77    4.28    ---   1     
2.3     8.10___19:48:31 154     76    78    4.27    +++   2     
1.18    8.10___19:48:44 155     77    78    4.25    ---   1     
1.14    8.10___19:48:57 156     78    78    4.23    ---   0     
1.43    8.10___19:49:12 157     79    78    4.21    ---   -1    
1.24    8.10___19:49:26 158     80    78    4.19    ---   -2    
1.55    8.10___19:49:41 159     81    78    4.18    ---   -3    
1.1     8.10___19:49:54 160     82    78    4.16    ---   -4    
1.06    8.10___19:50:6  161     83    78    4.14    ---   -5    
1.28    8.10___19:50:20 162     84    78    4.12    ---   -6    
6.17    8.10___19:50:45 163     84    79    4.13    +++   -5    
3.03    8.10___19:51:4  164     84    80    4.13    +++   -4    
1       8.10___19:51:15 165     85    80    4.11    ---   -5    
1       8.10___19:51:25 166     86    80    4.09    ---   -6    
1.01    8.10___19:51:37 167     87    80    4.07    ---   -7    
2.4     8.10___19:51:55 168     87    81    4.06    +++   -6    
1.59    8.10___19:52:10 169     88    81    4.05    ---   -7    
4.32    8.10___19:52:32 170     88    82    4.05    +++   -6    
2.16    8.10___19:52:50 171     88    83    4.04    +++   -5    
5.76    8.10___19:53:14 172     88    84    4.05    +++   -4    
1.1     8.10___19:53:26 173     89    84    4.03    ---   -5    
3.17    8.10___19:53:46 174     89    85    4.02    +++   -4    
30.59   8.10___19:54:31 175     89    86    4.18    +++   -3    
1.11    8.10___19:54:44 176     90    86    4.16    ---   -4    
2.24    8.10___19:55:2  177     90    87    4.15    +++   -3    
8.62    8.10___19:55:30 178     90    88    4.17    +++   -2    
1       8.10___19:55:41 179     91    88    4.15    ---   -3    
1.37    8.10___19:55:54 180     92    88    4.14    ---   -4    
5.11    8.10___19:56:18 181     92    89    4.14    +++   -3    
2.8     8.10___19:56:37 182     92    90    4.14    +++   -2    
6.74    8.10___19:57:3  183     92    91    4.15    +++   -1    
1.83    8.10___19:57:19 184     93    91    4.14    ---   -2    
4.14    8.10___19:57:41 185     93    92    4.14    +++   -1    
1.42    8.10___19:57:55 186     94    92    4.12    ---   -2    
1.33    8.10___19:58:10 187     95    92    4.11    ---   -3    
2.23    8.10___19:58:27 188     95    93    4.1     +++   -2    
1.25    8.10___19:58:41 189     96    93    4.08    ---   -3    
2.28    8.10___19:58:59 190     96    94    4.07    +++   -2    
2.94    8.10___19:59:18 191     96    95    4.07    +++   -1    
2.89    8.10___19:59:37 192     96    96    4.06    +++   0     
1.72    8.10___19:59:53 193     97    96    4.05    ---   -1    
