1.14    8.10___11:0:8   1       1     0     1.13    ---   -1    
1.62    8.10___11:0:24  2       2     0     1.38    ---   -2    
1.93    8.10___11:0:40  3       3     0     1.56    ---   -3    
1.09    8.10___11:0:53  4       4     0     1.44    ---   -4    
3.56    8.10___11:1:13  5       4     1     1.86    +++   -3    
4.81    8.10___11:1:36  6       4     2     2.35    +++   -2    
2.02    8.10___11:1:53  7       4     3     2.3     +++   -1    
1.8     8.10___11:2:9   8       5     3     2.24    ---   -2    
1.18    8.10___11:2:23  9       6     3     2.12    ---   -3    
1.04    8.10___11:2:34  10      7     3     2.01    ---   -4    
1.57    8.10___11:2:50  11      8     3     1.97    ---   -5    
1.02    8.10___11:3:1   12      9     3     1.89    ---   -6    
23.19   8.10___11:3:42  13      9     4     3.53    +++   -5    
2.82    8.10___11:4:1   14      9     5     3.48    +++   -4    
18.54   8.10___11:4:38  15      9     6     4.48    +++   -3    
3.9     8.10___11:4:59  16      9     7     4.45    +++   -2    
1.5     8.10___11:5:14  17      10    7     4.27    ---   -3    
1.66    8.10___11:5:30  18      11    7     4.13    ---   -4    
1       8.10___11:5:40  19      12    7     3.96    ---   -5    
1       8.10___11:5:51  20      13    7     3.81    ---   -6    
1.41    8.10___11:6:5   21      14    7     3.7     ---   -7    
6.85    8.10___11:6:31  22      14    8     3.84    +++   -6    
1.59    8.10___11:6:47  23      15    8     3.74    ---   -7    
1.27    8.10___11:7:0   24      16    8     3.64    ---   -8    
1.07    8.10___11:7:13  25      17    8     3.54    ---   -9    
1.11    8.10___11:7:25  26      18    8     3.44    ---   -10   
3.81    8.10___11:7:46  27      18    9     3.46    +++   -9    
1.28    8.10___11:8:0   28      19    9     3.38    ---   -10   
1.21    8.10___11:8:14  29      20    9     3.3     ---   -11   
1.08    8.10___11:8:26  30      21    9     3.23    ---   -12   
1.77    8.10___11:8:42  31      22    9     3.18    ---   -13   
1.4     8.10___11:8:57  32      23    9     3.13    ---   -14   
17.6    8.10___11:9:33  33      23    10    3.57    +++   -13   
4.2     8.10___11:9:55  34      23    11    3.58    +++   -12   
33      8.10___11:10:41 35      23    12    4.42    +++   -11   
1.39    8.10___11:10:56 36      24    12    4.34    ---   -12   
10.54   8.10___11:11:27 37      24    13    4.51    +++   -11   
4.68    8.10___11:11:49 38      24    14    4.51    +++   -10   
1.42    8.10___11:12:4  39      25    14    4.43    ---   -11   
1       8.10___11:12:14 40      26    14    4.35    ---   -12   
1.7     8.10___11:12:30 41      27    14    4.28    ---   -13   
5.18    8.10___11:12:54 42      27    15    4.3     +++   -12   
1.31    8.10___11:13:8  43      28    15    4.23    ---   -13   
1.22    8.10___11:13:21 44      29    15    4.16    ---   -14   
1.29    8.10___11:13:35 45      30    15    4.1     ---   -15   
1.75    8.10___11:13:51 46      31    15    4.05    ---   -16   
4.72    8.10___11:14:14 47      31    16    4.06    +++   -15   
2.19    8.10___11:14:31 48      31    17    4.02    +++   -14   
1.12    8.10___11:14:44 49      32    17    3.97    ---   -15   
1       8.10___11:14:55 50      33    17    3.91    ---   -16   
13.42   8.10___11:15:27 51      33    18    4.09    +++   -15   
3.59    8.10___11:15:48 52      33    19    4.08    +++   -14   
1.49    8.10___11:16:3  53      34    19    4.03    ---   -15   
4.35    8.10___11:16:25 54      34    20    4.04    +++   -14   
3.02    8.10___11:16:45 55      34    21    4.02    +++   -13   
2.03    8.10___11:17:2  56      34    22    3.99    +++   -12   
25.27   8.10___11:17:44 57      34    23    4.36    +++   -11   
3.69    8.10___11:18:4  58      34    24    4.35    +++   -10   
3.79    8.10___11:18:26 59      34    25    4.34    +++   -9    
1.09    8.10___11:18:38 60      35    25    4.28    ---   -10   
27.95   8.10___11:19:21 61      35    26    4.67    +++   -9    
1.1     8.10___11:19:34 62      36    26    4.61    ---   -10   
1.28    8.10___11:19:48 63      37    26    4.56    ---   -11   
1.23    8.10___11:20:1  64      38    26    4.51    ---   -12   
2.65    8.10___11:20:20 65      38    27    4.48    +++   -11   
1.02    8.10___11:20:31 66      39    27    4.43    ---   -12   
2.69    8.10___11:20:50 67      39    28    4.4     +++   -11   
2.36    8.10___11:21:8  68      39    29    4.37    +++   -10   
13.22   8.10___11:21:41 69      39    30    4.5     +++   -9    
1.26    8.10___11:21:55 70      40    30    4.45    ---   -10   
3.12    8.10___11:22:14 71      40    31    4.43    +++   -9    
2.01    8.10___11:22:31 72      40    32    4.4     +++   -8    
1.19    8.10___11:22:45 73      41    32    4.36    ---   -9    
30.7    8.10___11:23:30 74      41    33    4.71    +++   -8    
1.14    8.10___11:23:43 75      42    33    4.66    ---   -9    
20.39   8.10___11:24:21 76      42    34    4.87    +++   -8    
1.12    8.10___11:24:34 77      43    34    4.82    ---   -9    
1.44    8.10___11:24:48 78      44    34    4.78    ---   -10   
5.01    8.10___11:25:12 79      44    35    4.78    +++   -9    
1.37    8.10___11:25:26 80      45    35    4.74    ---   -10   
1       8.10___11:25:36 81      46    35    4.69    ---   -11   
1       8.10___11:25:47 82      47    35    4.65    ---   -12   
5.01    8.10___11:26:10 83      47    36    4.65    +++   -11   
3.22    8.10___11:26:30 84      47    37    4.64    +++   -10   
1.77    8.10___11:26:46 85      48    37    4.6     ---   -11   
1.08    8.10___11:26:59 86      49    37    4.56    ---   -12   
1       8.10___11:27:9  87      50    37    4.52    ---   -13   
2.94    8.10___11:27:29 88      50    38    4.5     +++   -12   
1.13    8.10___11:27:41 89      51    38    4.46    ---   -13   
1.09    8.10___11:27:54 90      52    38    4.43    ---   -14   
1       8.10___11:28:4  91      53    38    4.39    ---   -15   
1.28    8.10___11:28:18 92      54    38    4.35    ---   -16   
1.92    8.10___11:28:35 93      55    38    4.33    ---   -17   
1.73    8.10___11:28:51 94      56    38    4.3     ---   -18   
22.36   8.10___11:29:31 95      56    39    4.49    +++   -17   
1.13    8.10___11:29:43 96      57    39    4.46    ---   -18   
1.3     8.10___11:29:57 97      58    39    4.42    ---   -19   
27.5    8.10___11:30:40 98      58    40    4.66    +++   -18   
1.02    8.10___11:30:52 99      59    40    4.62    ---   -19   
1.17    8.10___11:31:5  100     60    40    4.59    ---   -20   
1.71    8.10___11:31:21 101     61    40    4.56    ---   -21   
2.2     8.10___11:31:39 102     61    41    4.54    +++   -20   
4       8.10___11:32:0  103     61    42    4.53    +++   -19   
1.01    8.10___11:32:12 104     62    42    4.5     ---   -20   
5.32    8.10___11:32:35 105     62    43    4.5     +++   -19   
1.13    8.10___11:32:48 106     63    43    4.47    ---   -20   
1.84    8.10___11:33:4  107     64    43    4.45    ---   -21   
1.07    8.10___11:33:17 108     65    43    4.42    ---   -22   
1.04    8.10___11:33:28 109     66    43    4.38    ---   -23   
1.42    8.10___11:33:43 110     67    43    4.36    ---   -24   
1.62    8.10___11:33:59 111     68    43    4.33    ---   -25   
1.35    8.10___11:34:13 112     69    43    4.31    ---   -26   
1.5     8.10___11:34:28 113     70    43    4.28    ---   -27   
1.43    8.10___11:34:43 114     71    43    4.26    ---   -28   
1.14    8.10___11:34:56 115     72    43    4.23    ---   -29   
25.47   8.10___11:35:38 116     72    44    4.41    +++   -28   
1.75    8.10___11:35:54 117     73    44    4.39    ---   -29   
1.33    8.10___11:36:8  118     74    44    4.36    ---   -30   
2.81    8.10___11:36:27 119     74    45    4.35    +++   -29   
15.25   8.10___11:37:1  120     74    46    4.44    +++   -28   
17.12   8.10___11:37:37 121     74    47    4.55    +++   -27   
1.39    8.10___11:37:52 122     75    47    4.52    ---   -28   
1.12    8.10___11:38:5  123     76    47    4.49    ---   -29   
1.26    8.10___11:38:18 124     77    47    4.47    ---   -30   
1.88    8.10___11:38:35 125     78    47    4.45    ---   -31   
1.02    8.10___11:38:46 126     79    47    4.42    ---   -32   
20.97   8.10___11:39:25 127     79    48    4.55    +++   -31   
1.06    8.10___11:39:37 128     80    48    4.52    ---   -32   
1       8.10___11:39:48 129     81    48    4.49    ---   -33   
1.55    8.10___11:40:3  130     82    48    4.47    ---   -34   
11.63   8.10___11:40:34 131     82    49    4.53    +++   -33   
3.15    8.10___11:40:54 132     82    50    4.52    +++   -32   
1.93    8.10___11:41:11 133     83    50    4.5     ---   -33   
2.31    8.10___11:41:28 134     83    51    4.48    +++   -32   
1.6     8.10___11:41:44 135     84    51    4.46    ---   -33   
2.28    8.10___11:42:1  136     84    52    4.44    +++   -32   
1.98    8.10___11:42:18 137     85    52    4.42    ---   -33   
22.48   8.10___11:42:58 138     85    53    4.56    +++   -32   
1.82    8.10___11:43:14 139     86    53    4.54    ---   -33   
1.06    8.10___11:43:26 140     87    53    4.51    ---   -34   
7.99    8.10___11:43:54 141     87    54    4.54    +++   -33   
1.07    8.10___11:44:6  142     88    54    4.51    ---   -34   
1.32    8.10___11:44:20 143     89    54    4.49    ---   -35   
3.71    8.10___11:44:41 144     89    55    4.48    +++   -34   
1.57    8.10___11:44:56 145     90    55    4.46    ---   -35   
1.11    8.10___11:45:9  146     91    55    4.44    ---   -36   
5.15    8.10___11:45:32 147     91    56    4.44    +++   -35   
1.92    8.10___11:45:49 148     92    56    4.43    ---   -36   
1.23    8.10___11:46:3  149     93    56    4.41    ---   -37   
1.06    8.10___11:46:15 150     94    56    4.38    ---   -38   
1.29    8.10___11:46:29 151     95    56    4.36    ---   -39   
1.18    8.10___11:46:42 152     96    56    4.34    ---   -40   
1.38    8.10___11:46:56 153     97    56    4.32    ---   -41   
1.12    8.10___11:47:9  154     98    56    4.3     ---   -42   
1.57    8.10___11:47:24 155     99    56    4.28    ---   -43   
1.53    8.10___11:47:40 156     100   56    4.27    ---   -44   
1.04    8.10___11:47:51 157     101   56    4.25    ---   -45   
17.65   8.10___11:48:28 158     101   57    4.33    +++   -44   
2       8.10___11:48:45 159     101   58    4.32    +++   -43   
1.64    8.10___11:49:0  160     102   58    4.3     ---   -44   
2.41    8.10___11:49:18 161     102   59    4.29    +++   -43   
1.01    8.10___11:49:29 162     103   59    4.27    ---   -44   
3.5     8.10___11:49:50 163     103   60    4.26    +++   -43   
25.75   8.10___11:50:32 164     103   61    4.39    +++   -42   
1.11    8.10___11:50:45 165     104   61    4.37    ---   -43   
1.56    8.10___11:51:0  166     105   61    4.36    ---   -44   
1.37    8.10___11:51:15 167     106   61    4.34    ---   -45   
1.57    8.10___11:51:30 168     107   61    4.32    ---   -46   
2.6     8.10___11:51:49 169     107   62    4.31    +++   -45   
6.5     8.10___11:52:14 170     107   63    4.32    +++   -44   
3.89    8.10___11:52:35 171     107   64    4.32    +++   -43   
4.31    8.10___11:52:57 172     107   65    4.32    +++   -42   
1.65    8.10___11:53:13 173     108   65    4.31    ---   -43   
1.33    8.10___11:53:27 174     109   65    4.29    ---   -44   
1.14    8.10___11:53:40 175     110   65    4.27    ---   -45   
1.9     8.10___11:53:57 176     111   65    4.26    ---   -46   
1.49    8.10___11:54:12 177     112   65    4.24    ---   -47   
1.65    8.10___11:54:27 178     113   65    4.23    ---   -48   
1.98    8.10___11:54:44 179     114   65    4.22    ---   -49   
1.02    8.10___11:54:55 180     115   65    4.2     ---   -50   
1.82    8.10___11:55:12 181     116   65    4.18    ---   -51   
1.93    8.10___11:55:28 182     117   65    4.17    ---   -52   
1.13    8.10___11:55:41 183     118   65    4.16    ---   -53   
1.58    8.10___11:55:57 184     119   65    4.14    ---   -54   
2.15    8.10___11:56:14 185     119   66    4.13    +++   -53   
3.14    8.10___11:56:34 186     119   67    4.13    +++   -52   
2.36    8.10___11:56:52 187     119   68    4.12    +++   -51   
19.89   8.10___11:57:30 188     119   69    4.2     +++   -50   
1.62    8.10___11:57:45 189     120   69    4.19    ---   -51   
1       8.10___11:57:56 190     121   69    4.17    ---   -52   
13.49   8.10___11:58:29 191     121   70    4.22    +++   -51   
2.27    8.10___11:58:46 192     121   71    4.21    +++   -50   
1.94    8.10___11:59:3  193     122   71    4.2     ---   -51   
1.76    8.10___11:59:19 194     123   71    4.18    ---   -52   
1.29    8.10___11:59:33 195     124   71    4.17    ---   -53   
1.2     8.10___11:59:46 196     125   71    4.15    ---   -54   
