2.86    8.10___13:0:1   1       0     1     2.86    +++   1     
2.91    8.10___13:0:20  2       0     2     2.88    +++   2     
1.53    8.10___13:0:35  3       1     2     2.43    ---   1     
5.61    8.10___13:0:59  4       1     3     3.22    +++   2     
1.6     8.10___13:1:15  5       2     3     2.9     ---   1     
1.24    8.10___13:1:28  6       3     3     2.62    ---   0     
1.45    8.10___13:1:43  7       4     3     2.45    ---   -1    
1.96    8.10___13:2:0   8       5     3     2.39    ---   -2    
4.18    8.10___13:2:22  9       5     4     2.59    +++   -1    
1.24    8.10___13:2:35  10      6     4     2.45    ---   -2    
28.08   8.10___13:3:19  11      6     5     4.78    +++   -1    
1.09    8.10___13:3:31  12      7     5     4.47    ---   -2    
2.29    8.10___13:3:49  13      7     6     4.31    +++   -1    
1.34    8.10___13:4:3   14      8     6     4.09    ---   -2    
2.52    8.10___13:4:22  15      8     7     3.99    +++   -1    
1.42    8.10___13:4:36  16      9     7     3.83    ---   -2    
24.16   8.10___13:5:17  17      9     8     5.02    +++   -1    
1.17    8.10___13:5:30  18      10    8     4.81    ---   -2    
2.24    8.10___13:5:48  19      10    9     4.67    +++   -1    
1.97    8.10___13:6:5   20      11    9     4.54    ---   -2    
1.06    8.10___13:6:17  21      12    9     4.37    ---   -3    
1       8.10___13:6:27  22      13    9     4.22    ---   -4    
1.31    8.10___13:6:41  23      14    9     4.09    ---   -5    
1.08    8.10___13:6:54  24      15    9     3.97    ---   -6    
3.24    8.10___13:7:14  25      15    10    3.94    +++   -5    
3.5     8.10___13:7:34  26      15    11    3.92    +++   -4    
1       8.10___13:7:45  27      16    11    3.81    ---   -5    
1.07    8.10___13:7:57  28      17    11    3.71    ---   -6    
8.44    8.10___13:8:25  29      17    12    3.88    +++   -5    
8.65    8.10___13:8:53  30      17    13    4.04    +++   -4    
1.69    8.10___13:9:9   31      18    13    3.96    ---   -5    
1.4     8.10___13:9:23  32      19    13    3.88    ---   -6    
2.04    8.10___13:9:40  33      19    14    3.82    +++   -5    
2.69    8.10___13:9:59  34      19    15    3.79    +++   -4    
1.98    8.10___13:10:16 35      20    15    3.74    ---   -5    
3.68    8.10___13:10:37 36      20    16    3.74    +++   -4    
1.13    8.10___13:10:49 37      21    16    3.67    ---   -5    
1.08    8.10___13:11:2  38      22    16    3.6     ---   -6    
1.6     8.10___13:11:17 39      23    16    3.55    ---   -7    
1.17    8.10___13:11:30 40      24    16    3.49    ---   -8    
2.76    8.10___13:11:49 41      24    17    3.47    +++   -7    
1.94    8.10___13:12:6  42      25    17    3.43    ---   -8    
1.32    8.10___13:12:20 43      26    17    3.38    ---   -9    
1.96    8.10___13:12:37 44      27    17    3.35    ---   -10   
29.81   8.10___13:13:21 45      27    18    3.94    +++   -9    
25.86   8.10___13:14:3  46      27    19    4.42    +++   -8    
2.02    8.10___13:14:20 47      27    20    4.36    +++   -7    
17.41   8.10___13:14:56 48      27    21    4.64    +++   -6    
9.4     8.10___13:15:25 49      27    22    4.73    +++   -5    
2.74    8.10___13:15:44 50      27    23    4.69    +++   -4    
1.05    8.10___13:15:56 51      28    23    4.62    ---   -5    
3.4     8.10___13:16:17 52      28    24    4.6     +++   -4    
4.16    8.10___13:16:38 53      28    25    4.59    +++   -3    
26.1    8.10___13:17:21 54      28    26    4.99    +++   -2    
1.08    8.10___13:17:33 55      29    26    4.92    ---   -3    
1       8.10___13:17:43 56      30    26    4.85    ---   -4    
3.81    8.10___13:18:5  57      30    27    4.83    +++   -3    
8.05    8.10___13:18:32 58      30    28    4.88    +++   -2    
1.17    8.10___13:18:45 59      31    28    4.82    ---   -3    
1.3     8.10___13:18:59 60      32    28    4.76    ---   -4    
8.18    8.10___13:19:27 61      32    29    4.82    +++   -3    
7.75    8.10___13:19:54 62      32    30    4.87    +++   -2    
7.53    8.10___13:20:20 63      32    31    4.91    +++   -1    
1.39    8.10___13:20:35 64      33    31    4.85    ---   -2    
1.07    8.10___13:20:47 65      34    31    4.79    ---   -3    
10.84   8.10___13:21:17 66      34    32    4.89    +++   -2    
21.11   8.10___13:21:56 67      34    33    5.13    +++   -1    
1.71    8.10___13:22:12 68      35    33    5.08    ---   -2    
4.07    8.10___13:22:34 69      35    34    5.06    +++   -1    
1       8.10___13:22:44 70      36    34    5       ---   -2    
3.76    8.10___13:23:5  71      36    35    4.99    +++   -1    
1       8.10___13:23:16 72      37    35    4.93    ---   -2    
1.15    8.10___13:23:29 73      38    35    4.88    ---   -3    
1.75    8.10___13:23:45 74      39    35    4.84    ---   -4    
1.21    8.10___13:23:58 75      40    35    4.79    ---   -5    
7.64    8.10___13:24:25 76      40    36    4.83    +++   -4    
1.11    8.10___13:24:38 77      41    36    4.78    ---   -5    
3.93    8.10___13:24:59 78      41    37    4.77    +++   -4    
31.35   8.10___13:25:45 79      41    38    5.1     +++   -3    
1.58    8.10___13:26:0  80      42    38    5.06    ---   -4    
13.49   8.10___13:26:33 81      42    39    5.16    +++   -3    
2.51    8.10___13:26:51 82      42    40    5.13    +++   -2    
1.56    8.10___13:27:6  83      43    40    5.09    ---   -3    
3.32    8.10___13:27:27 84      43    41    5.07    +++   -2    
5.38    8.10___13:27:50 85      43    42    5.07    +++   -1    
1.87    8.10___13:28:7  86      44    42    5.03    ---   -2    
1.22    8.10___13:28:20 87      45    42    4.99    ---   -3    
1.03    8.10___13:28:32 88      46    42    4.94    ---   -4    
1.52    8.10___13:28:47 89      47    42    4.91    ---   -5    
1.64    8.10___13:29:3  90      48    42    4.87    ---   -6    
1.06    8.10___13:29:15 91      49    42    4.83    ---   -7    
1.53    8.10___13:29:30 92      50    42    4.79    ---   -8    
4.95    8.10___13:29:53 93      50    43    4.79    +++   -7    
1.19    8.10___13:30:7  94      51    43    4.75    ---   -8    
1.13    8.10___13:30:19 95      52    43    4.72    ---   -9    
3.52    8.10___13:30:40 96      52    44    4.7     +++   -8    
1.15    8.10___13:30:53 97      53    44    4.67    ---   -9    
2.08    8.10___13:31:10 98      53    45    4.64    +++   -8    
2.98    8.10___13:31:30 99      53    46    4.62    +++   -7    
5.12    8.10___13:31:53 100     53    47    4.63    +++   -6    
1.5     8.10___13:32:8  101     54    47    4.6     ---   -7    
1.72    8.10___13:32:24 102     55    47    4.57    ---   -8    
2.17    8.10___13:32:41 103     55    48    4.55    +++   -7    
1.19    8.10___13:32:55 104     56    48    4.51    ---   -8    
1.17    8.10___13:33:8  105     57    48    4.48    ---   -9    
2.78    8.10___13:33:27 106     57    49    4.47    +++   -8    
2.91    8.10___13:33:46 107     57    50    4.45    +++   -7    
1.85    8.10___13:34:2  108     58    50    4.43    ---   -8    
1.07    8.10___13:34:15 109     59    50    4.4     ---   -9    
1.22    8.10___13:34:28 110     60    50    4.37    ---   -10   
2.9     8.10___13:34:47 111     60    51    4.35    +++   -9    
1.37    8.10___13:35:2  112     61    51    4.33    ---   -10   
27.27   8.10___13:35:45 113     61    52    4.53    +++   -9    
3.75    8.10___13:36:6  114     61    53    4.52    +++   -8    
1.06    8.10___13:36:18 115     62    53    4.49    ---   -9    
1       8.10___13:36:29 116     63    53    4.46    ---   -10   
1.02    8.10___13:36:40 117     64    53    4.43    ---   -11   
1.77    8.10___13:36:56 118     65    53    4.41    ---   -12   
3.05    8.10___13:37:16 119     65    54    4.4     +++   -11   
1.47    8.10___13:37:31 120     66    54    4.38    ---   -12   
4.18    8.10___13:37:52 121     66    55    4.37    +++   -11   
1.31    8.10___13:38:6  122     67    55    4.35    ---   -12   
2.71    8.10___13:38:25 123     67    56    4.34    +++   -11   
20.26   8.10___13:39:4  124     67    57    4.46    +++   -10   
1.48    8.10___13:39:19 125     68    57    4.44    ---   -11   
2.33    8.10___13:39:36 126     68    58    4.42    +++   -10   
2.49    8.10___13:39:55 127     68    59    4.41    +++   -9    
3.15    8.10___13:40:14 128     68    60    4.4     +++   -8    
31.55   8.10___13:41:0  129     68    61    4.61    +++   -7    
22.96   8.10___13:41:40 130     68    62    4.75    +++   -6    
12.04   8.10___13:42:12 131     68    63    4.8     +++   -5    
1.05    8.10___13:42:24 132     69    63    4.78    ---   -6    
2.34    8.10___13:42:41 133     69    64    4.76    +++   -5    
1.23    8.10___13:42:55 134     70    64    4.73    ---   -6    
4.6     8.10___13:43:18 135     70    65    4.73    +++   -5    
4.65    8.10___13:43:40 136     70    66    4.73    +++   -4    
1.11    8.10___13:43:53 137     71    66    4.7     ---   -5    
2.3     8.10___13:44:11 138     71    67    4.69    +++   -4    
4.55    8.10___13:44:33 139     71    68    4.69    +++   -3    
2.18    8.10___13:44:51 140     71    69    4.67    +++   -2    
3.81    8.10___13:45:12 141     71    70    4.66    +++   -1    
1       8.10___13:45:22 142     72    70    4.64    ---   -2    
1.11    8.10___13:45:35 143     73    70    4.61    ---   -3    
9.13    8.10___13:46:4  144     73    71    4.64    +++   -2    
1.18    8.10___13:46:17 145     74    71    4.62    ---   -3    
1.15    8.10___13:46:30 146     75    71    4.59    ---   -4    
4.97    8.10___13:46:53 147     75    72    4.6     +++   -3    
1.13    8.10___13:47:6  148     76    72    4.57    ---   -4    
1.07    8.10___13:47:18 149     77    72    4.55    ---   -5    
1.3     8.10___13:47:32 150     78    72    4.53    ---   -6    
1.35    8.10___13:47:46 151     79    72    4.51    ---   -7    
1.57    8.10___13:48:2  152     80    72    4.49    ---   -8    
1.7     8.10___13:48:17 153     81    72    4.47    ---   -9    
1.1     8.10___13:48:30 154     82    72    4.45    ---   -10   
1.53    8.10___13:48:45 155     83    72    4.43    ---   -11   
2.36    8.10___13:49:3  156     83    73    4.42    +++   -10   
1.27    8.10___13:49:17 157     84    73    4.4     ---   -11   
3.01    8.10___13:49:37 158     84    74    4.39    +++   -10   
24.69   8.10___13:50:18 159     84    75    4.51    +++   -9    
11.48   8.10___13:50:49 160     84    76    4.56    +++   -8    
1.12    8.10___13:51:2  161     85    76    4.54    ---   -9    
2.52    8.10___13:51:20 162     85    77    4.52    +++   -8    
1.5     8.10___13:51:35 163     86    77    4.51    ---   -9    
1.02    8.10___13:51:46 164     87    77    4.48    ---   -10   
3.1     8.10___13:52:6  165     87    78    4.48    +++   -9    
1.2     8.10___13:52:19 166     88    78    4.46    ---   -10   
1.5     8.10___13:52:34 167     89    78    4.44    ---   -11   
4.39    8.10___13:52:57 168     89    79    4.44    +++   -10   
1.03    8.10___13:53:8  169     90    79    4.42    ---   -11   
1.19    8.10___13:53:22 170     91    79    4.4     ---   -12   
1.68    8.10___13:53:37 171     92    79    4.38    ---   -13   
2.47    8.10___13:53:56 172     92    80    4.37    +++   -12   
1.04    8.10___13:54:7  173     93    80    4.35    ---   -13   
16.78   8.10___13:54:43 174     93    81    4.42    +++   -12   
2.36    8.10___13:55:1  175     93    82    4.41    +++   -11   
1       8.10___13:55:12 176     94    82    4.39    ---   -12   
2.94    8.10___13:55:31 177     94    83    4.38    +++   -11   
1.58    8.10___13:55:46 178     95    83    4.37    ---   -12   
1.12    8.10___13:55:59 179     96    83    4.35    ---   -13   
2.1     8.10___13:56:16 180     96    84    4.34    +++   -12   
1.23    8.10___13:56:30 181     97    84    4.32    ---   -13   
1.36    8.10___13:56:44 182     98    84    4.3     ---   -14   
8.35    8.10___13:57:12 183     98    85    4.33    +++   -13   
1.21    8.10___13:57:25 184     99    85    4.31    ---   -14   
6.43    8.10___13:57:51 185     99    86    4.32    +++   -13   
1.72    8.10___13:58:6  186     100   86    4.31    ---   -14   
4.83    8.10___13:58:29 187     100   87    4.31    +++   -13   
1.08    8.10___13:58:42 188     101   87    4.29    ---   -14   
1.13    8.10___13:58:55 189     102   87    4.28    ---   -15   
1.48    8.10___13:59:10 190     103   87    4.26    ---   -16   
6.72    8.10___13:59:35 191     103   88    4.27    +++   -15   
