3       8.10___15:0:8   1       0     1     3       +++   1     
3.86    8.10___15:0:29  2       0     2     3.43    +++   2     
1.13    8.10___15:0:42  3       1     2     2.66    ---   1     
1.09    8.10___15:0:54  4       2     2     2.27    ---   0     
1.04    8.10___15:1:6   5       3     2     2.02    ---   -1    
11.02   8.10___15:1:37  6       3     3     3.52    +++   0     
1.96    8.10___15:1:53  7       4     3     3.3     ---   -1    
4.66    8.10___15:2:16  8       4     4     3.47    +++   0     
3.18    8.10___15:2:36  9       4     5     3.43    +++   1     
1.95    8.10___15:2:53  10      5     5     3.28    ---   0     
1.94    8.10___15:3:9   11      6     5     3.16    ---   -1    
4.79    8.10___15:3:32  12      6     6     3.3     +++   0     
1.65    8.10___15:3:48  13      7     6     3.17    ---   -1    
1.22    8.10___15:4:1   14      8     6     3.03    ---   -2    
5.13    8.10___15:4:25  15      8     7     3.17    +++   -1    
7.9     8.10___15:4:52  16      8     8     3.47    +++   0     
1.06    8.10___15:5:4   17      9     8     3.32    ---   -1    
1.09    8.10___15:5:17  18      10    8     3.2     ---   -2    
1.16    8.10___15:5:30  19      11    8     3.09    ---   -3    
20.46   8.10___15:6:8   20      11    9     3.96    +++   -2    
2.82    8.10___15:6:27  21      11    10    3.9     +++   -1    
8.06    8.10___15:6:55  22      11    11    4.09    +++   0     
1.2     8.10___15:7:8   23      12    11    3.97    ---   -1    
12.57   8.10___15:7:40  24      12    12    4.33    +++   0     
1.38    8.10___15:7:54  25      13    12    4.21    ---   -1    
2.75    8.10___15:8:13  26      13    13    4.15    +++   0     
1.78    8.10___15:8:30  27      14    13    4.06    ---   -1    
1.5     8.10___15:8:45  28      15    13    3.97    ---   -2    
2.86    8.10___15:9:4   29      15    14    3.93    +++   -1    
1.35    8.10___15:9:18  30      16    14    3.85    ---   -2    
1.67    8.10___15:9:34  31      17    14    3.78    ---   -3    
3.6     8.10___15:9:55  32      17    15    3.77    +++   -2    
1.16    8.10___15:10:8  33      18    15    3.69    ---   -3    
2.64    8.10___15:10:26 34      18    16    3.66    +++   -2    
5.8     8.10___15:10:51 35      18    17    3.72    +++   -1    
9.71    8.10___15:11:20 36      18    18    3.89    +++   0     
1.05    8.10___15:11:32 37      19    18    3.81    ---   -1    
9.41    8.10___15:12:1  38      19    19    3.96    +++   0     
1.74    8.10___15:12:17 39      20    19    3.9     ---   -1    
2.04    8.10___15:12:34 40      20    20    3.85    +++   0     
3.51    8.10___15:12:54 41      20    21    3.85    +++   1     
2.34    8.10___15:13:12 42      20    22    3.81    +++   2     
1.36    8.10___15:13:27 43      21    22    3.75    ---   1     
4.43    8.10___15:13:49 44      21    23    3.77    +++   2     
15.92   8.10___15:14:24 45      21    24    4.04    +++   3     
1.18    8.10___15:14:37 46      22    24    3.98    ---   2     
2.21    8.10___15:14:55 47      22    25    3.94    +++   3     
1.04    8.10___15:15:7  48      23    25    3.88    ---   2     
1.29    8.10___15:15:21 49      24    25    3.82    ---   1     
1.32    8.10___15:15:35 50      25    25    3.77    ---   0     
5.83    8.10___15:15:59 51      25    26    3.81    +++   1     
2.43    8.10___15:16:17 52      25    27    3.79    +++   2     
1.7     8.10___15:16:33 53      26    27    3.75    ---   1     
1.02    8.10___15:16:45 54      27    27    3.7     ---   0     
2.96    8.10___15:17:4  55      27    28    3.68    +++   1     
8.99    8.10___15:17:33 56      27    29    3.78    +++   2     
34.27   8.10___15:18:20 57      27    30    4.31    +++   3     
1.08    8.10___15:18:32 58      28    30    4.26    ---   2     
1.33    8.10___15:18:46 59      29    30    4.21    ---   1     
3.62    8.10___15:19:7  60      29    31    4.2     +++   2     
1.25    8.10___15:19:21 61      30    31    4.15    ---   1     
1.92    8.10___15:19:37 62      31    31    4.11    ---   0     
4.08    8.10___15:19:59 63      31    32    4.11    +++   1     
9.65    8.10___15:20:28 64      31    33    4.2     +++   2     
1.15    8.10___15:20:41 65      32    33    4.15    ---   1     
1.87    8.10___15:20:58 66      33    33    4.12    ---   0     
1.17    8.10___15:21:11 67      34    33    4.07    ---   -1    
2.15    8.10___15:21:28 68      34    34    4.05    +++   0     
3.13    8.10___15:21:48 69      34    35    4.03    +++   1     
7.29    8.10___15:22:14 70      34    36    4.08    +++   2     
2.6     8.10___15:22:33 71      34    37    4.06    +++   3     
1.09    8.10___15:22:45 72      35    37    4.02    ---   2     
2.11    8.10___15:23:3  73      35    38    3.99    +++   3     
1.18    8.10___15:23:16 74      36    38    3.95    ---   2     
1.96    8.10___15:23:33 75      37    38    3.93    ---   1     
2.52    8.10___15:23:51 76      37    39    3.91    +++   2     
1.19    8.10___15:24:4  77      38    39    3.87    ---   1     
2.98    8.10___15:24:24 78      38    40    3.86    +++   2     
1.36    8.10___15:24:38 79      39    40    3.83    ---   1     
2.24    8.10___15:24:56 80      39    41    3.81    +++   2     
1.23    8.10___15:25:9  81      40    41    3.78    ---   1     
3.77    8.10___15:25:30 82      40    42    3.78    +++   2     
3.64    8.10___15:25:51 83      40    43    3.78    +++   3     
1.23    8.10___15:26:5  84      41    43    3.74    ---   2     
1.4     8.10___15:26:19 85      42    43    3.72    ---   1     
2       8.10___15:26:36 86      42    44    3.7     +++   2     
14.9    8.10___15:27:10 87      42    45    3.83    +++   3     
1.17    8.10___15:27:24 88      43    45    3.8     ---   2     
1.24    8.10___15:27:37 89      44    45    3.77    ---   1     
1.13    8.10___15:27:50 90      45    45    3.74    ---   0     
7.26    8.10___15:28:16 91      45    46    3.78    +++   1     
5.98    8.10___15:28:41 92      45    47    3.8     +++   2     
2.45    8.10___15:28:59 93      45    48    3.79    +++   3     
4.86    8.10___15:29:22 94      45    49    3.8     +++   4     
2.13    8.10___15:29:40 95      45    50    3.78    +++   5     
2.14    8.10___15:29:57 96      45    51    3.76    +++   6     
1       8.10___15:30:7  97      46    51    3.73    ---   5     
4.77    8.10___15:30:30 98      46    52    3.74    +++   6     
1.95    8.10___15:30:47 99      47    52    3.73    ---   5     
3.72    8.10___15:31:8  100     47    53    3.73    +++   6     
1       8.10___15:31:18 101     48    53    3.7     ---   5     
1.13    8.10___15:31:31 102     49    53    3.67    ---   4     
1.81    8.10___15:31:48 103     50    53    3.66    ---   3     
2.47    8.10___15:32:6  104     50    54    3.64    +++   4     
1.04    8.10___15:32:18 105     51    54    3.62    ---   3     
1.72    8.10___15:32:34 106     52    54    3.6     ---   2     
9.21    8.10___15:33:2  107     52    55    3.65    +++   3     
4.35    8.10___15:33:24 108     52    56    3.66    +++   4     
2.92    8.10___15:33:44 109     52    57    3.65    +++   5     
1.3     8.10___15:33:58 110     53    57    3.63    ---   4     
2.39    8.10___15:34:16 111     53    58    3.62    +++   5     
11.5    8.10___15:34:47 112     53    59    3.69    +++   6     
1.05    8.10___15:34:59 113     54    59    3.67    ---   5     
1.26    8.10___15:35:13 114     55    59    3.65    ---   4     
3.58    8.10___15:35:33 115     55    60    3.65    +++   5     
6.91    8.10___15:35:59 116     55    61    3.67    +++   6     
1.66    8.10___15:36:15 117     56    61    3.66    ---   5     
1.2     8.10___15:36:28 118     57    61    3.64    ---   4     
1.49    8.10___15:36:43 119     58    61    3.62    ---   3     
3.03    8.10___15:37:3  120     58    62    3.61    +++   4     
1.46    8.10___15:37:18 121     59    62    3.59    ---   3     
10.05   8.10___15:37:47 122     59    63    3.65    +++   4     
1.63    8.10___15:38:3  123     60    63    3.63    ---   3     
1.12    8.10___15:38:16 124     61    63    3.61    ---   2     
1.01    8.10___15:38:27 125     62    63    3.59    ---   1     
2.7     8.10___15:38:46 126     62    64    3.58    +++   2     
1.05    8.10___15:38:57 127     63    64    3.56    ---   1     
2.49    8.10___15:39:16 128     63    65    3.55    +++   2     
8.18    8.10___15:39:44 129     63    66    3.59    +++   3     
1.05    8.10___15:39:55 130     64    66    3.57    ---   2     
1.08    8.10___15:40:8  131     65    66    3.55    ---   1     
1.32    8.10___15:40:22 132     66    66    3.53    ---   0     
1.38    8.10___15:40:36 133     67    66    3.52    ---   -1    
21.96   8.10___15:41:16 134     67    67    3.66    +++   0     
1.48    8.10___15:41:31 135     68    67    3.64    ---   -1    
1.88    8.10___15:41:47 136     69    67    3.63    ---   -2    
3.67    8.10___15:42:8  137     69    68    3.63    +++   -1    
4.15    8.10___15:42:30 138     69    69    3.63    +++   0     
5.04    8.10___15:42:53 139     69    70    3.64    +++   1     
1.81    8.10___15:43:9  140     70    70    3.63    ---   0     
1.3     8.10___15:43:23 141     71    70    3.61    ---   -1    
1.05    8.10___15:43:35 142     72    70    3.59    ---   -2    
1.57    8.10___15:43:51 143     73    70    3.58    ---   -3    
1.97    8.10___15:44:7  144     74    70    3.57    ---   -4    
1.31    8.10___15:44:22 145     75    70    3.55    ---   -5    
1.98    8.10___15:44:38 146     76    70    3.54    ---   -6    
1.82    8.10___15:44:55 147     77    70    3.53    ---   -7    
1.51    8.10___15:45:10 148     78    70    3.52    ---   -8    
9.63    8.10___15:45:39 149     78    71    3.56    +++   -7    
3.13    8.10___15:45:59 150     78    72    3.55    +++   -6    
24.75   8.10___15:46:40 151     78    73    3.69    +++   -5    
2.22    8.10___15:46:58 152     78    74    3.68    +++   -4    
1.27    8.10___15:47:11 153     79    74    3.67    ---   -5    
1.6     8.10___15:47:27 154     80    74    3.66    ---   -6    
8.23    8.10___15:47:54 155     80    75    3.68    +++   -5    
2.28    8.10___15:48:12 156     80    76    3.68    +++   -4    
20.17   8.10___15:48:50 157     80    77    3.78    +++   -3    
1.82    8.10___15:49:7  158     81    77    3.77    ---   -4    
1.39    8.10___15:49:21 159     82    77    3.75    ---   -5    
2.36    8.10___15:49:39 160     82    78    3.74    +++   -4    
1.54    8.10___15:49:54 161     83    78    3.73    ---   -5    
2.47    8.10___15:50:13 162     83    79    3.72    +++   -4    
2.62    8.10___15:50:31 163     83    80    3.72    +++   -3    
10.53   8.10___15:51:1  164     83    81    3.76    +++   -2    
1.46    8.10___15:51:16 165     84    81    3.74    ---   -3    
2.86    8.10___15:51:35 166     84    82    3.74    +++   -2    
4.84    8.10___15:51:58 167     84    83    3.75    +++   -1    
1.96    8.10___15:52:15 168     85    83    3.73    ---   -2    
1.14    8.10___15:52:28 169     86    83    3.72    ---   -3    
2.39    8.10___15:52:46 170     86    84    3.71    +++   -2    
1.32    8.10___15:53:0  171     87    84    3.7     ---   -3    
4.07    8.10___15:53:22 172     87    85    3.7     +++   -2    
2.87    8.10___15:53:41 173     87    86    3.69    +++   -1    
1       8.10___15:53:52 174     88    86    3.68    ---   -2    
9.12    8.10___15:54:20 175     88    87    3.71    +++   -1    
3.98    8.10___15:54:42 176     88    88    3.71    +++   0     
1.02    8.10___15:54:53 177     89    88    3.7     ---   -1    
2.54    8.10___15:55:11 178     89    89    3.69    +++   0     
2.83    8.10___15:55:31 179     89    90    3.69    +++   1     
4.28    8.10___15:55:53 180     89    91    3.69    +++   2     
1.3     8.10___15:56:7  181     90    91    3.68    ---   1     
3.07    8.10___15:56:26 182     90    92    3.67    +++   2     
4.78    8.10___15:56:49 183     90    93    3.68    +++   3     
4.78    8.10___15:57:12 184     90    94    3.68    +++   4     
1.55    8.10___15:57:27 185     91    94    3.67    ---   3     
26.27   8.10___15:58:10 186     91    95    3.79    +++   4     
1.97    8.10___15:58:26 187     92    95    3.78    ---   3     
1.47    8.10___15:58:41 188     93    95    3.77    ---   2     
1       8.10___15:58:52 189     94    95    3.76    ---   1     
1.47    8.10___15:59:7  190     95    95    3.74    ---   0     
2.36    8.10___15:59:25 191     95    96    3.74    +++   1     
1.03    8.10___15:59:36 192     96    96    3.72    ---   0     
