10.15   8.10___14:0:5   1       0     1     10.15   +++   1     
1       8.10___14:0:15  2       1     1     5.57    ---   0     
21.24   8.10___14:0:54  3       1     2     10.79   +++   1     
2.38    8.10___14:1:12  4       1     3     8.69    +++   2     
16.18   8.10___14:1:48  5       1     4     10.19   +++   3     
2.76    8.10___14:2:7   6       1     5     8.95    +++   4     
1.62    8.10___14:2:22  7       2     5     7.9     ---   3     
1       8.10___14:2:33  8       3     5     7.04    ---   2     
1.58    8.10___14:2:48  9       4     5     6.43    ---   1     
1.58    8.10___14:3:3   10      5     5     5.94    ---   0     
1.24    8.10___14:3:17  11      6     5     5.52    ---   -1    
9.99    8.10___14:3:46  12      6     6     5.89    +++   0     
1.37    8.10___14:4:1   13      7     6     5.54    ---   -1    
1.78    8.10___14:4:17  14      8     6     5.27    ---   -2    
1.6     8.10___14:4:32  15      9     6     5.03    ---   -3    
1.13    8.10___14:4:45  16      10    6     4.78    ---   -4    
11.38   8.10___14:5:16  17      10    7     5.17    +++   -3    
1       8.10___14:5:27  18      11    7     4.94    ---   -4    
11.4    8.10___14:5:58  19      11    8     5.28    +++   -3    
1.11    8.10___14:6:10  20      12    8     5.07    ---   -4    
1.1     8.10___14:6:23  21      13    8     4.88    ---   -5    
1       8.10___14:6:33  22      14    8     4.7     ---   -6    
3.9     8.10___14:6:55  23      14    9     4.67    +++   -5    
4.62    8.10___14:7:17  24      14    10    4.67    +++   -4    
1.07    8.10___14:7:30  25      15    10    4.52    ---   -5    
1.01    8.10___14:7:41  26      16    10    4.39    ---   -6    
3.94    8.10___14:8:2   27      16    11    4.37    +++   -5    
2.42    8.10___14:8:20  28      16    12    4.3     +++   -4    
17.32   8.10___14:8:56  29      16    13    4.75    +++   -3    
1.92    8.10___14:9:13  30      17    13    4.65    ---   -4    
3.92    8.10___14:9:34  31      17    14    4.63    +++   -3    
1.97    8.10___14:9:51  32      18    14    4.55    ---   -4    
1.06    8.10___14:10:3  33      19    14    4.44    ---   -5    
1.05    8.10___14:10:15 34      20    14    4.34    ---   -6    
20.44   8.10___14:10:54 35      20    15    4.8     +++   -5    
1.06    8.10___14:11:6  36      21    15    4.7     ---   -6    
1.36    8.10___14:11:20 37      22    15    4.61    ---   -7    
1.86    8.10___14:11:36 38      23    15    4.53    ---   -8    
1       8.10___14:11:47 39      24    15    4.44    ---   -9    
1.37    8.10___14:12:1  40      25    15    4.37    ---   -10   
21.35   8.10___14:12:40 41      25    16    4.78    +++   -9    
3.89    8.10___14:13:2  42      25    17    4.76    +++   -8    
1.54    8.10___14:13:17 43      26    17    4.68    ---   -9    
27.82   8.10___14:14:0  44      26    18    5.21    +++   -8    
1.14    8.10___14:14:13 45      27    18    5.12    ---   -9    
1.33    8.10___14:14:27 46      28    18    5.04    ---   -10   
21.45   8.10___14:15:6  47      28    19    5.39    +++   -9    
1.14    8.10___14:15:19 48      29    19    5.3     ---   -10   
1.74    8.10___14:15:35 49      30    19    5.23    ---   -11   
1.02    8.10___14:15:47 50      31    19    5.14    ---   -12   
1.53    8.10___14:16:2  51      32    19    5.07    ---   -13   
3.67    8.10___14:16:23 52      32    20    5.04    +++   -12   
2.13    8.10___14:16:40 53      32    21    4.99    +++   -11   
1.8     8.10___14:16:56 54      33    21    4.93    ---   -12   
7.67    8.10___14:17:23 55      33    22    4.98    +++   -11   
1.02    8.10___14:17:35 56      34    22    4.91    ---   -12   
1.24    8.10___14:17:48 57      35    22    4.84    ---   -13   
1.39    8.10___14:18:3  58      36    22    4.78    ---   -14   
5.01    8.10___14:18:26 59      36    23    4.79    +++   -13   
4.89    8.10___14:18:49 60      36    24    4.79    +++   -12   
1.19    8.10___14:19:2  61      37    24    4.73    ---   -13   
10.06   8.10___14:19:32 62      37    25    4.82    +++   -12   
11.93   8.10___14:20:3  63      37    26    4.93    +++   -11   
2.9     8.10___14:20:23 64      37    27    4.9     +++   -10   
3.51    8.10___14:20:43 65      37    28    4.88    +++   -9    
4.74    8.10___14:21:6  66      37    29    4.87    +++   -8    
1       8.10___14:21:16 67      38    29    4.82    ---   -9    
1.24    8.10___14:21:30 68      39    29    4.76    ---   -10   
1.81    8.10___14:21:46 69      40    29    4.72    ---   -11   
1.94    8.10___14:22:3  70      41    29    4.68    ---   -12   
1       8.10___14:22:14 71      42    29    4.63    ---   -13   
25.99   8.10___14:22:56 72      42    30    4.92    +++   -12   
1.98    8.10___14:23:13 73      43    30    4.88    ---   -13   
2.66    8.10___14:23:31 74      43    31    4.85    +++   -12   
1       8.10___14:23:42 75      44    31    4.8     ---   -13   
1.3     8.10___14:23:56 76      45    31    4.76    ---   -14   
9.88    8.10___14:24:25 77      45    32    4.82    +++   -13   
19.57   8.10___14:25:3  78      45    33    5.01    +++   -12   
1.22    8.10___14:25:17 79      46    33    4.96    ---   -13   
1.5     8.10___14:25:32 80      47    33    4.92    ---   -14   
23.86   8.10___14:26:13 81      47    34    5.15    +++   -13   
1.94    8.10___14:26:29 82      48    34    5.12    ---   -14   
1.8     8.10___14:26:45 83      49    34    5.08    ---   -15   
1.23    8.10___14:26:59 84      50    34    5.03    ---   -16   
1.33    8.10___14:27:13 85      51    34    4.99    ---   -17   
3.42    8.10___14:27:34 86      51    35    4.97    +++   -16   
1.51    8.10___14:27:49 87      52    35    4.93    ---   -17   
1.54    8.10___14:28:4  88      53    35    4.89    ---   -18   
3.56    8.10___14:28:24 89      53    36    4.87    +++   -17   
4.04    8.10___14:28:46 90      53    37    4.87    +++   -16   
1.69    8.10___14:29:2  91      54    37    4.83    ---   -17   
1.66    8.10___14:29:18 92      55    37    4.8     ---   -18   
2.62    8.10___14:29:36 93      55    38    4.77    +++   -17   
5.96    8.10___14:30:1  94      55    39    4.78    +++   -16   
1.57    8.10___14:30:16 95      56    39    4.75    ---   -17   
1.02    8.10___14:30:28 96      57    39    4.71    ---   -18   
1.42    8.10___14:30:42 97      58    39    4.68    ---   -19   
1.53    8.10___14:30:57 98      59    39    4.65    ---   -20   
1.8     8.10___14:31:14 99      60    39    4.62    ---   -21   
1.11    8.10___14:31:26 100     61    39    4.58    ---   -22   
6.44    8.10___14:31:51 101     61    40    4.6     +++   -21   
1.41    8.10___14:32:6  102     62    40    4.57    ---   -22   
1.34    8.10___14:32:20 103     63    40    4.54    ---   -23   
1.68    8.10___14:32:36 104     64    40    4.51    ---   -24   
1.82    8.10___14:32:52 105     65    40    4.48    ---   -25   
1.31    8.10___14:33:6  106     66    40    4.45    ---   -26   
1.03    8.10___14:33:18 107     67    40    4.42    ---   -27   
2.24    8.10___14:33:36 108     67    41    4.4     +++   -26   
2.81    8.10___14:33:55 109     67    42    4.39    +++   -25   
1.04    8.10___14:34:7  110     68    42    4.36    ---   -26   
1.73    8.10___14:34:23 111     69    42    4.33    ---   -27   
5.91    8.10___14:34:47 112     69    43    4.35    +++   -26   
1.39    8.10___14:35:2  113     70    43    4.32    ---   -27   
1.39    8.10___14:35:16 114     71    43    4.3     ---   -28   
3.19    8.10___14:35:36 115     71    44    4.29    +++   -27   
1.64    8.10___14:35:52 116     72    44    4.26    ---   -28   
1       8.10___14:36:2  117     73    44    4.23    ---   -29   
1.04    8.10___14:36:14 118     74    44    4.21    ---   -30   
11.81   8.10___14:36:45 119     74    45    4.27    +++   -29   
6.9     8.10___14:37:11 120     74    46    4.29    +++   -28   
2       8.10___14:37:28 121     74    47    4.27    +++   -27   
1.86    8.10___14:37:44 122     75    47    4.25    ---   -28   
2.13    8.10___14:38:2  123     75    48    4.24    +++   -27   
1       8.10___14:38:12 124     76    48    4.21    ---   -28   
11      8.10___14:38:43 125     76    49    4.27    +++   -27   
1.06    8.10___14:38:55 126     77    49    4.24    ---   -28   
9.93    8.10___14:39:24 127     77    50    4.28    +++   -27   
19.01   8.10___14:40:2  128     77    51    4.4     +++   -26   
1.04    8.10___14:40:14 129     78    51    4.37    ---   -27   
3.17    8.10___14:40:33 130     78    52    4.36    +++   -26   
1.61    8.10___14:40:49 131     79    52    4.34    ---   -27   
25.32   8.10___14:41:31 132     79    53    4.5     +++   -26   
2.55    8.10___14:41:49 133     79    54    4.49    +++   -25   
1.14    8.10___14:42:2  134     80    54    4.46    ---   -26   
3.05    8.10___14:42:22 135     80    55    4.45    +++   -25   
1.07    8.10___14:42:34 136     81    55    4.43    ---   -26   
20.19   8.10___14:43:12 137     81    56    4.54    +++   -25   
2.77    8.10___14:43:31 138     81    57    4.53    +++   -24   
22.7    8.10___14:44:11 139     81    58    4.66    +++   -23   
1.42    8.10___14:44:26 140     82    58    4.64    ---   -24   
2.94    8.10___14:44:45 141     82    59    4.62    +++   -23   
1.38    8.10___14:44:59 142     83    59    4.6     ---   -24   
1.24    8.10___14:45:13 143     84    59    4.58    ---   -25   
3.54    8.10___14:45:34 144     84    60    4.57    +++   -24   
1.1     8.10___14:45:46 145     85    60    4.55    ---   -25   
5.26    8.10___14:46:10 146     85    61    4.55    +++   -24   
4.21    8.10___14:46:32 147     85    62    4.55    +++   -23   
1.82    8.10___14:46:48 148     86    62    4.53    ---   -24   
2.04    8.10___14:47:5  149     86    63    4.51    +++   -23   
1.44    8.10___14:47:20 150     87    63    4.49    ---   -24   
3.04    8.10___14:47:39 151     87    64    4.48    +++   -23   
2.63    8.10___14:47:58 152     87    65    4.47    +++   -22   
1.38    8.10___14:48:12 153     88    65    4.45    ---   -23   
5.39    8.10___14:48:36 154     88    66    4.46    +++   -22   
3.11    8.10___14:48:56 155     88    67    4.45    +++   -21   
16.52   8.10___14:49:31 156     88    68    4.53    +++   -20   
2.83    8.10___14:49:51 157     88    69    4.52    +++   -19   
1       8.10___14:50:1  158     89    69    4.49    ---   -20   
4.82    8.10___14:50:24 159     89    70    4.5     +++   -19   
2.52    8.10___14:50:42 160     89    71    4.48    +++   -18   
8.85    8.10___14:51:11 161     89    72    4.51    +++   -17   
1.21    8.10___14:51:24 162     90    72    4.49    ---   -18   
4.05    8.10___14:51:46 163     90    73    4.49    +++   -17   
8.14    8.10___14:52:13 164     90    74    4.51    +++   -16   
1       8.10___14:52:24 165     91    74    4.49    ---   -17   
6.98    8.10___14:52:50 166     91    75    4.5     +++   -16   
3.69    8.10___14:53:11 167     91    76    4.5     +++   -15   
1.04    8.10___14:53:23 168     92    76    4.48    ---   -16   
2.08    8.10___14:53:40 169     92    77    4.46    +++   -15   
1.01    8.10___14:53:51 170     93    77    4.44    ---   -16   
1.11    8.10___14:54:4  171     94    77    4.42    ---   -17   
3.11    8.10___14:54:23 172     94    78    4.42    +++   -16   
1.67    8.10___14:54:39 173     95    78    4.4     ---   -17   
16.57   8.10___14:55:15 174     95    79    4.47    +++   -16   
1.6     8.10___14:55:30 175     96    79    4.45    ---   -17   
5.64    8.10___14:55:54 176     96    80    4.46    +++   -16   
2.09    8.10___14:56:11 177     96    81    4.45    +++   -15   
18.14   8.10___14:56:48 178     96    82    4.52    +++   -14   
1.75    8.10___14:57:4  179     97    82    4.51    ---   -15   
1.87    8.10___14:57:21 180     98    82    4.49    ---   -16   
2.87    8.10___14:57:40 181     98    83    4.48    +++   -15   
1.08    8.10___14:57:52 182     99    83    4.47    ---   -16   
3.24    8.10___14:58:12 183     99    84    4.46    +++   -15   
3.36    8.10___14:58:32 184     99    85    4.45    +++   -14   
10.24   8.10___14:59:2  185     99    86    4.48    +++   -13   
7.55    8.10___14:59:29 186     99    87    4.5     +++   -12   
2.94    8.10___14:59:48 187     99    88    4.49    +++   -11   
