21.39   8.10___18:0:23  1       0     1     21.39   +++   1     
22.88   8.10___18:1:3   2       0     2     22.13   +++   2     
6.72    8.10___18:1:29  3       0     3     16.99   +++   3     
1.14    8.10___18:1:42  4       1     3     13.03   ---   2     
1.94    8.10___18:1:58  5       2     3     10.81   ---   1     
2.38    8.10___18:2:16  6       2     4     9.4     +++   2     
1.94    8.10___18:2:33  7       3     4     8.34    ---   1     
1.18    8.10___18:2:46  8       4     4     7.44    ---   0     
1.85    8.10___18:3:3   9       5     4     6.82    ---   -1    
1.85    8.10___18:3:19  10      6     4     6.32    ---   -2    
1       8.10___18:3:30  11      7     4     5.84    ---   -3    
1.59    8.10___18:3:45  12      8     4     5.48    ---   -4    
1.75    8.10___18:4:1   13      9     4     5.2     ---   -5    
5.87    8.10___18:4:26  14      9     5     5.24    +++   -4    
4.48    8.10___18:4:48  15      9     6     5.19    +++   -3    
2.81    8.10___18:5:7   16      9     7     5.04    +++   -2    
1.51    8.10___18:5:22  17      10    7     4.84    ---   -3    
2.27    8.10___18:5:40  18      10    8     4.69    +++   -2    
1.35    8.10___18:5:54  19      11    8     4.52    ---   -3    
3.89    8.10___18:6:15  20      11    9     4.48    +++   -2    
3.44    8.10___18:6:36  21      11    10    4.43    +++   -1    
19.5    8.10___18:7:14  22      11    11    5.12    +++   0     
1.65    8.10___18:7:29  23      12    11    4.97    ---   -1    
17.33   8.10___18:8:5   24      12    12    5.48    +++   0     
2.09    8.10___18:8:23  25      12    13    5.35    +++   1     
5.55    8.10___18:8:47  26      12    14    5.35    +++   2     
1.13    8.10___18:8:59  27      13    14    5.2     ---   1     
7.73    8.10___18:9:26  28      13    15    5.29    +++   2     
1.01    8.10___18:9:38  29      14    15    5.14    ---   1     
1.41    8.10___18:9:52  30      15    15    5.02    ---   0     
1.55    8.10___18:10:7  31      16    15    4.9     ---   -1    
1.12    8.10___18:10:20 32      17    15    4.79    ---   -2    
1.41    8.10___18:10:35 33      18    15    4.68    ---   -3    
1.63    8.10___18:10:50 34      19    15    4.59    ---   -4    
3.26    8.10___18:11:11 35      19    16    4.55    +++   -3    
5.36    8.10___18:11:34 36      19    17    4.58    +++   -2    
4.7     8.10___18:11:57 37      19    18    4.58    +++   -1    
3.85    8.10___18:12:18 38      19    19    4.56    +++   0     
1.09    8.10___18:12:31 39      20    19    4.47    ---   -1    
1.56    8.10___18:12:46 40      21    19    4.4     ---   -2    
2.04    8.10___18:13:3  41      21    20    4.34    +++   -1    
1.4     8.10___18:13:18 42      22    20    4.27    ---   -2    
1.13    8.10___18:13:30 43      23    20    4.2     ---   -3    
11.76   8.10___18:14:2  44      23    21    4.37    +++   -2    
2.06    8.10___18:14:19 45      23    22    4.32    +++   -1    
6.83    8.10___18:14:45 46      23    23    4.37    +++   0     
1.86    8.10___18:15:1  47      24    23    4.32    ---   -1    
1.16    8.10___18:15:14 48      25    23    4.25    ---   -2    
1.65    8.10___18:15:30 49      26    23    4.2     ---   -3    
1.27    8.10___18:15:44 50      27    23    4.14    ---   -4    
4.54    8.10___18:16:6  51      27    24    4.15    +++   -3    
1.44    8.10___18:16:21 52      28    24    4.1     ---   -4    
2.78    8.10___18:16:40 53      28    25    4.07    +++   -3    
1.3     8.10___18:16:54 54      29    25    4.02    ---   -4    
2.61    8.10___18:17:13 55      29    26    3.99    +++   -3    
2       8.10___18:17:30 56      29    27    3.96    +++   -2    
1.27    8.10___18:17:43 57      30    27    3.91    ---   -3    
3.67    8.10___18:18:4  58      30    28    3.91    +++   -2    
3.15    8.10___18:18:24 59      30    29    3.89    +++   -1    
3.31    8.10___18:18:44 60      30    30    3.88    +++   0     
3.56    8.10___18:19:5  61      30    31    3.88    +++   1     
1.43    8.10___18:19:20 62      31    31    3.84    ---   0     
1.68    8.10___18:19:35 63      32    31    3.81    ---   -1    
1       8.10___18:19:46 64      33    31    3.76    ---   -2    
1.18    8.10___18:19:59 65      34    31    3.72    ---   -3    
1.28    8.10___18:20:13 66      35    31    3.68    ---   -4    
1.48    8.10___18:20:28 67      36    31    3.65    ---   -5    
7.97    8.10___18:20:55 68      36    32    3.72    +++   -4    
3.3     8.10___18:21:16 69      36    33    3.71    +++   -3    
3.79    8.10___18:21:37 70      36    34    3.71    +++   -2    
1.08    8.10___18:21:49 71      37    34    3.67    ---   -3    
1.26    8.10___18:22:3  72      38    34    3.64    ---   -4    
10.12   8.10___18:22:33 73      38    35    3.73    +++   -3    
1.93    8.10___18:22:49 74      39    35    3.7     ---   -4    
1.6     8.10___18:23:5  75      40    35    3.68    ---   -5    
26.97   8.10___18:23:47 76      40    36    3.98    +++   -4    
1.39    8.10___18:24:2  77      41    36    3.95    ---   -5    
1.24    8.10___18:24:16 78      42    36    3.91    ---   -6    
1.08    8.10___18:24:28 79      43    36    3.88    ---   -7    
3.17    8.10___18:24:48 80      43    37    3.87    +++   -6    
4.08    8.10___18:25:9  81      43    38    3.87    +++   -5    
32.27   8.10___18:25:55 82      43    39    4.22    +++   -4    
1.16    8.10___18:26:8  83      44    39    4.18    ---   -5    
3.51    8.10___18:26:29 84      44    40    4.17    +++   -4    
6.13    8.10___18:26:54 85      44    41    4.2     +++   -3    
1.17    8.10___18:27:7  86      45    41    4.16    ---   -4    
1.03    8.10___18:27:19 87      46    41    4.12    ---   -5    
3.13    8.10___18:27:39 88      46    42    4.11    +++   -4    
1.12    8.10___18:27:51 89      47    42    4.08    ---   -5    
3.04    8.10___18:28:11 90      47    43    4.07    +++   -4    
2.99    8.10___18:28:30 91      47    44    4.06    +++   -3    
1.74    8.10___18:28:46 92      48    44    4.03    ---   -4    
1.24    8.10___18:29:0  93      49    44    4       ---   -5    
11.37   8.10___18:29:31 94      49    45    4.08    +++   -4    
2.12    8.10___18:29:48 95      49    46    4.06    +++   -3    
1.05    8.10___18:30:0  96      50    46    4.03    ---   -4    
2.5     8.10___18:30:19 97      50    47    4.01    +++   -3    
1.75    8.10___18:30:35 98      51    47    3.99    ---   -4    
3.59    8.10___18:30:55 99      51    48    3.98    +++   -3    
2.89    8.10___18:31:15 100     51    49    3.97    +++   -2    
1.5     8.10___18:31:30 101     52    49    3.95    ---   -3    
1.83    8.10___18:31:46 102     53    49    3.93    ---   -4    
1.87    8.10___18:32:3  103     54    49    3.91    ---   -5    
16.79   8.10___18:32:38 104     54    50    4.03    +++   -4    
1.78    8.10___18:32:54 105     55    50    4.01    ---   -5    
1.65    8.10___18:33:10 106     56    50    3.99    ---   -6    
2.1     8.10___18:33:27 107     56    51    3.97    +++   -5    
1.04    8.10___18:33:39 108     57    51    3.94    ---   -6    
1.13    8.10___18:33:52 109     58    51    3.92    ---   -7    
1.16    8.10___18:34:5  110     59    51    3.89    ---   -8    
3.77    8.10___18:34:26 111     59    52    3.89    +++   -7    
5.5     8.10___18:34:50 112     59    53    3.9     +++   -6    
1.02    8.10___18:35:1  113     60    53    3.88    ---   -7    
3.26    8.10___18:35:22 114     60    54    3.87    +++   -6    
1.68    8.10___18:35:37 115     61    54    3.85    ---   -7    
1.02    8.10___18:35:49 116     62    54    3.83    ---   -8    
23.07   8.10___18:36:29 117     62    55    3.99    +++   -7    
1.21    8.10___18:36:42 118     63    55    3.97    ---   -8    
2.36    8.10___18:37:0  119     63    56    3.96    +++   -7    
1.85    8.10___18:37:17 120     64    56    3.94    ---   -8    
16.42   8.10___18:37:52 121     64    57    4.04    +++   -7    
6.3     8.10___18:38:17 122     64    58    4.06    +++   -6    
1.1     8.10___18:38:30 123     65    58    4.04    ---   -7    
5.41    8.10___18:38:54 124     65    59    4.05    +++   -6    
1.83    8.10___18:39:10 125     66    59    4.03    ---   -7    
2.34    8.10___18:39:28 126     66    60    4.02    +++   -6    
18.41   8.10___18:40:5  127     66    61    4.13    +++   -5    
1.16    8.10___18:40:18 128     67    61    4.11    ---   -6    
15.71   8.10___18:40:53 129     67    62    4.2     +++   -5    
5.02    8.10___18:41:16 130     67    63    4.2     +++   -4    
1.04    8.10___18:41:28 131     68    63    4.18    ---   -5    
7.37    8.10___18:41:54 132     68    64    4.2     +++   -4    
4.6     8.10___18:42:17 133     68    65    4.21    +++   -3    
2.44    8.10___18:42:35 134     68    66    4.19    +++   -2    
6.52    8.10___18:43:0  135     68    67    4.21    +++   -1    
23.91   8.10___18:43:41 136     68    68    4.35    +++   0     
5.71    8.10___18:44:5  137     68    69    4.36    +++   1     
6.28    8.10___18:44:30 138     68    70    4.38    +++   2     
1.08    8.10___18:44:43 139     69    70    4.35    ---   1     
5.75    8.10___18:45:7  140     69    71    4.36    +++   2     
3.23    8.10___18:45:27 141     69    72    4.36    +++   3     
4.09    8.10___18:45:49 142     69    73    4.35    +++   4     
3.28    8.10___18:46:9  143     69    74    4.35    +++   5     
1.02    8.10___18:46:20 144     70    74    4.32    ---   4     
1.35    8.10___18:46:35 145     71    74    4.3     ---   3     
1.22    8.10___18:46:48 146     72    74    4.28    ---   2     
1.53    8.10___18:47:3  147     73    74    4.26    ---   1     
1.17    8.10___18:47:17 148     74    74    4.24    ---   0     
1.39    8.10___18:47:31 149     75    74    4.22    ---   -1    
1.31    8.10___18:47:45 150     76    74    4.2     ---   -2    
1.08    8.10___18:47:58 151     77    74    4.18    ---   -3    
1.13    8.10___18:48:10 152     78    74    4.16    ---   -4    
20.1    8.10___18:48:49 153     78    75    4.27    +++   -3    
5.59    8.10___18:49:13 154     78    76    4.28    +++   -2    
1.15    8.10___18:49:26 155     79    76    4.26    ---   -3    
1.07    8.10___18:49:38 156     80    76    4.24    ---   -4    
1.31    8.10___18:49:52 157     81    76    4.22    ---   -5    
1.22    8.10___18:50:6  158     82    76    4.2     ---   -6    
1.21    8.10___18:50:19 159     83    76    4.18    ---   -7    
1.73    8.10___18:50:35 160     84    76    4.16    ---   -8    
1.24    8.10___18:50:49 161     85    76    4.15    ---   -9    
1.87    8.10___18:51:5  162     86    76    4.13    ---   -10   
1.44    8.10___18:51:20 163     87    76    4.11    ---   -11   
25.62   8.10___18:52:2  164     87    77    4.25    +++   -10   
1.34    8.10___18:52:16 165     88    77    4.23    ---   -11   
3.14    8.10___18:52:36 166     88    78    4.22    +++   -10   
2.4     8.10___18:52:54 167     88    79    4.21    +++   -9    
1.01    8.10___18:53:5  168     89    79    4.19    ---   -10   
2.44    8.10___18:53:23 169     89    80    4.18    +++   -9    
1.29    8.10___18:53:37 170     90    80    4.16    ---   -10   
1.56    8.10___18:53:53 171     91    80    4.15    ---   -11   
1.63    8.10___18:54:8  172     92    80    4.13    ---   -12   
12.3    8.10___18:54:40 173     92    81    4.18    +++   -11   
2.53    8.10___18:54:58 174     92    82    4.17    +++   -10   
1.84    8.10___18:55:16 175     93    82    4.16    ---   -11   
2.36    8.10___18:55:33 176     93    83    4.15    +++   -10   
1.6     8.10___18:55:48 177     94    83    4.13    ---   -11   
1.8     8.10___18:56:4  178     95    83    4.12    ---   -12   
1.36    8.10___18:56:19 179     96    83    4.11    ---   -13   
16.95   8.10___18:56:55 180     96    84    4.18    +++   -12   
4.77    8.10___18:57:18 181     96    85    4.18    +++   -11   
2.45    8.10___18:57:36 182     96    86    4.17    +++   -10   
3.54    8.10___18:57:56 183     96    87    4.17    +++   -9    
3.49    8.10___18:58:17 184     96    88    4.16    +++   -8    
5.66    8.10___18:58:41 185     96    89    4.17    +++   -7    
1.25    8.10___18:58:55 186     97    89    4.16    ---   -8    
1.14    8.10___18:59:8  187     98    89    4.14    ---   -9    
26.78   8.10___18:59:50 188     98    90    4.26    +++   -8    
