18.96   8.10___16:0:14  1       0     1     18.96   +++   1     
1.13    8.10___16:0:26  2       1     1     10.04   ---   0     
2.65    8.10___16:0:45  3       1     2     7.57    +++   1     
15.74   8.10___16:1:20  4       1     3     9.61    +++   2     
1.36    8.10___16:1:34  5       2     3     7.96    ---   1     
1.33    8.10___16:1:49  6       3     3     6.86    ---   0     
2.8     8.10___16:2:8   7       3     4     6.28    +++   1     
25.54   8.10___16:2:50  8       3     5     8.68    +++   2     
1.48    8.10___16:3:4   9       4     5     7.88    ---   1     
1.58    8.10___16:3:20  10      5     5     7.25    ---   0     
1.23    8.10___16:3:34  11      6     5     6.7     ---   -1    
1.25    8.10___16:3:47  12      7     5     6.25    ---   -2    
2.13    8.10___16:4:4   13      7     6     5.93    +++   -1    
1       8.10___16:4:15  14      8     6     5.58    ---   -2    
5.08    8.10___16:4:38  15      8     7     5.55    +++   -1    
16.51   8.10___16:5:14  16      8     8     6.23    +++   0     
1.44    8.10___16:5:28  17      9     8     5.95    ---   -1    
2.02    8.10___16:5:45  18      9     9     5.73    +++   0     
1.03    8.10___16:5:57  19      10    9     5.48    ---   -1    
8.99    8.10___16:6:26  20      10    10    5.66    +++   0     
1.19    8.10___16:6:39  21      11    10    5.44    ---   -1    
2.94    8.10___16:6:58  22      11    11    5.33    +++   0     
1.06    8.10___16:7:10  23      12    11    5.14    ---   -1    
1.64    8.10___16:7:26  24      13    11    5       ---   -2    
1       8.10___16:7:37  25      14    11    4.84    ---   -3    
1.05    8.10___16:7:49  26      15    11    4.69    ---   -4    
1.61    8.10___16:8:4   27      16    11    4.58    ---   -5    
1       8.10___16:8:15  28      17    11    4.45    ---   -6    
1.12    8.10___16:8:27  29      18    11    4.34    ---   -7    
2.81    8.10___16:8:46  30      18    12    4.28    +++   -6    
2.13    8.10___16:9:4   31      18    13    4.21    +++   -5    
1.6     8.10___16:9:19  32      19    13    4.13    ---   -6    
27.24   8.10___16:10:2  33      19    14    4.83    +++   -5    
1.42    8.10___16:10:17 34      20    14    4.73    ---   -6    
23.36   8.10___16:10:57 35      20    15    5.26    +++   -5    
4.99    8.10___16:11:20 36      20    16    5.26    +++   -4    
4.24    8.10___16:11:42 37      20    17    5.23    +++   -3    
2.25    8.10___16:12:0  38      20    18    5.15    +++   -2    
7.32    8.10___16:12:26 39      20    19    5.21    +++   -1    
1.75    8.10___16:12:42 40      21    19    5.12    ---   -2    
1       8.10___16:12:53 41      22    19    5.02    ---   -3    
25.06   8.10___16:13:35 42      22    20    5.5     +++   -2    
2.25    8.10___16:13:52 43      22    21    5.42    +++   -1    
6.64    8.10___16:14:18 44      22    22    5.45    +++   0     
1.35    8.10___16:14:32 45      23    22    5.36    ---   -1    
1.1     8.10___16:14:45 46      24    22    5.26    ---   -2    
1.44    8.10___16:14:59 47      25    22    5.18    ---   -3    
8.63    8.10___16:15:28 48      25    23    5.25    +++   -2    
1.14    8.10___16:15:40 49      26    23    5.17    ---   -3    
2.3     8.10___16:15:58 50      26    24    5.11    +++   -2    
5.05    8.10___16:16:22 51      26    25    5.11    +++   -1    
23.64   8.10___16:17:2  52      26    26    5.47    +++   0     
7.96    8.10___16:17:29 53      26    27    5.51    +++   1     
29.94   8.10___16:18:14 54      26    28    5.97    +++   2     
1.79    8.10___16:18:30 55      27    28    5.89    ---   1     
7.3     8.10___16:18:57 56      27    29    5.92    +++   2     
1.36    8.10___16:19:11 57      28    29    5.84    ---   1     
2.18    8.10___16:19:28 58      28    30    5.77    +++   2     
1.83    8.10___16:19:45 59      29    30    5.71    ---   1     
1.33    8.10___16:19:59 60      30    30    5.63    ---   0     
2.15    8.10___16:20:16 61      30    31    5.58    +++   1     
1.35    8.10___16:20:30 62      31    31    5.51    ---   0     
1       8.10___16:20:41 63      32    31    5.44    ---   -1    
32.63   8.10___16:21:27 64      32    32    5.86    +++   0     
1.62    8.10___16:21:43 65      33    32    5.8     ---   -1    
2.34    8.10___16:22:1  66      33    33    5.74    +++   0     
1.45    8.10___16:22:15 67      34    33    5.68    ---   -1    
18.44   8.10___16:22:52 68      34    34    5.87    +++   0     
3.37    8.10___16:23:13 69      34    35    5.83    +++   1     
1.82    8.10___16:23:29 70      35    35    5.77    ---   0     
1.63    8.10___16:23:44 71      36    35    5.71    ---   -1    
1.88    8.10___16:24:1  72      37    35    5.66    ---   -2    
3.5     8.10___16:24:22 73      37    36    5.63    +++   -1    
1.57    8.10___16:24:37 74      38    36    5.58    ---   -2    
18.91   8.10___16:25:14 75      38    37    5.75    +++   -1    
1.01    8.10___16:25:25 76      39    37    5.69    ---   -2    
2.01    8.10___16:25:42 77      39    38    5.64    +++   -1    
4.3     8.10___16:26:4  78      39    39    5.63    +++   0     
1.1     8.10___16:26:17 79      40    39    5.57    ---   -1    
2.86    8.10___16:26:36 80      40    40    5.53    +++   0     
2.27    8.10___16:26:54 81      40    41    5.49    +++   1     
1.05    8.10___16:27:6  82      41    41    5.44    ---   0     
1.32    8.10___16:27:20 83      42    41    5.39    ---   -1    
1.68    8.10___16:27:36 84      43    41    5.35    ---   -2    
1.06    8.10___16:27:48 85      44    41    5.3     ---   -3    
4.33    8.10___16:28:10 86      44    42    5.28    +++   -2    
4.57    8.10___16:28:33 87      44    43    5.28    +++   -1    
3.19    8.10___16:28:53 88      44    44    5.25    +++   0     
1.09    8.10___16:29:5  89      45    44    5.21    ---   -1    
5.04    8.10___16:29:28 90      45    45    5.2     +++   0     
9.53    8.10___16:29:57 91      45    46    5.25    +++   1     
1.12    8.10___16:30:10 92      46    46    5.21    ---   0     
2.82    8.10___16:30:29 93      46    47    5.18    +++   1     
1.35    8.10___16:30:43 94      47    47    5.14    ---   0     
1.46    8.10___16:30:58 95      48    47    5.1     ---   -1    
2.07    8.10___16:31:15 96      48    48    5.07    +++   0     
1.34    8.10___16:31:30 97      49    48    5.03    ---   -1    
30.15   8.10___16:32:14 98      49    49    5.29    +++   0     
1.3     8.10___16:32:28 99      50    49    5.25    ---   -1    
1.44    8.10___16:32:43 100     51    49    5.21    ---   -2    
4.32    8.10___16:33:5  101     51    50    5.2     +++   -1    
1.91    8.10___16:33:22 102     52    50    5.17    ---   -2    
3.21    8.10___16:33:42 103     52    51    5.15    +++   -1    
2.36    8.10___16:34:0  104     52    52    5.12    +++   0     
1.21    8.10___16:34:13 105     53    52    5.08    ---   -1    
3.75    8.10___16:34:34 106     53    53    5.07    +++   0     
3.48    8.10___16:34:55 107     53    54    5.06    +++   1     
5.74    8.10___16:35:19 108     53    55    5.06    +++   2     
1.26    8.10___16:35:33 109     54    55    5.03    ---   1     
6.19    8.10___16:35:58 110     54    56    5.04    +++   2     
1.81    8.10___16:36:14 111     55    56    5.01    ---   1     
1.29    8.10___16:36:28 112     56    56    4.98    ---   0     
1.16    8.10___16:36:41 113     57    56    4.94    ---   -1    
3.31    8.10___16:37:2  114     57    57    4.93    +++   0     
1.12    8.10___16:37:14 115     58    57    4.89    ---   -1    
1.37    8.10___16:37:29 116     59    57    4.86    ---   -2    
2.96    8.10___16:37:48 117     59    58    4.85    +++   -1    
1.17    8.10___16:38:1  118     60    58    4.82    ---   -2    
3.08    8.10___16:38:21 119     60    59    4.8     +++   -1    
7.99    8.10___16:38:48 120     60    60    4.83    +++   0     
1.25    8.10___16:39:2  121     61    60    4.8     ---   -1    
1.14    8.10___16:39:15 122     62    60    4.77    ---   -2    
12.02   8.10___16:39:47 123     62    61    4.83    +++   -1    
5.68    8.10___16:40:11 124     62    62    4.83    +++   0     
1       8.10___16:40:21 125     63    62    4.8     ---   -1    
1.06    8.10___16:40:34 126     64    62    4.77    ---   -2    
2.11    8.10___16:40:51 127     64    63    4.75    +++   -1    
3.77    8.10___16:41:12 128     64    64    4.75    +++   0     
1.21    8.10___16:41:25 129     65    64    4.72    ---   -1    
1.93    8.10___16:41:42 130     66    64    4.7     ---   -2    
2.46    8.10___16:42:0  131     66    65    4.68    +++   -1    
9.07    8.10___16:42:29 132     66    66    4.71    +++   0     
1.37    8.10___16:42:43 133     67    66    4.69    ---   -1    
31.05   8.10___16:43:28 134     67    67    4.88    +++   0     
9.47    8.10___16:43:57 135     67    68    4.92    +++   1     
1.05    8.10___16:44:9  136     68    68    4.89    ---   0     
1.51    8.10___16:44:24 137     69    68    4.87    ---   -1    
1.07    8.10___16:44:36 138     70    68    4.84    ---   -2    
1.88    8.10___16:44:53 139     71    68    4.82    ---   -3    
22.13   8.10___16:45:33 140     71    69    4.94    +++   -2    
1.64    8.10___16:45:48 141     72    69    4.92    ---   -3    
2.09    8.10___16:46:5  142     72    70    4.9     +++   -2    
1.11    8.10___16:46:18 143     73    70    4.87    ---   -3    
1.66    8.10___16:46:34 144     74    70    4.85    ---   -4    
1.08    8.10___16:46:46 145     75    70    4.82    ---   -5    
1.41    8.10___16:47:1  146     76    70    4.8     ---   -6    
1.35    8.10___16:47:15 147     77    70    4.77    ---   -7    
1.19    8.10___16:47:28 148     78    70    4.75    ---   -8    
1.67    8.10___16:47:44 149     79    70    4.73    ---   -9    
2.14    8.10___16:48:1  150     79    71    4.71    +++   -8    
1.03    8.10___16:48:13 151     80    71    4.69    ---   -9    
15.32   8.10___16:48:48 152     80    72    4.76    +++   -8    
4.56    8.10___16:49:10 153     80    73    4.76    +++   -7    
1.43    8.10___16:49:25 154     81    73    4.74    ---   -8    
1.2     8.10___16:49:38 155     82    73    4.71    ---   -9    
1.48    8.10___16:49:53 156     83    73    4.69    ---   -10   
16.09   8.10___16:50:28 157     83    74    4.76    +++   -9    
2.56    8.10___16:50:47 158     83    75    4.75    +++   -8    
1.95    8.10___16:51:3  159     84    75    4.73    ---   -9    
3.28    8.10___16:51:23 160     84    76    4.72    +++   -8    
8.62    8.10___16:51:51 161     84    77    4.75    +++   -7    
2.47    8.10___16:52:10 162     84    78    4.73    +++   -6    
2.12    8.10___16:52:27 163     84    79    4.72    +++   -5    
11.61   8.10___16:52:58 164     84    80    4.76    +++   -4    
2.5     8.10___16:53:16 165     84    81    4.75    +++   -3    
3.44    8.10___16:53:37 166     84    82    4.74    +++   -2    
29.24   8.10___16:54:21 167     84    83    4.88    +++   -1    
2.44    8.10___16:54:39 168     84    84    4.87    +++   0     
1.32    8.10___16:54:53 169     85    84    4.85    ---   -1    
2.25    8.10___16:55:11 170     85    85    4.83    +++   0     
3.24    8.10___16:55:31 171     85    86    4.82    +++   1     
25.06   8.10___16:56:13 172     85    87    4.94    +++   2     
7.34    8.10___16:56:39 173     85    88    4.96    +++   3     
1.52    8.10___16:56:54 174     86    88    4.94    ---   2     
4.38    8.10___16:57:16 175     86    89    4.93    +++   3     
1.19    8.10___16:57:30 176     87    89    4.91    ---   2     
12.72   8.10___16:58:2  177     87    90    4.96    +++   3     
1.12    8.10___16:58:15 178     88    90    4.93    ---   2     
1.01    8.10___16:58:26 179     89    90    4.91    ---   1     
18.78   8.10___16:59:3  180     89    91    4.99    +++   2     
1.14    8.10___16:59:16 181     90    91    4.97    ---   1     
2.37    8.10___16:59:34 182     90    92    4.95    +++   2     
2.81    8.10___16:59:53 183     90    93    4.94    +++   3     
