4.18    8.10___10:0:7   1       0     1     4.18    +++   1     
1.49    8.10___10:0:22  2       1     1     2.83    ---   0     
1.51    8.10___10:0:37  3       2     1     2.39    ---   -1    
1.05    8.10___10:0:49  4       3     1     2.05    ---   -2    
1.49    8.10___10:1:4   5       4     1     1.94    ---   -3    
4.11    8.10___10:1:26  6       4     2     2.3     +++   -2    
3.14    8.10___10:1:46  7       4     3     2.42    +++   -1    
11.63   8.10___10:2:17  8       4     4     3.57    +++   0     
1.88    8.10___10:2:33  9       5     4     3.38    ---   -1    
3.07    8.10___10:2:53  10      5     5     3.35    +++   0     
1.52    8.10___10:3:8   11      6     5     3.18    ---   -1    
1.87    8.10___10:3:25  12      7     5     3.07    ---   -2    
4.02    8.10___10:3:46  13      7     6     3.15    +++   -1    
1.16    8.10___10:3:59  14      8     6     3       ---   -2    
4.28    8.10___10:4:21  15      8     7     3.09    +++   -1    
1.35    8.10___10:4:36  16      9     7     2.98    ---   -2    
21.21   8.10___10:5:15  17      9     8     4.05    +++   -1    
6.3     8.10___10:5:40  18      9     9     4.18    +++   0     
7.35    8.10___10:6:6   19      9     10    4.34    +++   1     
1.33    8.10___10:6:20  20      10    10    4.19    ---   0     
8.69    8.10___10:6:48  21      10    11    4.41    +++   1     
30.81   8.10___10:7:33  22      10    12    5.61    +++   2     
2.68    8.10___10:7:52  23      10    13    5.48    +++   3     
1.29    8.10___10:8:6   24      11    13    5.3     ---   2     
2.77    8.10___10:8:25  25      11    14    5.2     +++   3     
2.98    8.10___10:8:45  26      11    15    5.12    +++   4     
1.32    8.10___10:8:59  27      12    15    4.98    ---   3     
1.09    8.10___10:9:11  28      13    15    4.84    ---   2     
5.05    8.10___10:9:34  29      13    16    4.84    +++   3     
5.77    8.10___10:9:59  30      13    17    4.87    +++   4     
1.57    8.10___10:10:14 31      14    17    4.77    ---   3     
1       8.10___10:10:25 32      15    17    4.65    ---   2     
25.14   8.10___10:11:6  33      15    18    5.27    +++   3     
9.77    8.10___10:11:35 34      15    19    5.4     +++   4     
1       8.10___10:11:46 35      16    19    5.28    ---   3     
3.56    8.10___10:12:7  36      16    20    5.23    +++   4     
8.9     8.10___10:12:35 37      16    21    5.33    +++   5     
1.65    8.10___10:12:51 38      17    21    5.23    ---   4     
1.18    8.10___10:13:4  39      18    21    5.13    ---   3     
2.48    8.10___10:13:22 40      18    22    5.06    +++   4     
2.28    8.10___10:13:40 41      18    23    4.99    +++   5     
1.07    8.10___10:13:52 42      19    23    4.9     ---   4     
1.94    8.10___10:14:9  43      20    23    4.83    ---   3     
3.35    8.10___10:14:29 44      20    24    4.8     +++   4     
2.27    8.10___10:14:47 45      20    25    4.74    +++   5     
1.04    8.10___10:14:58 46      21    25    4.66    ---   4     
6.75    8.10___10:15:24 47      21    26    4.7     +++   5     
1.38    8.10___10:15:39 48      22    26    4.64    ---   4     
1.26    8.10___10:15:52 49      23    26    4.57    ---   3     
14.65   8.10___10:16:26 50      23    27    4.77    +++   4     
8.97    8.10___10:16:55 51      23    28    4.85    +++   5     
1.61    8.10___10:17:10 52      24    28    4.79    ---   4     
5.89    8.10___10:17:35 53      24    29    4.81    +++   5     
1.3     8.10___10:17:49 54      25    29    4.74    ---   4     
1.09    8.10___10:18:1  55      26    29    4.68    ---   3     
1.08    8.10___10:18:13 56      27    29    4.61    ---   2     
2.96    8.10___10:18:33 57      27    30    4.58    +++   3     
2.64    8.10___10:18:52 58      27    31    4.55    +++   4     
2.79    8.10___10:19:11 59      27    32    4.52    +++   5     
6.47    8.10___10:19:36 60      27    33    4.55    +++   6     
6.77    8.10___10:20:2  61      27    34    4.59    +++   7     
1.15    8.10___10:20:15 62      28    34    4.53    ---   6     
4.59    8.10___10:20:37 63      28    35    4.53    +++   7     
3.89    8.10___10:20:58 64      28    36    4.52    +++   8     
1.12    8.10___10:21:11 65      29    36    4.47    ---   7     
2.09    8.10___10:21:28 66      29    37    4.43    +++   8     
2.49    8.10___10:21:47 67      29    38    4.41    +++   9     
1       8.10___10:21:57 68      30    38    4.36    ---   8     
1.26    8.10___10:22:11 69      31    38    4.31    ---   7     
3.18    8.10___10:22:31 70      31    39    4.29    +++   8     
1.25    8.10___10:22:44 71      32    39    4.25    ---   7     
1.24    8.10___10:22:58 72      33    39    4.21    ---   6     
1.29    8.10___10:23:12 73      34    39    4.17    ---   5     
19.22   8.10___10:23:50 74      34    40    4.37    +++   6     
4.39    8.10___10:24:12 75      34    41    4.37    +++   7     
1.39    8.10___10:24:26 76      35    41    4.33    ---   6     
1.75    8.10___10:24:42 77      36    41    4.3     ---   5     
2.02    8.10___10:24:59 78      36    42    4.27    +++   6     
2.1     8.10___10:25:16 79      36    43    4.24    +++   7     
17.45   8.10___10:25:53 80      36    44    4.41    +++   8     
1.02    8.10___10:26:4  81      37    44    4.37    ---   7     
2.46    8.10___10:26:22 82      37    45    4.34    +++   8     
1.05    8.10___10:26:34 83      38    45    4.3     ---   7     
3.27    8.10___10:26:54 84      38    46    4.29    +++   8     
1.23    8.10___10:27:8  85      39    46    4.25    ---   7     
1.11    8.10___10:27:21 86      40    46    4.22    ---   6     
1       8.10___10:27:31 87      41    46    4.18    ---   5     
1.77    8.10___10:27:47 88      42    46    4.15    ---   4     
3.37    8.10___10:28:7  89      42    47    4.14    +++   5     
1.89    8.10___10:28:24 90      43    47    4.12    ---   4     
2.13    8.10___10:28:41 91      43    48    4.1     +++   5     
2.88    8.10___10:29:0  92      43    49    4.08    +++   6     
1.07    8.10___10:29:13 93      44    49    4.05    ---   5     
9.65    8.10___10:29:42 94      44    50    4.11    +++   6     
2.09    8.10___10:29:59 95      44    51    4.09    +++   7     
2.6     8.10___10:30:17 96      44    52    4.07    +++   8     
1.55    8.10___10:30:33 97      45    52    4.05    ---   7     
1       8.10___10:30:43 98      46    52    4.02    ---   6     
3.46    8.10___10:31:4  99      46    53    4.01    +++   7     
1.18    8.10___10:31:17 100     47    53    3.98    ---   6     
1.39    8.10___10:31:31 101     48    53    3.96    ---   5     
1.5     8.10___10:31:46 102     49    53    3.93    ---   4     
6.69    8.10___10:32:12 103     49    54    3.96    +++   5     
2.91    8.10___10:32:31 104     49    55    3.95    +++   6     
1.31    8.10___10:32:45 105     50    55    3.92    ---   5     
3.66    8.10___10:33:6  106     50    56    3.92    +++   6     
2.56    8.10___10:33:25 107     50    57    3.91    +++   7     
1.88    8.10___10:33:41 108     51    57    3.89    ---   6     
1.07    8.10___10:33:53 109     52    57    3.86    ---   5     
2.39    8.10___10:34:11 110     52    58    3.85    +++   6     
1.45    8.10___10:34:26 111     53    58    3.83    ---   5     
1       8.10___10:34:37 112     54    58    3.8     ---   4     
1.15    8.10___10:34:50 113     55    58    3.78    ---   3     
1.46    8.10___10:35:5  114     56    58    3.76    ---   2     
3.58    8.10___10:35:25 115     56    59    3.76    +++   3     
2.68    8.10___10:35:44 116     56    60    3.75    +++   4     
1.9     8.10___10:36:1  117     57    60    3.73    ---   3     
1.04    8.10___10:36:12 118     58    60    3.71    ---   2     
1.61    8.10___10:36:28 119     59    60    3.69    ---   1     
1.12    8.10___10:36:41 120     60    60    3.67    ---   0     
1.34    8.10___10:36:55 121     61    60    3.65    ---   -1    
11.67   8.10___10:37:26 122     61    61    3.72    +++   0     
3.47    8.10___10:37:47 123     61    62    3.72    +++   1     
3.16    8.10___10:38:6  124     61    63    3.71    +++   2     
1.99    8.10___10:38:23 125     62    63    3.7     ---   1     
1.23    8.10___10:38:37 126     63    63    3.68    ---   0     
1.23    8.10___10:38:50 127     64    63    3.66    ---   -1    
2.73    8.10___10:39:9  128     64    64    3.65    +++   0     
1.75    8.10___10:39:25 129     65    64    3.64    ---   -1    
2.66    8.10___10:39:44 130     65    65    3.63    +++   0     
1.84    8.10___10:40:0  131     66    65    3.62    ---   -1    
2.33    8.10___10:40:18 132     66    66    3.61    +++   0     
1.93    8.10___10:40:35 133     67    66    3.59    ---   -1    
9.83    8.10___10:41:4  134     67    67    3.64    +++   0     
4.02    8.10___10:41:26 135     67    68    3.64    +++   1     
1.48    8.10___10:41:40 136     68    68    3.63    ---   0     
4.34    8.10___10:42:3  137     68    69    3.63    +++   1     
30.57   8.10___10:42:47 138     68    70    3.83    +++   2     
1.01    8.10___10:42:59 139     69    70    3.81    ---   1     
1.02    8.10___10:43:10 140     70    70    3.79    ---   0     
2.14    8.10___10:43:27 141     70    71    3.77    +++   1     
1.36    8.10___10:43:42 142     71    71    3.76    ---   0     
14.17   8.10___10:44:15 143     71    72    3.83    +++   1     
1.31    8.10___10:44:29 144     72    72    3.81    ---   0     
1       8.10___10:44:40 145     73    72    3.79    ---   -1    
1.35    8.10___10:44:54 146     74    72    3.78    ---   -2    
8.01    8.10___10:45:21 147     74    73    3.81    +++   -1    
1.04    8.10___10:45:33 148     75    73    3.79    ---   -2    
1.44    8.10___10:45:48 149     76    73    3.77    ---   -3    
1.04    8.10___10:46:0  150     77    73    3.75    ---   -4    
1.02    8.10___10:46:11 151     78    73    3.73    ---   -5    
3.55    8.10___10:46:32 152     78    74    3.73    +++   -4    
1.37    8.10___10:46:46 153     79    74    3.72    ---   -5    
4.86    8.10___10:47:9  154     79    75    3.73    +++   -4    
2.21    8.10___10:47:27 155     79    76    3.72    +++   -3    
3.25    8.10___10:47:47 156     79    77    3.71    +++   -2    
10.52   8.10___10:48:17 157     79    78    3.76    +++   -1    
1.69    8.10___10:48:32 158     80    78    3.74    ---   -2    
1.53    8.10___10:48:48 159     81    78    3.73    ---   -3    
1.57    8.10___10:49:3  160     82    78    3.72    ---   -4    
1.73    8.10___10:49:19 161     83    78    3.7     ---   -5    
1.26    8.10___10:49:33 162     84    78    3.69    ---   -6    
3.15    8.10___10:49:52 163     84    79    3.68    +++   -5    
1.6     8.10___10:50:8  164     85    79    3.67    ---   -6    
2.36    8.10___10:50:26 165     85    80    3.66    +++   -5    
15.36   8.10___10:51:0  166     85    81    3.73    +++   -4    
1.07    8.10___10:51:13 167     86    81    3.72    ---   -5    
1.2     8.10___10:51:26 168     87    81    3.7     ---   -6    
30.52   8.10___10:52:11 169     87    82    3.86    +++   -5    
2.25    8.10___10:52:28 170     87    83    3.85    +++   -4    
2.04    8.10___10:52:45 171     87    84    3.84    +++   -3    
1.65    8.10___10:53:1  172     88    84    3.83    ---   -4    
1.3     8.10___10:53:15 173     89    84    3.81    ---   -5    
4.74    8.10___10:53:38 174     89    85    3.82    +++   -4    
1.07    8.10___10:53:50 175     90    85    3.8     ---   -5    
1.94    8.10___10:54:7  176     91    85    3.79    ---   -6    
20.76   8.10___10:54:45 177     91    86    3.89    +++   -5    
1.49    8.10___10:55:0  178     92    86    3.88    ---   -6    
7.45    8.10___10:55:27 179     92    87    3.9     +++   -5    
2.38    8.10___10:55:45 180     92    88    3.89    +++   -4    
16.13   8.10___10:56:20 181     92    89    3.95    +++   -3    
1.46    8.10___10:56:35 182     93    89    3.94    ---   -4    
3.16    8.10___10:56:55 183     93    90    3.94    +++   -3    
1.37    8.10___10:57:9  184     94    90    3.92    ---   -4    
1.31    8.10___10:57:23 185     95    90    3.91    ---   -5    
2.05    8.10___10:57:40 186     95    91    3.9     +++   -4    
1.61    8.10___10:57:56 187     96    91    3.89    ---   -5    
2.05    8.10___10:58:13 188     96    92    3.88    +++   -4    
2.88    8.10___10:58:32 189     96    93    3.87    +++   -3    
3.66    8.10___10:58:53 190     96    94    3.87    +++   -2    
3.14    8.10___10:59:13 191     96    95    3.87    +++   -1    
6.96    8.10___10:59:39 192     96    96    3.88    +++   0     
1.91    8.10___10:59:55 193     97    96    3.87    ---   -1    
