3.22    8.10___12:0:6   1       0     1     3.22    +++   1     
4.08    8.10___12:0:28  2       0     2     3.65    +++   2     
1.95    8.10___12:0:45  3       1     2     3.08    ---   1     
1.63    8.10___12:1:0   4       2     2     2.72    ---   0     
1.02    8.10___12:1:12  5       3     2     2.38    ---   -1    
1.94    8.10___12:1:28  6       4     2     2.3     ---   -2    
1.37    8.10___12:1:43  7       5     2     2.17    ---   -3    
3.51    8.10___12:2:3   8       5     3     2.34    +++   -2    
29.94   8.10___12:2:48  9       5     4     5.4     +++   -1    
1.49    8.10___12:3:3   10      6     4     5.01    ---   -2    
2.64    8.10___12:3:21  11      6     5     4.79    +++   -1    
1.7     8.10___12:3:37  12      7     5     4.54    ---   -2    
1       8.10___12:3:48  13      8     5     4.26    ---   -3    
3.44    8.10___12:4:8   14      8     6     4.2     +++   -2    
4.78    8.10___12:4:31  15      8     7     4.24    +++   -1    
1.09    8.10___12:4:43  16      9     7     4.05    ---   -2    
3.79    8.10___12:5:5   17      9     8     4.03    +++   -1    
1.72    8.10___12:5:20  18      10    8     3.9     ---   -2    
3.37    8.10___12:5:41  19      10    9     3.87    +++   -1    
1.03    8.10___12:5:52  20      11    9     3.73    ---   -2    
3.45    8.10___12:6:13  21      11    10    3.72    +++   -1    
1.59    8.10___12:6:28  22      12    10    3.62    ---   -2    
2.6     8.10___12:6:47  23      12    11    3.58    +++   -1    
1.33    8.10___12:7:1   24      13    11    3.48    ---   -2    
1.25    8.10___12:7:15  25      14    11    3.39    ---   -3    
1.83    8.10___12:7:31  26      15    11    3.33    ---   -4    
1       8.10___12:7:42  27      16    11    3.25    ---   -5    
4.14    8.10___12:8:3   28      16    12    3.28    +++   -4    
5.81    8.10___12:8:28  29      16    13    3.36    +++   -3    
1.36    8.10___12:8:42  30      17    13    3.3     ---   -4    
20.95   8.10___12:9:21  31      17    14    3.87    +++   -3    
1.14    8.10___12:9:34  32      18    14    3.78    ---   -4    
1.12    8.10___12:9:46  33      19    14    3.7     ---   -5    
1.36    8.10___12:10:1  34      20    14    3.63    ---   -6    
1.91    8.10___12:10:17 35      21    14    3.58    ---   -7    
1.33    8.10___12:10:31 36      22    14    3.52    ---   -8    
1.58    8.10___12:10:47 37      23    14    3.47    ---   -9    
1.8     8.10___12:11:3  38      24    14    3.42    ---   -10   
3.47    8.10___12:11:24 39      24    15    3.42    +++   -9    
2.72    8.10___12:11:42 40      24    16    3.41    +++   -8    
1       8.10___12:11:53 41      25    16    3.35    ---   -9    
1.4     8.10___12:12:7  42      26    16    3.3     ---   -10   
7.58    8.10___12:12:34 43      26    17    3.4     +++   -9    
1.97    8.10___12:12:51 44      27    17    3.37    ---   -10   
1.31    8.10___12:13:5  45      28    17    3.32    ---   -11   
1.57    8.10___12:13:20 46      29    17    3.28    ---   -12   
1.64    8.10___12:13:36 47      30    17    3.25    ---   -13   
1.1     8.10___12:13:48 48      31    17    3.2     ---   -14   
4.98    8.10___12:14:12 49      31    18    3.24    +++   -13   
1.32    8.10___12:14:26 50      32    18    3.2     ---   -14   
1.57    8.10___12:14:41 51      33    18    3.17    ---   -15   
1.07    8.10___12:14:53 52      34    18    3.13    ---   -16   
3.26    8.10___12:15:13 53      34    19    3.13    +++   -15   
1.58    8.10___12:15:29 54      35    19    3.1     ---   -16   
4.78    8.10___12:15:51 55      35    20    3.13    +++   -15   
1.15    8.10___12:16:4  56      36    20    3.1     ---   -16   
1.1     8.10___12:16:17 57      37    20    3.06    ---   -17   
20.63   8.10___12:16:56 58      37    21    3.36    +++   -16   
1.51    8.10___12:17:11 59      38    21    3.33    ---   -17   
1.74    8.10___12:17:27 60      39    21    3.31    ---   -18   
1.24    8.10___12:17:41 61      40    21    3.27    ---   -19   
1.34    8.10___12:17:55 62      41    21    3.24    ---   -20   
2       8.10___12:18:12 63      41    22    3.22    +++   -19   
2.32    8.10___12:18:29 64      41    23    3.21    +++   -18   
1.99    8.10___12:18:46 65      42    23    3.19    ---   -19   
1.25    8.10___12:19:0  66      43    23    3.16    ---   -20   
5.37    8.10___12:19:24 67      43    24    3.19    +++   -19   
1.06    8.10___12:19:36 68      44    24    3.16    ---   -20   
1.31    8.10___12:19:50 69      45    24    3.13    ---   -21   
1.65    8.10___12:20:5  70      46    24    3.11    ---   -22   
1       8.10___12:20:16 71      47    24    3.08    ---   -23   
1.31    8.10___12:20:30 72      48    24    3.06    ---   -24   
3.45    8.10___12:20:51 73      48    25    3.06    +++   -23   
2.3     8.10___12:21:8  74      48    26    3.05    +++   -22   
1.11    8.10___12:21:21 75      49    26    3.03    ---   -23   
1.74    8.10___12:21:37 76      50    26    3.01    ---   -24   
1.42    8.10___12:21:52 77      51    26    2.99    ---   -25   
1.4     8.10___12:22:6  78      52    26    2.97    ---   -26   
20.11   8.10___12:22:44 79      52    27    3.19    +++   -25   
9.66    8.10___12:23:14 80      52    28    3.27    +++   -24   
3.12    8.10___12:23:33 81      52    29    3.26    +++   -23   
1.9     8.10___12:23:50 82      53    29    3.25    ---   -24   
4.29    8.10___12:24:12 83      53    30    3.26    +++   -23   
1.19    8.10___12:24:25 84      54    30    3.24    ---   -24   
1.05    8.10___12:24:37 85      55    30    3.21    ---   -25   
1.48    8.10___12:24:52 86      56    30    3.19    ---   -26   
1.25    8.10___12:25:6  87      57    30    3.17    ---   -27   
2.18    8.10___12:25:23 88      57    31    3.16    +++   -26   
1.05    8.10___12:25:35 89      58    31    3.13    ---   -27   
1.41    8.10___12:25:50 90      59    31    3.11    ---   -28   
1.07    8.10___12:26:2  91      60    31    3.09    ---   -29   
24.19   8.10___12:26:43 92      60    32    3.32    +++   -28   
3.68    8.10___12:27:4  93      60    33    3.32    +++   -27   
1.08    8.10___12:27:16 94      61    33    3.3     ---   -28   
25.35   8.10___12:27:58 95      61    34    3.53    +++   -27   
1.08    8.10___12:28:10 96      62    34    3.51    ---   -28   
1.09    8.10___12:28:23 97      63    34    3.48    ---   -29   
6.06    8.10___12:28:47 98      63    35    3.51    +++   -28   
2.2     8.10___12:29:5  99      63    36    3.49    +++   -27   
2.41    8.10___12:29:23 100     63    37    3.48    +++   -26   
1.95    8.10___12:29:40 101     64    37    3.47    ---   -27   
1.94    8.10___12:29:56 102     65    37    3.45    ---   -28   
10.85   8.10___12:30:27 103     65    38    3.53    +++   -27   
8.42    8.10___12:30:54 104     65    39    3.57    +++   -26   
30.14   8.10___12:31:39 105     65    40    3.83    +++   -25   
2.77    8.10___12:31:58 106     65    41    3.82    +++   -24   
10.44   8.10___12:32:28 107     65    42    3.88    +++   -23   
2.08    8.10___12:32:45 108     65    43    3.86    +++   -22   
1.43    8.10___12:33:0  109     66    43    3.84    ---   -23   
1       8.10___12:33:10 110     67    43    3.81    ---   -24   
6.1     8.10___12:33:35 111     67    44    3.83    +++   -23   
6.08    8.10___12:34:0  112     67    45    3.85    +++   -22   
13.79   8.10___12:34:33 113     67    46    3.94    +++   -21   
4.49    8.10___12:34:55 114     67    47    3.95    +++   -20   
1.3     8.10___12:35:9  115     68    47    3.92    ---   -21   
12.78   8.10___12:35:42 116     68    48    4       +++   -20   
4.24    8.10___12:36:4  117     68    49    4       +++   -19   
2.7     8.10___12:36:22 118     68    50    3.99    +++   -18   
1.35    8.10___12:36:37 119     69    50    3.97    ---   -19   
1       8.10___12:36:47 120     70    50    3.94    ---   -20   
1.99    8.10___12:37:4  121     71    50    3.93    ---   -21   
3.08    8.10___12:37:24 122     71    51    3.92    +++   -20   
2.77    8.10___12:37:43 123     71    52    3.91    +++   -19   
2.14    8.10___12:38:0  124     71    53    3.9     +++   -18   
18.31   8.10___12:38:37 125     71    54    4.01    +++   -17   
1.69    8.10___12:38:53 126     72    54    3.99    ---   -18   
2.86    8.10___12:39:12 127     72    55    3.98    +++   -17   
20.53   8.10___12:39:50 128     72    56    4.11    +++   -16   
2       8.10___12:40:7  129     72    57    4.1     +++   -15   
1.28    8.10___12:40:21 130     73    57    4.07    ---   -16   
5.53    8.10___12:40:45 131     73    58    4.09    +++   -15   
2.21    8.10___12:41:3  132     73    59    4.07    +++   -14   
1.28    8.10___12:41:17 133     74    59    4.05    ---   -15   
1.14    8.10___12:41:29 134     75    59    4.03    ---   -16   
1.16    8.10___12:41:43 135     76    59    4.01    ---   -17   
1.68    8.10___12:41:58 136     77    59    3.99    ---   -18   
3.16    8.10___12:42:18 137     77    60    3.98    +++   -17   
3.65    8.10___12:42:39 138     77    61    3.98    +++   -16   
1       8.10___12:42:50 139     78    61    3.96    ---   -17   
1.06    8.10___12:43:2  140     79    61    3.94    ---   -18   
3.45    8.10___12:43:22 141     79    62    3.94    +++   -17   
17.88   8.10___12:43:59 142     79    63    4.03    +++   -16   
2.11    8.10___12:44:16 143     79    64    4.02    +++   -15   
1.75    8.10___12:44:32 144     80    64    4       ---   -16   
2.16    8.10___12:44:49 145     80    65    3.99    +++   -15   
1.11    8.10___12:45:2  146     81    65    3.97    ---   -16   
3.65    8.10___12:45:23 147     81    66    3.97    +++   -15   
23.91   8.10___12:46:3  148     81    67    4.1     +++   -14   
3.31    8.10___12:46:24 149     81    68    4.1     +++   -13   
1.66    8.10___12:46:39 150     82    68    4.08    ---   -14   
7.73    8.10___12:47:6  151     82    69    4.11    +++   -13   
1.72    8.10___12:47:22 152     83    69    4.09    ---   -14   
1.06    8.10___12:47:34 153     84    69    4.07    ---   -15   
1.29    8.10___12:47:48 154     85    69    4.05    ---   -16   
2.45    8.10___12:48:6  155     85    70    4.04    +++   -15   
3.02    8.10___12:48:26 156     85    71    4.04    +++   -14   
4.14    8.10___12:48:48 157     85    72    4.04    +++   -13   
1       8.10___12:48:58 158     86    72    4.02    ---   -14   
1.45    8.10___12:49:13 159     87    72    4       ---   -15   
1       8.10___12:49:24 160     88    72    3.98    ---   -16   
2.49    8.10___12:49:42 161     88    73    3.97    +++   -15   
1.01    8.10___12:49:53 162     89    73    3.96    ---   -16   
1.25    8.10___12:50:7  163     90    73    3.94    ---   -17   
1.3     8.10___12:50:21 164     91    73    3.92    ---   -18   
1.66    8.10___12:50:36 165     92    73    3.91    ---   -19   
8.83    8.10___12:51:5  166     92    74    3.94    +++   -18   
1.05    8.10___12:51:17 167     93    74    3.92    ---   -19   
1.04    8.10___12:51:28 168     94    74    3.9     ---   -20   
1.2     8.10___12:51:42 169     95    74    3.89    ---   -21   
1.24    8.10___12:51:55 170     96    74    3.87    ---   -22   
4.25    8.10___12:52:17 171     96    75    3.87    +++   -21   
2.05    8.10___12:52:34 172     96    76    3.86    +++   -20   
2.48    8.10___12:52:53 173     96    77    3.86    +++   -19   
24.49   8.10___12:53:34 174     96    78    3.97    +++   -18   
1.21    8.10___12:53:47 175     97    78    3.96    ---   -19   
23.49   8.10___12:54:28 176     97    79    4.07    +++   -18   
3.01    8.10___12:54:47 177     97    80    4.06    +++   -17   
1.59    8.10___12:55:3  178     98    80    4.05    ---   -18   
1.88    8.10___12:55:19 179     99    80    4.04    ---   -19   
2.62    8.10___12:55:38 180     99    81    4.03    +++   -18   
1.15    8.10___12:55:51 181     100   81    4.01    ---   -19   
1.37    8.10___12:56:5  182     101   81    4       ---   -20   
2.48    8.10___12:56:23 183     101   82    3.99    +++   -19   
21.45   8.10___12:57:3  184     101   83    4.09    +++   -18   
1       8.10___12:57:13 185     102   83    4.07    ---   -19   
1.5     8.10___12:57:28 186     103   83    4.06    ---   -20   
3.03    8.10___12:57:48 187     103   84    4.05    +++   -19   
1.8     8.10___12:58:4  188     104   84    4.04    ---   -20   
1.03    8.10___12:58:16 189     105   84    4.02    ---   -21   
2.27    8.10___12:58:33 190     105   85    4.01    +++   -20   
1.43    8.10___12:58:48 191     106   85    4       ---   -21   
5.98    8.10___12:59:13 192     106   86    4.01    +++   -20   
9.45    8.10___12:59:42 193     106   87    4.04    +++   -19   
