7.72    8.10___17:0:20  1       0     1     7.72    +++   1     
2.41    8.10___17:0:38  2       0     2     5.06    +++   2     
3.61    8.10___17:0:59  3       0     3     4.57    +++   3     
1.56    8.10___17:1:14  4       1     3     3.82    ---   2     
2.28    8.10___17:1:32  5       1     4     3.51    +++   3     
23.12   8.10___17:2:12  6       1     5     6.78    +++   4     
3.06    8.10___17:2:32  7       1     6     6.25    +++   5     
2       8.10___17:2:49  8       1     7     5.72    +++   6     
1.04    8.10___17:3:1   9       2     7     5.2     ---   5     
1.38    8.10___17:3:15  10      3     7     4.81    ---   4     
2.8     8.10___17:3:34  11      3     8     4.63    +++   5     
4.72    8.10___17:3:57  12      3     9     4.64    +++   6     
1.42    8.10___17:4:12  13      4     9     4.39    ---   5     
2.14    8.10___17:4:29  14      4     10    4.23    +++   6     
2.83    8.10___17:4:48  15      4     11    4.13    +++   7     
1.31    8.10___17:5:2   16      5     11    3.96    ---   6     
1.33    8.10___17:5:16  17      6     11    3.8     ---   5     
1.96    8.10___17:5:33  18      7     11    3.7     ---   4     
6.34    8.10___17:5:58  19      7     12    3.84    +++   5     
3.1     8.10___17:6:18  20      7     13    3.8     +++   6     
21.16   8.10___17:6:57  21      7     14    4.63    +++   7     
1.11    8.10___17:7:10  22      8     14    4.47    ---   6     
2.62    8.10___17:7:28  23      8     15    4.39    +++   7     
1.19    8.10___17:7:41  24      9     15    4.25    ---   6     
19.84   8.10___17:8:19  25      9     16    4.88    +++   7     
4.71    8.10___17:8:42  26      9     17    4.87    +++   8     
1.11    8.10___17:8:55  27      10    17    4.73    ---   7     
1.67    8.10___17:9:11  28      11    17    4.62    ---   6     
1.15    8.10___17:9:24  29      12    17    4.5     ---   5     
1.22    8.10___17:9:37  30      13    17    4.39    ---   4     
4.24    8.10___17:9:59  31      13    18    4.39    +++   5     
3.79    8.10___17:10:21 32      13    19    4.37    +++   6     
1.12    8.10___17:10:33 33      14    19    4.27    ---   5     
1.93    8.10___17:10:50 34      15    19    4.2     ---   4     
2.99    8.10___17:11:9  35      15    20    4.17    +++   5     
5.37    8.10___17:11:33 36      15    21    4.2     +++   6     
1.93    8.10___17:11:50 37      16    21    4.14    ---   5     
11.87   8.10___17:12:21 38      16    22    4.34    +++   6     
1.63    8.10___17:12:37 39      17    22    4.27    ---   5     
1.67    8.10___17:12:52 40      18    22    4.21    ---   4     
1.46    8.10___17:13:7  41      19    22    4.14    ---   3     
2.18    8.10___17:13:25 42      19    23    4.09    +++   4     
1.25    8.10___17:13:38 43      20    23    4.03    ---   3     
1.68    8.10___17:13:54 44      21    23    3.97    ---   2     
15.3    8.10___17:14:29 45      21    24    4.22    +++   3     
27.93   8.10___17:15:12 46      21    25    4.74    +++   4     
2.57    8.10___17:15:30 47      21    26    4.69    +++   5     
11.64   8.10___17:16:2  48      21    27    4.84    +++   6     
6.59    8.10___17:16:27 49      21    28    4.87    +++   7     
1.79    8.10___17:16:43 50      22    28    4.81    ---   6     
2.24    8.10___17:17:1  51      22    29    4.76    +++   7     
2.2     8.10___17:17:18 52      22    30    4.71    +++   8     
1.06    8.10___17:17:30 53      23    30    4.64    ---   7     
1.88    8.10___17:17:47 54      24    30    4.59    ---   6     
2       8.10___17:18:4  55      24    31    4.54    +++   7     
7.93    8.10___17:18:31 56      24    32    4.6     +++   8     
1.4     8.10___17:18:46 57      25    32    4.55    ---   7     
3.73    8.10___17:19:7  58      25    33    4.53    +++   8     
1.8     8.10___17:19:23 59      26    33    4.49    ---   7     
1.07    8.10___17:19:35 60      27    33    4.43    ---   6     
3.1     8.10___17:19:55 61      27    34    4.41    +++   7     
6.32    8.10___17:20:20 62      27    35    4.44    +++   8     
3.07    8.10___17:20:40 63      27    36    4.42    +++   9     
15.33   8.10___17:21:14 64      27    37    4.59    +++   10    
2.22    8.10___17:21:32 65      27    38    4.55    +++   11    
2.13    8.10___17:21:49 66      27    39    4.52    +++   12    
8.85    8.10___17:22:17 67      27    40    4.58    +++   13    
7.05    8.10___17:22:43 68      27    41    4.62    +++   14    
2.08    8.10___17:23:0  69      27    42    4.58    +++   15    
1.22    8.10___17:23:14 70      28    42    4.53    ---   14    
1.11    8.10___17:23:27 71      29    42    4.48    ---   13    
1.27    8.10___17:23:41 72      30    42    4.44    ---   12    
1.09    8.10___17:23:53 73      31    42    4.39    ---   11    
2.26    8.10___17:24:11 74      31    43    4.36    +++   12    
1       8.10___17:24:21 75      32    43    4.32    ---   11    
2.57    8.10___17:24:40 76      32    44    4.3     +++   12    
1.15    8.10___17:24:53 77      33    44    4.25    ---   11    
1.92    8.10___17:25:10 78      34    44    4.22    ---   10    
1.01    8.10___17:25:21 79      35    44    4.18    ---   9     
1       8.10___17:25:31 80      36    44    4.14    ---   8     
1.27    8.10___17:25:45 81      37    44    4.11    ---   7     
3.94    8.10___17:26:6  82      37    45    4.11    +++   8     
1.02    8.10___17:26:18 83      38    45    4.07    ---   7     
5.27    8.10___17:26:42 84      38    46    4.08    +++   8     
1.13    8.10___17:26:54 85      39    46    4.05    ---   7     
1.45    8.10___17:27:9  86      40    46    4.02    ---   6     
23.77   8.10___17:27:50 87      40    47    4.24    +++   7     
1.2     8.10___17:28:3  88      41    47    4.21    ---   6     
1.48    8.10___17:28:18 89      42    47    4.18    ---   5     
4.36    8.10___17:28:40 90      42    48    4.18    +++   6     
2.41    8.10___17:28:58 91      42    49    4.16    +++   7     
1.97    8.10___17:29:15 92      43    49    4.14    ---   6     
1.21    8.10___17:29:29 93      44    49    4.11    ---   5     
1       8.10___17:29:39 94      45    49    4.07    ---   4     
34.1    8.10___17:30:26 95      45    50    4.39    +++   5     
1.14    8.10___17:30:39 96      46    50    4.36    ---   4     
2       8.10___17:30:56 97      46    51    4.33    +++   5     
1.95    8.10___17:31:13 98      47    51    4.31    ---   4     
1.02    8.10___17:31:24 99      48    51    4.27    ---   3     
1.11    8.10___17:31:37 100     49    51    4.24    ---   2     
1.29    8.10___17:31:51 101     50    51    4.21    ---   1     
7.24    8.10___17:32:17 102     50    52    4.24    +++   2     
2.49    8.10___17:32:35 103     50    53    4.23    +++   3     
8.86    8.10___17:33:4  104     50    54    4.27    +++   4     
1.22    8.10___17:33:17 105     51    54    4.24    ---   3     
5.48    8.10___17:33:41 106     51    55    4.25    +++   4     
7.2     8.10___17:34:8  107     51    56    4.28    +++   5     
21.3    8.10___17:34:47 108     51    57    4.44    +++   6     
3.16    8.10___17:35:6  109     51    58    4.43    +++   7     
1.77    8.10___17:35:23 110     52    58    4.4     ---   6     
1.47    8.10___17:35:37 111     53    58    4.38    ---   5     
1.01    8.10___17:35:49 112     54    58    4.34    ---   4     
1.29    8.10___17:36:3  113     55    58    4.32    ---   3     
1.41    8.10___17:36:17 114     56    58    4.29    ---   2     
7.69    8.10___17:36:44 115     56    59    4.32    +++   3     
1.58    8.10___17:36:59 116     57    59    4.3     ---   2     
6.77    8.10___17:37:25 117     57    60    4.32    +++   3     
1.14    8.10___17:37:38 118     58    60    4.29    ---   2     
6.71    8.10___17:38:4  119     58    61    4.31    +++   3     
4.18    8.10___17:38:26 120     58    62    4.31    +++   4     
2.3     8.10___17:38:43 121     58    63    4.29    +++   5     
1       8.10___17:38:54 122     59    63    4.27    ---   4     
1.52    8.10___17:39:9  123     60    63    4.25    ---   3     
1.06    8.10___17:39:21 124     61    63    4.22    ---   2     
14.4    8.10___17:39:55 125     61    64    4.3     +++   3     
6.69    8.10___17:40:21 126     61    65    4.32    +++   4     
18.13   8.10___17:40:57 127     61    66    4.43    +++   5     
2.73    8.10___17:41:16 128     61    67    4.42    +++   6     
2.34    8.10___17:41:34 129     61    68    4.4     +++   7     
1.86    8.10___17:41:50 130     62    68    4.38    ---   6     
23.87   8.10___17:42:31 131     62    69    4.53    +++   7     
2.48    8.10___17:42:50 132     62    70    4.51    +++   8     
3.16    8.10___17:43:9  133     62    71    4.5     +++   9     
1.25    8.10___17:43:23 134     63    71    4.48    ---   8     
1.45    8.10___17:43:38 135     64    71    4.46    ---   7     
1.05    8.10___17:43:50 136     65    71    4.43    ---   6     
1.89    8.10___17:44:7  137     66    71    4.41    ---   5     
1       8.10___17:44:17 138     67    71    4.39    ---   4     
2.12    8.10___17:44:34 139     67    72    4.37    +++   5     
1.81    8.10___17:44:51 140     68    72    4.35    ---   4     
1.41    8.10___17:45:5  141     69    72    4.33    ---   3     
2.91    8.10___17:45:25 142     69    73    4.32    +++   4     
3.84    8.10___17:45:46 143     69    74    4.32    +++   5     
1       8.10___17:45:56 144     70    74    4.3     ---   4     
1.98    8.10___17:46:13 145     71    74    4.28    ---   3     
4.11    8.10___17:46:35 146     71    75    4.28    +++   4     
2.37    8.10___17:46:53 147     71    76    4.26    +++   5     
1.41    8.10___17:47:8  148     72    76    4.25    ---   4     
1.32    8.10___17:47:22 149     73    76    4.23    ---   3     
1.82    8.10___17:47:38 150     74    76    4.21    ---   2     
5.72    8.10___17:48:2  151     74    77    4.22    +++   3     
1.21    8.10___17:48:16 152     75    77    4.2     ---   2     
1.32    8.10___17:48:30 153     76    77    4.18    ---   1     
1.13    8.10___17:48:43 154     77    77    4.16    ---   0     
1.2     8.10___17:48:56 155     78    77    4.14    ---   -1    
1.12    8.10___17:49:9  156     79    77    4.12    ---   -2    
1.02    8.10___17:49:20 157     80    77    4.1     ---   -3    
1.29    8.10___17:49:34 158     81    77    4.09    ---   -4    
19.95   8.10___17:50:13 159     81    78    4.18    +++   -3    
1.01    8.10___17:50:24 160     82    78    4.17    ---   -4    
1.23    8.10___17:50:37 161     83    78    4.15    ---   -5    
1.15    8.10___17:50:50 162     84    78    4.13    ---   -6    
1.95    8.10___17:51:7  163     85    78    4.11    ---   -7    
1.04    8.10___17:51:19 164     86    78    4.1     ---   -8    
1.43    8.10___17:51:34 165     87    78    4.08    ---   -9    
1.09    8.10___17:51:46 166     88    78    4.06    ---   -10   
9.27    8.10___17:52:15 167     88    79    4.09    +++   -9    
1.1     8.10___17:52:27 168     89    79    4.08    ---   -10   
1.21    8.10___17:52:41 169     90    79    4.06    ---   -11   
1.42    8.10___17:52:55 170     91    79    4.04    ---   -12   
1       8.10___17:53:6  171     92    79    4.02    ---   -13   
2.24    8.10___17:53:24 172     92    80    4.01    +++   -12   
30.68   8.10___17:54:9  173     92    81    4.17    +++   -11   
3.16    8.10___17:54:28 174     92    82    4.16    +++   -10   
26.26   8.10___17:55:11 175     92    83    4.29    +++   -9    
2.81    8.10___17:55:30 176     92    84    4.28    +++   -8    
1.04    8.10___17:55:42 177     93    84    4.26    ---   -9    
2.19    8.10___17:55:59 178     93    85    4.25    +++   -8    
1.93    8.10___17:56:16 179     94    85    4.24    ---   -9    
1.33    8.10___17:56:30 180     95    85    4.22    ---   -10   
2.64    8.10___17:56:49 181     95    86    4.21    +++   -9    
20.05   8.10___17:57:27 182     95    87    4.3     +++   -8    
3.89    8.10___17:57:48 183     95    88    4.3     +++   -7    
2.35    8.10___17:58:6  184     95    89    4.29    +++   -6    
2.36    8.10___17:58:24 185     95    90    4.28    +++   -5    
20.29   8.10___17:59:2  186     95    91    4.36    +++   -4    
1.03    8.10___17:59:14 187     96    91    4.34    ---   -5    
10.33   8.10___17:59:44 188     96    92    4.38    +++   -4    
