3.37    8.10___21:0:15  1       0     1     3.37    +++   1     
2.57    8.10___21:0:34  2       0     2     2.97    +++   2     
2.58    8.10___21:0:52  3       0     3     2.84    +++   3     
1.99    8.10___21:1:9   4       1     3     2.62    ---   2     
1.28    8.10___21:1:23  5       2     3     2.35    ---   1     
4.56    8.10___21:1:46  6       2     4     2.72    +++   2     
3.21    8.10___21:2:6   7       2     5     2.79    +++   3     
5.45    8.10___21:2:30  8       2     6     3.12    +++   4     
1.18    8.10___21:2:43  9       3     6     2.9     ---   3     
1.99    8.10___21:3:0   10      4     6     2.81    ---   2     
1.68    8.10___21:3:15  11      5     6     2.71    ---   1     
2.6     8.10___21:3:34  12      5     7     2.7     +++   2     
9.74    8.10___21:4:3   13      5     8     3.24    +++   3     
1.86    8.10___21:4:20  14      6     8     3.14    ---   2     
1.02    8.10___21:4:31  15      7     8     3       ---   1     
28.36   8.10___21:5:15  16      7     9     4.59    +++   2     
2.84    8.10___21:5:34  17      7     10    4.48    +++   3     
2.02    8.10___21:5:51  18      7     11    4.34    +++   4     
1.04    8.10___21:6:3   19      8     11    4.17    ---   3     
3.83    8.10___21:6:24  20      8     12    4.15    +++   4     
1.49    8.10___21:6:39  21      9     12    4.03    ---   3     
1.15    8.10___21:6:52  22      10    12    3.9     ---   2     
1.1     8.10___21:7:5   23      11    12    3.77    ---   1     
3.2     8.10___21:7:25  24      11    13    3.75    +++   2     
1.2     8.10___21:7:38  25      12    13    3.65    ---   1     
1.05    8.10___21:7:50  26      13    13    3.55    ---   0     
32.59   8.10___21:8:36  27      13    14    4.62    +++   1     
2.93    8.10___21:8:55  28      13    15    4.56    +++   2     
4.01    8.10___21:9:17  29      13    16    4.54    +++   3     
1.25    8.10___21:9:31  30      14    16    4.43    ---   2     
2.26    8.10___21:9:48  31      14    17    4.36    +++   3     
6.84    8.10___21:10:14 32      14    18    4.44    +++   4     
17.21   8.10___21:10:50 33      14    19    4.83    +++   5     
1       8.10___21:11:1  34      15    19    4.71    ---   4     
8.22    8.10___21:11:28 35      15    20    4.81    +++   5     
21.78   8.10___21:12:8  36      15    21    5.29    +++   6     
1.87    8.10___21:12:24 37      16    21    5.19    ---   5     
1.6     8.10___21:12:40 38      17    21    5.1     ---   4     
1.01    8.10___21:12:51 39      18    21    4.99    ---   3     
24      8.10___21:13:32 40      18    22    5.47    +++   4     
2.31    8.10___21:13:50 41      18    23    5.39    +++   5     
1.17    8.10___21:14:3  42      19    23    5.29    ---   4     
3.82    8.10___21:14:24 43      19    24    5.26    +++   5     
11.79   8.10___21:14:55 44      19    25    5.4     +++   6     
1.2     8.10___21:15:9  45      20    25    5.31    ---   5     
1.03    8.10___21:15:21 46      21    25    5.22    ---   4     
1.44    8.10___21:15:35 47      22    25    5.14    ---   3     
1.01    8.10___21:15:47 48      23    25    5.05    ---   2     
1.74    8.10___21:16:3  49      24    25    4.98    ---   1     
9.54    8.10___21:16:32 50      24    26    5.07    +++   2     
2.49    8.10___21:16:50 51      24    27    5.02    +++   3     
23.27   8.10___21:17:30 52      24    28    5.37    +++   4     
2.3     8.10___21:17:48 53      24    29    5.32    +++   5     
4.73    8.10___21:18:11 54      24    30    5.31    +++   6     
8.77    8.10___21:18:39 55      24    31    5.37    +++   7     
1.05    8.10___21:18:51 56      25    31    5.29    ---   6     
7.92    8.10___21:19:18 57      25    32    5.34    +++   7     
2.79    8.10___21:19:37 58      25    33    5.29    +++   8     
1.38    8.10___21:19:52 59      26    33    5.23    ---   7     
1.08    8.10___21:20:4  60      27    33    5.16    ---   6     
4.85    8.10___21:20:27 61      27    34    5.15    +++   7     
1.55    8.10___21:20:43 62      28    34    5.09    ---   6     
2.45    8.10___21:21:1  63      28    35    5.05    +++   7     
1.47    8.10___21:21:16 64      29    35    5       ---   6     
1.11    8.10___21:21:28 65      30    35    4.94    ---   5     
5.56    8.10___21:22:6  66      30    36    4.95    +++   6     
2.07    8.10___21:22:23 67      30    37    4.9     +++   7     
1.27    8.10___21:22:37 68      31    37    4.85    ---   6     
2.56    8.10___21:22:55 69      31    38    4.82    +++   7     
2.69    8.10___21:23:14 70      31    39    4.79    +++   8     
1.1     8.10___21:23:27 71      32    39    4.73    ---   7     
2.24    8.10___21:23:44 72      32    40    4.7     +++   8     
1.53    8.10___21:23:59 73      33    40    4.66    ---   7     
1.12    8.10___21:24:12 74      34    40    4.61    ---   6     
1.81    8.10___21:24:28 75      35    40    4.57    ---   5     
1.47    8.10___21:24:43 76      36    40    4.53    ---   4     
1.12    8.10___21:24:56 77      37    40    4.49    ---   3     
1.66    8.10___21:25:12 78      38    40    4.45    ---   2     
1.62    8.10___21:25:27 79      39    40    4.41    ---   1     
2.24    8.10___21:25:45 80      39    41    4.39    +++   2     
1.46    8.10___21:26:0  81      40    41    4.35    ---   1     
1.5     8.10___21:26:15 82      41    41    4.31    ---   0     
1.01    8.10___21:26:26 83      42    41    4.27    ---   -1    
1.98    8.10___21:26:43 84      43    41    4.25    ---   -2    
1.26    8.10___21:26:57 85      44    41    4.21    ---   -3    
1.8     8.10___21:27:13 86      45    41    4.18    ---   -4    
1.18    8.10___21:27:26 87      46    41    4.15    ---   -5    
4.55    8.10___21:27:49 88      46    42    4.15    +++   -4    
1.11    8.10___21:28:1  89      47    42    4.12    ---   -5    
3.11    8.10___21:28:21 90      47    43    4.11    +++   -4    
1.76    8.10___21:28:37 91      48    43    4.08    ---   -5    
1.98    8.10___21:28:54 92      49    43    4.06    ---   -6    
3.17    8.10___21:29:14 93      49    44    4.05    +++   -5    
8.13    8.10___21:29:41 94      49    45    4.09    +++   -4    
1.93    8.10___21:29:58 95      50    45    4.07    ---   -5    
1.11    8.10___21:30:11 96      51    45    4.04    ---   -6    
5.29    8.10___21:30:34 97      51    46    4.05    +++   -5    
7.82    8.10___21:31:1  98      51    47    4.09    +++   -4    
14.11   8.10___21:31:35 99      51    48    4.19    +++   -3    
3.95    8.10___21:31:56 100     51    49    4.19    +++   -2    
4.61    8.10___21:32:19 101     51    50    4.19    +++   -1    
1       8.10___21:32:29 102     52    50    4.16    ---   -2    
2.23    8.10___21:32:47 103     52    51    4.14    +++   -1    
1.13    8.10___21:33:0  104     53    51    4.11    ---   -2    
1.22    8.10___21:33:13 105     54    51    4.09    ---   -3    
1.38    8.10___21:33:28 106     55    51    4.06    ---   -4    
1.02    8.10___21:33:39 107     56    51    4.03    ---   -5    
1       8.10___21:33:50 108     57    51    4       ---   -6    
28.23   8.10___21:34:33 109     57    52    4.23    +++   -5    
3.75    8.10___21:34:55 110     57    53    4.22    +++   -4    
1.05    8.10___21:35:7  111     58    53    4.19    ---   -5    
2.68    8.10___21:35:25 112     58    54    4.18    +++   -4    
1.04    8.10___21:35:37 113     59    54    4.15    ---   -5    
1.41    8.10___21:35:52 114     60    54    4.13    ---   -6    
1.34    8.10___21:36:6  115     61    54    4.1     ---   -7    
5.71    8.10___21:36:30 116     61    55    4.12    +++   -6    
6.6     8.10___21:36:56 117     61    56    4.14    +++   -5    
6.02    8.10___21:37:21 118     61    57    4.16    +++   -4    
2.02    8.10___21:37:37 119     61    58    4.14    +++   -3    
1.92    8.10___21:37:54 120     62    58    4.12    ---   -4    
2.28    8.10___21:38:12 121     62    59    4.1     +++   -3    
1.73    8.10___21:38:28 122     63    59    4.08    ---   -4    
2.1     8.10___21:38:45 123     63    60    4.07    +++   -3    
1.14    8.10___21:38:58 124     64    60    4.04    ---   -4    
3.93    8.10___21:39:19 125     64    61    4.04    +++   -3    
3.45    8.10___21:39:40 126     64    62    4.04    +++   -2    
1.93    8.10___21:39:56 127     65    62    4.02    ---   -3    
1.13    8.10___21:40:9  128     66    62    4       ---   -4    
1.86    8.10___21:40:26 129     67    62    3.98    ---   -5    
1.27    8.10___21:40:40 130     68    62    3.96    ---   -6    
1       8.10___21:40:50 131     69    62    3.94    ---   -7    
9.91    8.10___21:41:20 132     69    63    3.98    +++   -6    
2.26    8.10___21:41:37 133     69    64    3.97    +++   -5    
1.42    8.10___21:41:52 134     70    64    3.95    ---   -6    
1.11    8.10___21:42:5  135     71    64    3.93    ---   -7    
8.04    8.10___21:42:32 136     71    65    3.96    +++   -6    
1.2     8.10___21:42:46 137     72    65    3.94    ---   -7    
1.56    8.10___21:43:1  138     73    65    3.92    ---   -8    
1.32    8.10___21:43:15 139     74    65    3.9     ---   -9    
1.64    8.10___21:43:31 140     75    65    3.89    ---   -10   
8.15    8.10___21:43:59 141     75    66    3.92    +++   -9    
4.31    8.10___21:44:20 142     75    67    3.92    +++   -8    
1.24    8.10___21:44:34 143     76    67    3.9     ---   -9    
1.53    8.10___21:44:49 144     77    67    3.89    ---   -10   
2.58    8.10___21:45:8  145     77    68    3.88    +++   -9    
1.37    8.10___21:45:22 146     78    68    3.86    ---   -10   
1       8.10___21:45:33 147     79    68    3.84    ---   -11   
1.85    8.10___21:45:49 148     80    68    3.83    ---   -12   
17.11   8.10___21:46:25 149     80    69    3.92    +++   -11   
1.08    8.10___21:46:37 150     81    69    3.9     ---   -12   
1.13    8.10___21:46:50 151     82    69    3.88    ---   -13   
3.98    8.10___21:47:12 152     82    70    3.88    +++   -12   
1.14    8.10___21:47:25 153     83    70    3.86    ---   -13   
1.13    8.10___21:47:37 154     84    70    3.84    ---   -14   
1.08    8.10___21:47:50 155     85    70    3.83    ---   -15   
1.81    8.10___21:48:6  156     86    70    3.81    ---   -16   
1.68    8.10___21:48:22 157     87    70    3.8     ---   -17   
1.32    8.10___21:48:36 158     88    70    3.78    ---   -18   
2.73    8.10___21:48:55 159     88    71    3.78    +++   -17   
1.07    8.10___21:49:7  160     89    71    3.76    ---   -18   
1.52    8.10___21:49:22 161     90    71    3.75    ---   -19   
4.9     8.10___21:49:45 162     90    72    3.75    +++   -18   
3.99    8.10___21:50:7  163     90    73    3.75    +++   -17   
8.12    8.10___21:50:34 164     90    74    3.78    +++   -16   
2.82    8.10___21:50:53 165     90    75    3.78    +++   -15   
1       8.10___21:51:4  166     91    75    3.76    ---   -16   
2.86    8.10___21:51:23 167     91    76    3.75    +++   -15   
7.15    8.10___21:51:49 168     91    77    3.77    +++   -14   
1.73    8.10___21:52:5  169     92    77    3.76    ---   -15   
3.53    8.10___21:52:26 170     92    78    3.76    +++   -14   
1.14    8.10___21:52:39 171     93    78    3.74    ---   -15   
1.4     8.10___21:52:53 172     94    78    3.73    ---   -16   
1.85    8.10___21:53:10 173     95    78    3.72    ---   -17   
1.38    8.10___21:53:24 174     96    78    3.71    ---   -18   
1.71    8.10___21:53:40 175     97    78    3.69    ---   -19   
2.93    8.10___21:54:0  176     97    79    3.69    +++   -18   
1.26    8.10___21:54:13 177     98    79    3.68    ---   -19   
1.76    8.10___21:54:29 178     99    79    3.67    ---   -20   
4.62    8.10___21:54:52 179     99    80    3.67    +++   -19   
1       8.10___21:55:3  180     100   80    3.66    ---   -20   
1.33    8.10___21:55:17 181     101   80    3.64    ---   -21   
2.88    8.10___21:55:36 182     101   81    3.64    +++   -20   
2.19    8.10___21:55:54 183     101   82    3.63    +++   -19   
1.92    8.10___21:56:10 184     102   82    3.62    ---   -20   
1.44    8.10___21:56:25 185     103   82    3.61    ---   -21   
1.53    8.10___21:56:40 186     104   82    3.6     ---   -22   
1.93    8.10___21:56:57 187     105   82    3.59    ---   -23   
1.7     8.10___21:57:13 188     106   82    3.58    ---   -24   
2.41    8.10___21:57:31 189     106   83    3.57    +++   -23   
1.41    8.10___21:57:45 190     107   83    3.56    ---   -24   
10.05   8.10___21:58:15 191     107   84    3.6     +++   -23   
1.15    8.10___21:58:28 192     108   84    3.58    ---   -24   
1.45    8.10___21:58:43 193     109   84    3.57    ---   -25   
1.4     8.10___21:58:57 194     110   84    3.56    ---   -26   
11.8    8.10___21:59:29 195     110   85    3.6     +++   -25   
7.98    8.10___21:59:56 196     110   86    3.63    +++   -24   
