2.79    8.10___22:0:15  1       0     1     2.79    +++   1     
1.6     8.10___22:0:30  2       1     1     2.19    ---   0     
22.29   8.10___22:1:10  3       1     2     8.89    +++   1     
1.77    8.10___22:1:26  4       2     2     7.11    ---   0     
1.66    8.10___22:1:42  5       3     2     6.02    ---   -1    
2.49    8.10___22:2:0   6       3     3     5.43    +++   0     
1.61    8.10___22:2:16  7       4     3     4.88    ---   -1    
2.24    8.10___22:2:33  8       4     4     4.55    +++   0     
1.74    8.10___22:2:49  9       5     4     4.24    ---   -1    
2.03    8.10___22:3:6   10      5     5     4.02    +++   0     
5.79    8.10___22:3:31  11      5     6     4.18    +++   1     
1.93    8.10___22:3:48  12      6     6     3.99    ---   0     
7.4     8.10___22:4:14  13      6     7     4.25    +++   1     
6.49    8.10___22:4:39  14      6     8     4.41    +++   2     
2.37    8.10___22:4:57  15      6     9     4.28    +++   3     
5.81    8.10___22:5:22  16      6     10    4.37    +++   4     
1.26    8.10___22:5:36  17      7     10    4.19    ---   3     
1.19    8.10___22:5:49  18      8     10    4.02    ---   2     
1.81    8.10___22:6:6   19      9     10    3.9     ---   1     
4.29    8.10___22:6:27  20      9     11    3.92    +++   2     
1.4     8.10___22:6:42  21      10    11    3.8     ---   1     
26.4    8.10___22:7:24  22      10    12    4.83    +++   2     
1.76    8.10___22:7:40  23      11    12    4.7     ---   1     
1.02    8.10___22:7:52  24      12    12    4.54    ---   0     
3.16    8.10___22:8:12  25      12    13    4.49    +++   1     
7.19    8.10___22:8:38  26      12    14    4.59    +++   2     
7.35    8.10___22:9:5   27      12    15    4.69    +++   3     
1       8.10___22:9:15  28      13    15    4.56    ---   2     
1.1     8.10___22:9:28  29      14    15    4.44    ---   1     
1.43    8.10___22:9:42  30      15    15    4.34    ---   0     
2.17    8.10___22:10:0  31      15    16    4.27    +++   1     
1.75    8.10___22:10:16 32      16    16    4.19    ---   0     
2.55    8.10___22:10:34 33      16    17    4.14    +++   1     
7.03    8.10___22:11:0  34      16    18    4.23    +++   2     
1.86    8.10___22:11:17 35      17    18    4.16    ---   1     
1.51    8.10___22:11:32 36      18    18    4.09    ---   0     
1.35    8.10___22:11:46 37      19    18    4.01    ---   -1    
2.85    8.10___22:12:5  38      19    19    3.98    +++   0     
3.44    8.10___22:12:26 39      19    20    3.97    +++   1     
1.3     8.10___22:12:40 40      20    20    3.9     ---   0     
1.33    8.10___22:12:54 41      21    20    3.84    ---   -1    
1.08    8.10___22:13:7  42      22    20    3.77    ---   -2    
1.22    8.10___22:13:20 43      23    20    3.71    ---   -3    
13.39   8.10___22:13:53 44      23    21    3.93    +++   -2    
1.56    8.10___22:14:8  45      24    21    3.88    ---   -3    
4.24    8.10___22:14:30 46      24    22    3.89    +++   -2    
1.7     8.10___22:14:46 47      25    22    3.84    ---   -3    
1.9     8.10___22:15:3  48      26    22    3.8     ---   -4    
1.45    8.10___22:15:17 49      27    22    3.75    ---   -5    
7       8.10___22:15:43 50      27    23    3.82    +++   -4    
15.76   8.10___22:16:18 51      27    24    4.05    +++   -3    
11.08   8.10___22:16:49 52      27    25    4.19    +++   -2    
1.06    8.10___22:17:1  53      28    25    4.13    ---   -3    
1.34    8.10___22:17:15 54      29    25    4.07    ---   -4    
1.54    8.10___22:17:30 55      30    25    4.03    ---   -5    
5.28    8.10___22:17:54 56      30    26    4.05    +++   -4    
8.99    8.10___22:18:23 57      30    27    4.14    +++   -3    
1.01    8.10___22:18:34 58      31    27    4.08    ---   -4    
2.65    8.10___22:18:52 59      31    28    4.06    +++   -3    
1.79    8.10___22:19:9  60      32    28    4.02    ---   -4    
2.81    8.10___22:19:28 61      32    29    4       +++   -3    
4.78    8.10___22:19:51 62      32    30    4.01    +++   -2    
1.88    8.10___22:20:7  63      33    30    3.98    ---   -3    
