2.62    8.10___20:0:12  1       0     1     2.62    +++   1     
1       8.10___20:0:23  2       1     1     1.81    ---   0     
1       8.10___20:0:34  3       2     1     1.54    ---   -1    
2.29    8.10___20:0:51  4       2     2     1.72    +++   0     
1.25    8.10___20:1:5   5       3     2     1.63    ---   -1    
3.28    8.10___20:1:25  6       3     3     1.9     +++   0     
1.8     8.10___20:1:41  7       4     3     1.89    ---   -1    
8.03    8.10___20:2:8   8       4     4     2.65    +++   0     
6.63    8.10___20:2:34  9       4     5     3.09    +++   1     
2.14    8.10___20:2:51  10      4     6     3       +++   2     
2.48    8.10___20:3:10  11      4     7     2.95    +++   3     
1.42    8.10___20:3:24  12      5     7     2.82    ---   2     
1.23    8.10___20:3:38  13      6     7     2.7     ---   1     
1.16    8.10___20:3:51  14      7     7     2.59    ---   0     
10.93   8.10___20:4:21  15      7     8     3.15    +++   1     
1.1     8.10___20:4:34  16      8     8     3.02    ---   0     
6.74    8.10___20:5:0   17      8     9     3.24    +++   1     
2.6     8.10___20:5:18  18      8     10    3.2     +++   2     
17.07   8.10___20:5:54  19      8     11    3.93    +++   3     
1.31    8.10___20:6:8   20      9     11    3.8     ---   2     
9.27    8.10___20:6:37  21      9     12    4.06    +++   3     
7.79    8.10___20:7:4   22      9     13    4.23    +++   4     
5.58    8.10___20:7:28  23      9     14    4.29    +++   5     
1.29    8.10___20:7:42  24      10    14    4.16    ---   4     
4.61    8.10___20:8:5   25      10    15    4.18    +++   5     
3.33    8.10___20:8:25  26      10    16    4.15    +++   6     
2.72    8.10___20:8:44  27      10    17    4.09    +++   7     
1.94    8.10___20:9:0   28      11    17    4.02    ---   6     
1.28    8.10___20:9:14  29      12    17    3.92    ---   5     
5.08    8.10___20:9:38  30      12    18    3.96    +++   6     
1.61    8.10___20:9:53  31      13    18    3.88    ---   5     
1.11    8.10___20:10:6  32      14    18    3.8     ---   4     
1.06    8.10___20:10:18 33      15    18    3.71    ---   3     
1.37    8.10___20:10:32 34      16    18    3.65    ---   2     
2.04    8.10___20:10:49 35      16    19    3.6     +++   3     
1.25    8.10___20:11:3  36      17    19    3.53    ---   2     
1.03    8.10___20:11:15 37      18    19    3.47    ---   1     
1.47    8.10___20:11:30 38      19    19    3.41    ---   0     
2.57    8.10___20:11:48 39      19    20    3.39    +++   1     
1.63    8.10___20:12:4  40      20    20    3.35    ---   0     
9.7     8.10___20:12:33 41      20    21    3.5     +++   1     
1.03    8.10___20:12:45 42      21    21    3.44    ---   0     
4.04    8.10___20:13:6  43      21    22    3.46    +++   1     
1.52    8.10___20:13:21 44      22    22    3.41    ---   0     
1.1     8.10___20:13:34 45      23    22    3.36    ---   -1    
1.2     8.10___20:13:47 46      24    22    3.31    ---   -2    
2.97    8.10___20:14:7  47      24    23    3.31    +++   -1    
1.31    8.10___20:14:21 48      25    23    3.27    ---   -2    
7.4     8.10___20:14:47 49      25    24    3.35    +++   -1    
13.26   8.10___20:15:20 50      25    25    3.55    +++   0     
1       8.10___20:15:31 51      26    25    3.5     ---   -1    
1.72    8.10___20:15:47 52      27    25    3.46    ---   -2    
25.61   8.10___20:16:29 53      27    26    3.88    +++   -1    
1.41    8.10___20:16:43 54      28    26    3.84    ---   -2    
3.69    8.10___20:17:4  55      28    27    3.83    +++   -1    
1.06    8.10___20:17:16 56      29    27    3.78    ---   -2    
3.67    8.10___20:17:37 57      29    28    3.78    +++   -1    
2.02    8.10___20:17:54 58      29    29    3.75    +++   0     
11.39   8.10___20:18:25 59      29    30    3.88    +++   1     
17.32   8.10___20:19:1  60      29    31    4.1     +++   2     
2.57    8.10___20:19:20 61      29    32    4.08    +++   3     
22.43   8.10___20:20:0  62      29    33    4.37    +++   4     
5.5     8.10___20:20:24 63      29    34    4.39    +++   5     
1.55    8.10___20:20:39 64      30    34    4.35    ---   4     
1.6     8.10___20:20:54 65      31    34    4.31    ---   3     
1.1     8.10___20:21:7  66      32    34    4.26    ---   2     
1.14    8.10___20:21:20 67      33    34    4.21    ---   1     
1.73    8.10___20:21:36 68      34    34    4.17    ---   0     
21.18   8.10___20:22:15 69      34    35    4.42    +++   1     
2.6     8.10___20:22:33 70      34    36    4.39    +++   2     
23.7    8.10___20:23:14 71      34    37    4.67    +++   3     
4.68    8.10___20:23:37 72      34    38    4.67    +++   4     
1.82    8.10___20:23:53 73      35    38    4.63    ---   3     
1.28    8.10___20:24:7  74      36    38    4.58    ---   2     
2.34    8.10___20:24:25 75      36    39    4.55    +++   3     
2.13    8.10___20:24:42 76      36    40    4.52    +++   4     
5.91    8.10___20:25:7  77      36    41    4.54    +++   5     
2.56    8.10___20:25:25 78      36    42    4.51    +++   6     
6.91    8.10___20:25:51 79      36    43    4.54    +++   7     
1.37    8.10___20:26:6  80      37    43    4.5     ---   6     
1.29    8.10___20:26:20 81      38    43    4.46    ---   5     
1.19    8.10___20:26:33 82      39    43    4.42    ---   4     
2.9     8.10___20:26:53 83      39    44    4.4     +++   5     
2.26    8.10___20:27:10 84      39    45    4.38    +++   6     
5.17    8.10___20:27:34 85      39    46    4.39    +++   7     
2.15    8.10___20:27:51 86      39    47    4.36    +++   8     
4.67    8.10___20:28:14 87      39    48    4.37    +++   9     
4.48    8.10___20:28:36 88      39    49    4.37    +++   10    
3.49    8.10___20:28:57 89      39    50    4.36    +++   11    
1.19    8.10___20:29:10 90      40    50    4.32    ---   10    
1.37    8.10___20:29:25 91      41    50    4.29    ---   9     
4.56    8.10___20:29:47 92      41    51    4.29    +++   10    
1.32    8.10___20:30:1  93      42    51    4.26    ---   9     
1.93    8.10___20:30:18 94      43    51    4.24    ---   8     
1.38    8.10___20:30:32 95      44    51    4.21    ---   7     
1.27    8.10___20:30:46 96      45    51    4.17    ---   6     
1       8.10___20:30:57 97      46    51    4.14    ---   5     
1.13    8.10___20:31:10 98      47    51    4.11    ---   4     
1.56    8.10___20:31:25 99      48    51    4.09    ---   3     
1.06    8.10___20:31:37 100     49    51    4.06    ---   2     
9.7     8.10___20:32:6  101     49    52    4.11    +++   3     
2.47    8.10___20:32:25 102     49    53    4.09    +++   4     
1.83    8.10___20:32:41 103     50    53    4.07    ---   3     
1.89    8.10___20:32:58 104     51    53    4.05    ---   2     
20.65   8.10___20:33:36 105     51    54    4.21    +++   3     
13.04   8.10___20:34:9  106     51    55    4.29    +++   4     
2.34    8.10___20:34:27 107     51    56    4.27    +++   5     
2.2     8.10___20:34:44 108     51    57    4.26    +++   6     
1       8.10___20:34:55 109     52    57    4.23    ---   5     
1.57    8.10___20:35:10 110     53    57    4.2     ---   4     
1.62    8.10___20:35:26 111     54    57    4.18    ---   3     
1.03    8.10___20:35:37 112     55    57    4.15    ---   2     
1.87    8.10___20:35:54 113     56    57    4.13    ---   1     
11.93   8.10___20:36:25 114     56    58    4.2     +++   2     
1.49    8.10___20:36:40 115     57    58    4.17    ---   1     
24.38   8.10___20:37:21 116     57    59    4.35    +++   2     
1.67    8.10___20:37:37 117     58    59    4.33    ---   1     
3.08    8.10___20:37:57 118     58    60    4.32    +++   2     
2.12    8.10___20:38:14 119     58    61    4.3     +++   3     
1.35    8.10___20:38:29 120     59    61    4.27    ---   2     
1.6     8.10___20:38:44 121     60    61    4.25    ---   1     
1       8.10___20:38:54 122     61    61    4.22    ---   0     
1.25    8.10___20:39:8  123     62    61    4.2     ---   -1    
1.36    8.10___20:39:23 124     63    61    4.18    ---   -2    
1.5     8.10___20:39:38 125     64    61    4.15    ---   -3    
2.21    8.10___20:39:55 126     64    62    4.14    +++   -2    
2.97    8.10___20:40:15 127     64    63    4.13    +++   -1    
1.84    8.10___20:40:31 128     65    63    4.11    ---   -2    
3.36    8.10___20:40:51 129     65    64    4.11    +++   -1    
1.22    8.10___20:41:5  130     66    64    4.08    ---   -2    
1.23    8.10___20:41:18 131     67    64    4.06    ---   -3    
1       8.10___20:41:29 132     68    64    4.04    ---   -4    
19.75   8.10___20:42:7  133     68    65    4.16    +++   -3    
1.04    8.10___20:42:19 134     69    65    4.13    ---   -4    
3.67    8.10___20:42:40 135     69    66    4.13    +++   -3    
2.18    8.10___20:42:57 136     69    67    4.12    +++   -2    
1.05    8.10___20:43:9  137     70    67    4.09    ---   -3    
1.68    8.10___20:43:25 138     71    67    4.08    ---   -4    
1.21    8.10___20:43:52 139     72    67    4.06    ---   -5    
1.66    8.10___20:44:7  140     73    67    4.04    ---   -6    
1.75    8.10___20:44:23 141     74    67    4.02    ---   -7    
1       8.10___20:44:34 142     75    67    4       ---   -8    
3.54    8.10___20:44:54 143     75    68    4       +++   -7    
1.72    8.10___20:45:10 144     76    68    3.98    ---   -8    
1.01    8.10___20:45:22 145     77    68    3.96    ---   -9    
22.57   8.10___20:46:1  146     77    69    4.09    +++   -8    
4.1     8.10___20:46:23 147     77    70    4.09    +++   -7    
3.54    8.10___20:46:44 148     77    71    4.08    +++   -6    
8.06    8.10___20:47:11 149     77    72    4.11    +++   -5    
11.66   8.10___20:47:42 150     77    73    4.16    +++   -4    
1.04    8.10___20:47:54 151     78    73    4.14    ---   -5    
1.81    8.10___20:48:10 152     79    73    4.13    ---   -6    
5.6     8.10___20:48:35 153     79    74    4.13    +++   -5    
1.14    8.10___20:48:48 154     80    74    4.12    ---   -6    
2.44    8.10___20:49:6  155     80    75    4.1     +++   -5    
1.09    8.10___20:49:18 156     81    75    4.09    ---   -6    
2.4     8.10___20:49:36 157     81    76    4.07    +++   -5    
25.81   8.10___20:50:18 158     81    77    4.21    +++   -4    
8.94    8.10___20:50:47 159     81    78    4.24    +++   -3    
2.67    8.10___20:51:5  160     81    79    4.23    +++   -2    
1.1     8.10___20:51:18 161     82    79    4.21    ---   -3    
1.78    8.10___20:51:34 162     83    79    4.2     ---   -4    
1       8.10___20:51:45 163     84    79    4.18    ---   -5    
1.03    8.10___20:51:56 164     85    79    4.16    ---   -6    
1.26    8.10___20:52:10 165     86    79    4.14    ---   -7    
25.43   8.10___20:52:52 166     86    80    4.27    +++   -6    
20.9    8.10___20:53:31 167     86    81    4.37    +++   -5    
25.51   8.10___20:54:13 168     86    82    4.49    +++   -4    
2.88    8.10___20:54:32 169     86    83    4.48    +++   -3    
1.65    8.10___20:54:48 170     87    83    4.47    ---   -4    
1.32    8.10___20:55:2  171     88    83    4.45    ---   -5    
1.13    8.10___20:55:15 172     89    83    4.43    ---   -6    
1.89    8.10___20:55:31 173     90    83    4.42    ---   -7    
1.04    8.10___20:55:43 174     91    83    4.4     ---   -8    
2.39    8.10___20:56:1  175     91    84    4.38    +++   -7    
1.55    8.10___20:56:16 176     92    84    4.37    ---   -8    
3.99    8.10___20:56:38 177     92    85    4.37    +++   -7    
2.18    8.10___20:56:55 178     92    86    4.35    +++   -6    
28.19   8.10___20:57:39 179     92    87    4.49    +++   -5    
8.28    8.10___20:58:6  180     92    88    4.51    +++   -4    
2.4     8.10___20:58:24 181     92    89    4.5     +++   -3    
1.12    8.10___20:58:37 182     93    89    4.48    ---   -4    
1.06    8.10___20:58:49 183     94    89    4.46    ---   -5    
1.52    8.10___20:59:4  184     95    89    4.44    ---   -6    
3.1     8.10___20:59:24 185     95    90    4.44    +++   -5    
2.06    8.10___20:59:41 186     95    91    4.42    +++   -4    
1.24    8.10___20:59:55 187     96    91    4.41    ---   -5    
