5.98    8.10___8:9:8    1       0     1     5.98    +++   1     
1.9     8.10___8:9:25   2       1     1     3.94    ---   0     
7.09    8.10___8:9:51   3       1     2     4.99    +++   1     
2.46    8.10___8:10:9   4       1     3     4.35    +++   2     
1.52    8.10___8:10:24  5       2     3     3.79    ---   1     
1.1     8.10___8:10:37  6       3     3     3.34    ---   0     
1.8     8.10___8:10:53  7       4     3     3.12    ---   -1    
17.76   8.10___8:11:29  8       4     4     4.95    +++   0     
1.42    8.10___8:11:44  9       5     4     4.55    ---   -1    
1       8.10___8:11:55  10      6     4     4.2     ---   -2    
1.37    8.10___8:12:9   11      7     4     3.94    ---   -3    
1.11    8.10___8:12:22  12      8     4     3.7     ---   -4    
6.23    8.10___8:12:47  13      8     5     3.9     +++   -3    
2.54    8.10___8:13:5   14      8     6     3.8     +++   -2    
15.5    8.10___8:13:40  15      8     7     4.58    +++   -1    
3.68    8.10___8:14:1   16      8     8     4.52    +++   0     
1       8.10___8:14:11  17      9     8     4.32    ---   -1    
26.6    8.10___8:14:54  18      9     9     5.55    +++   0     
2.35    8.10___8:15:12  19      9     10    5.39    +++   1     
1       8.10___8:15:22  20      10    10    5.17    ---   0     
1.22    8.10___8:15:36  21      11    10    4.98    ---   -1    
3.04    8.10___8:15:55  22      11    11    4.89    +++   0     
1.89    8.10___8:16:12  23      12    11    4.76    ---   -1    
3.33    8.10___8:16:32  24      12    12    4.7     +++   0     
3.91    8.10___8:16:53  25      12    13    4.67    +++   1     
1.77    8.10___8:17:10  26      13    13    4.56    ---   0     
1.05    8.10___8:17:22  27      14    13    4.43    ---   -1    
1.92    8.10___8:17:38  28      15    13    4.34    ---   -2    
1.12    8.10___8:17:51  29      16    13    4.22    ---   -3    
1.11    8.10___8:18:4   30      17    13    4.12    ---   -4    
1.03    8.10___8:18:15  31      18    13    4.02    ---   -5    
12.18   8.10___8:18:47  32      18    14    4.28    +++   -4    
1.45    8.10___8:19:2   33      19    14    4.19    ---   -5    
5.4     8.10___8:19:26  34      19    15    4.23    +++   -4    
1.07    8.10___8:19:38  35      20    15    4.13    ---   -5    
2.86    8.10___8:19:57  36      20    16    4.1     +++   -4    
4.19    8.10___8:20:19  37      20    17    4.1     +++   -3    
1.65    8.10___8:20:34  38      21    17    4.04    ---   -4    
2.48    8.10___8:20:53  39      21    18    4       +++   -3    
4.33    8.10___8:21:15  40      21    19    4.01    +++   -2    
21.91   8.10___8:21:54  41      21    20    4.44    +++   -1    
2.56    8.10___8:22:13  42      21    21    4.4     +++   0     
2.87    8.10___8:22:32  43      21    22    4.36    +++   1     
7.02    8.10___8:22:58  44      21    23    4.42    +++   2     
2.31    8.10___8:23:16  45      21    24    4.37    +++   3     
9.23    8.10___8:23:45  46      21    25    4.48    +++   4     
20.81   8.10___8:24:23  47      21    26    4.83    +++   5     
1.59    8.10___8:24:39  48      22    26    4.76    ---   4     
2.58    8.10___8:24:57  49      22    27    4.72    +++   5     
1.54    8.10___8:25:12  50      23    27    4.65    ---   4     
7.48    8.10___8:25:39  51      23    28    4.71    +++   5     
9.6     8.10___8:26:8   52      23    29    4.8     +++   6     
3.16    8.10___8:26:28  53      23    30    4.77    +++   7     
7.01    8.10___8:26:54  54      23    31    4.81    +++   8     
1.55    8.10___8:27:9   55      24    31    4.75    ---   7     
1.54    8.10___8:27:24  56      25    31    4.69    ---   6     
1.15    8.10___8:27:37  57      26    31    4.63    ---   5     
5.33    8.10___8:28:1   58      26    32    4.64    +++   6     
1.29    8.10___8:28:15  59      27    32    4.59    ---   5     
14.3    8.10___8:28:49  60      27    33    4.75    +++   6     
2.5     8.10___8:29:7   61      27    34    4.71    +++   7     
1.76    8.10___8:29:23  62      28    34    4.66    ---   6     
1.44    8.10___8:29:38  63      29    34    4.61    ---   5     
1.36    8.10___8:29:52  64      30    34    4.56    ---   4     
1       8.10___8:30:3   65      31    34    4.51    ---   3     
5.18    8.10___8:30:26  66      31    35    4.52    +++   4     
2.91    8.10___8:30:46  67      31    36    4.49    +++   5     
2.37    8.10___8:31:4   68      31    37    4.46    +++   6     
22.12   8.10___8:31:43  69      31    38    4.72    +++   7     
3.97    8.10___8:32:5   70      31    39    4.71    +++   8     
1.02    8.10___8:32:16  71      32    39    4.66    ---   7     
1.55    8.10___8:32:32  72      33    39    4.61    ---   6     
1.72    8.10___8:32:48  73      34    39    4.57    ---   5     
2.62    8.10___8:33:6   74      34    40    4.55    +++   6     
2.97    8.10___8:33:26  75      34    41    4.52    +++   7     
1       8.10___8:33:36  76      35    41    4.48    ---   6     
1.36    8.10___8:33:50  77      36    41    4.44    ---   5     
1.65    8.10___8:34:6   78      37    41    4.4     ---   4     
1.57    8.10___8:34:21  79      38    41    4.37    ---   3     
1.14    8.10___8:34:34  80      39    41    4.33    ---   2     
1.23    8.10___8:34:48  81      40    41    4.29    ---   1     
1.84    8.10___8:35:4   82      41    41    4.26    ---   0     
1.23    8.10___8:35:18  83      42    41    4.22    ---   -1    
10.82   8.10___8:35:48  84      42    42    4.3     +++   0     
2.03    8.10___8:36:5   85      42    43    4.27    +++   1     
1.03    8.10___8:36:17  86      43    43    4.23    ---   0     
4.16    8.10___8:36:39  87      43    44    4.23    +++   1     
2.24    8.10___8:36:56  88      43    45    4.21    +++   2     
3.55    8.10___8:37:17  89      43    46    4.2     +++   3     
5.94    8.10___8:37:42  90      43    47    4.22    +++   4     
2.05    8.10___8:37:59  91      43    48    4.2     +++   5     
1.02    8.10___8:38:10  92      44    48    4.16    ---   4     
1.39    8.10___8:38:25  93      45    48    4.13    ---   3     
3.67    8.10___8:38:45  94      45    49    4.13    +++   4     
1.42    8.10___8:39:0   95      46    49    4.1     ---   3     
14.11   8.10___8:39:34  96      46    50    4.21    +++   4     
4.42    8.10___8:39:56  97      46    51    4.21    +++   5     
1.56    8.10___8:40:11  98      47    51    4.18    ---   4     
1.09    8.10___8:40:23  99      48    51    4.15    ---   3     
1.28    8.10___8:40:37  100     49    51    4.12    ---   2     
1.31    8.10___8:40:51  101     50    51    4.09    ---   1     
1.54    8.10___8:41:7   102     51    51    4.07    ---   0     
2.46    8.10___8:41:25  103     51    52    4.05    +++   1     
1.91    8.10___8:41:41  104     52    52    4.03    ---   0     
1.53    8.10___8:41:57  105     53    52    4.01    ---   -1    
1.71    8.10___8:42:12  106     54    52    3.99    ---   -2    
2.85    8.10___8:42:32  107     54    53    3.97    +++   -1    
1.18    8.10___8:42:45  108     55    53    3.95    ---   -2    
26.23   8.10___8:43:27  109     55    54    4.15    +++   -1    
2.35    8.10___8:43:45  110     55    55    4.14    +++   0     
1.37    8.10___8:43:59  111     56    55    4.11    ---   -1    
1.94    8.10___8:44:16  112     57    55    4.09    ---   -2    
1.69    8.10___8:44:32  113     58    55    4.07    ---   -3    
1.68    8.10___8:44:48  114     59    55    4.05    ---   -4    
5.07    8.10___8:45:11  115     59    56    4.06    +++   -3    
1.12    8.10___8:45:24  116     60    56    4.03    ---   -4    
1.21    8.10___8:45:37  117     61    56    4.01    ---   -5    
1.1     8.10___8:45:50  118     62    56    3.98    ---   -6    
3.16    8.10___8:46:10  119     62    57    3.98    +++   -5    
4.53    8.10___8:46:32  120     62    58    3.98    +++   -4    
1.79    8.10___8:46:48  121     63    58    3.96    ---   -5    
1.41    8.10___8:47:3   122     64    58    3.94    ---   -6    
4.36    8.10___8:47:25  123     64    59    3.95    +++   -5    
2.41    8.10___8:47:43  124     64    60    3.93    +++   -4    
21.29   8.10___8:48:22  125     64    61    4.07    +++   -3    
5.72    8.10___8:48:46  126     64    62    4.09    +++   -2    
4.35    8.10___8:49:8   127     64    63    4.09    +++   -1    
1.38    8.10___8:49:23  128     65    63    4.07    ---   -2    
1.56    8.10___8:49:38  129     66    63    4.05    ---   -3    
3.49    8.10___8:49:59  130     66    64    4.04    +++   -2    
4.88    8.10___8:50:22  131     66    65    4.05    +++   -1    
8.15    8.10___8:50:49  132     66    66    4.08    +++   0     
1.42    8.10___8:51:4   133     67    66    4.06    ---   -1    
4.06    8.10___8:51:25  134     67    67    4.06    +++   0     
3.12    8.10___8:51:45  135     67    68    4.05    +++   1     
1.2     8.10___8:51:58  136     68    68    4.03    ---   0     
7.88    8.10___8:52:26  137     68    69    4.06    +++   1     
1.4     8.10___8:52:40  138     69    69    4.04    ---   0     
3.08    8.10___8:53:0   139     69    70    4.03    +++   1     
1.85    8.10___8:53:16  140     70    70    4.02    ---   0     
3.41    8.10___8:53:37  141     70    71    4.01    +++   1     
1.22    8.10___8:53:50  142     71    71    3.99    ---   0     
1.32    8.10___8:54:4   143     72    71    3.98    ---   -1    
3.72    8.10___8:54:25  144     72    72    3.97    +++   0     
1       8.10___8:54:36  145     73    72    3.95    ---   -1    
1.02    8.10___8:54:47  146     74    72    3.93    ---   -2    
21.92   8.10___8:55:27  147     74    73    4.06    +++   -1    
1.15    8.10___8:55:40  148     75    73    4.04    ---   -2    
1.02    8.10___8:55:51  149     76    73    4.02    ---   -3    
1.58    8.10___8:56:7   150     77    73    4       ---   -4    
4.91    8.10___8:56:30  151     77    74    4.01    +++   -3    
4.42    8.10___8:56:52  152     77    75    4.01    +++   -2    
4.62    8.10___8:57:14  153     77    76    4.01    +++   -1    
1.16    8.10___8:57:27  154     78    76    3.99    ---   -2    
2.08    8.10___8:57:45  155     78    77    3.98    +++   -1    
2.37    8.10___8:58:3   156     78    78    3.97    +++   0     
1.6     8.10___8:58:18  157     79    78    3.96    ---   -1    
1.66    8.10___8:58:34  158     80    78    3.94    ---   -2    
1.71    8.10___8:58:50  159     81    78    3.93    ---   -3    
3.07    8.10___8:59:9   160     81    79    3.92    +++   -2    
13.76   8.10___8:59:42  161     81    80    3.98    +++   -1    
