3.1     8.10___9:0:2    1       0     1     3.1     +++   1     
2.67    8.10___9:0:21   2       0     2     2.88    +++   2     
1.05    8.10___9:0:33   3       1     2     2.27    ---   1     
1.79    8.10___9:0:49   4       2     2     2.15    ---   0     
5.83    8.10___9:1:13   5       2     3     2.88    +++   1     
1.07    8.10___9:1:25   6       3     3     2.58    ---   0     
14.71   8.10___9:1:59   7       3     4     4.31    +++   1     
23.76   8.10___9:2:40   8       3     5     6.74    +++   2     
1.44    8.10___9:2:55   9       4     5     6.15    ---   1     
1.11    8.10___9:3:8    10      5     5     5.65    ---   0     
1.16    8.10___9:3:21   11      6     5     5.24    ---   -1    
2.73    8.10___9:3:39   12      6     6     5.03    +++   0     
1.01    8.10___9:3:51   13      7     6     4.72    ---   -1    
1.86    8.10___9:4:7    14      8     6     4.52    ---   -2    
3.21    8.10___9:4:27   15      8     7     4.43    +++   -1    
3       8.10___9:4:47   16      8     8     4.34    +++   0     
3.61    8.10___9:5:7    17      8     9     4.3     +++   1     
27.94   8.10___9:5:51   18      8     10    5.61    +++   2     
8.06    8.10___9:6:18   19      8     11    5.74    +++   3     
2.69    8.10___9:6:37   20      8     12    5.58    +++   4     
1.18    8.10___9:6:50   21      9     12    5.38    ---   3     
5       8.10___9:7:13   22      9     13    5.36    +++   4     
6.06    8.10___9:7:38   23      9     14    5.39    +++   5     
1       8.10___9:7:48   24      10    14    5.21    ---   4     
2.18    8.10___9:8:6    25      10    15    5.08    +++   5     
1.52    8.10___9:8:21   26      11    15    4.95    ---   4     
1.05    8.10___9:8:33   27      12    15    4.8     ---   3     
1.16    8.10___9:8:46   28      13    15    4.67    ---   2     
1.56    8.10___9:9:1    29      14    15    4.56    ---   1     
1.06    8.10___9:9:13   30      15    15    4.45    ---   0     
1.02    8.10___9:9:25   31      16    15    4.34    ---   -1    
1.84    8.10___9:9:41   32      17    15    4.26    ---   -2    
2.17    8.10___9:9:59   33      17    16    4.2     +++   -1    
1.93    8.10___9:10:15  34      18    16    4.13    ---   -2    
4.68    8.10___9:10:38  35      18    17    4.14    +++   -1    
3.6     8.10___9:10:59  36      18    18    4.13    +++   0     
1.15    8.10___9:11:12  37      19    18    4.05    ---   -1    
2.99    8.10___9:11:31  38      19    19    4.02    +++   0     
1       8.10___9:11:42  39      20    19    3.94    ---   -1    
1.15    8.10___9:11:55  40      21    19    3.87    ---   -2    
5.05    8.10___9:12:18  41      21    20    3.9     +++   -1    
20.24   8.10___9:12:56  42      21    21    4.29    +++   0     
20.78   8.10___9:13:35  43      21    22    4.67    +++   1     
11.3    8.10___9:14:6   44      21    23    4.82    +++   2     
1.92    8.10___9:14:22  45      22    23    4.76    ---   1     
8.21    8.10___9:14:50  46      22    24    4.83    +++   2     
2.04    8.10___9:15:7   47      22    25    4.77    +++   3     
5.43    8.10___9:15:31  48      22    26    4.79    +++   4     
1.79    8.10___9:15:47  49      23    26    4.73    ---   3     
1       8.10___9:15:58  50      24    26    4.65    ---   2     
12      8.10___9:16:29  51      24    27    4.8     +++   3     
20.84   8.10___9:17:8   52      24    28    5.1     +++   4     
1.64    8.10___9:17:23  53      25    28    5.04    ---   3     
3.11    8.10___9:17:43  54      25    29    5       +++   4     
2.65    8.10___9:18:2   55      25    30    4.96    +++   5     
1.29    8.10___9:18:16  56      26    30    4.89    ---   4     
8.77    8.10___9:18:44  57      26    31    4.96    +++   5     
1.59    8.10___9:18:59  58      27    31    4.9     ---   4     
5.09    8.10___9:19:23  59      27    32    4.91    +++   5     
7.3     8.10___9:19:49  60      27    33    4.95    +++   6     
1.25    8.10___9:20:3   61      28    33    4.89    ---   5     
2.29    8.10___9:20:21  62      28    34    4.84    +++   6     
1.25    8.10___9:20:35  63      29    34    4.79    ---   5     
20.65   8.10___9:21:13  64      29    35    5.04    +++   6     
1.09    8.10___9:21:26  65      30    35    4.97    ---   5     
3.1     8.10___9:21:45  66      30    36    4.95    +++   6     
3.01    8.10___9:22:5   67      30    37    4.92    +++   7     
20.71   8.10___9:22:43  68      30    38    5.15    +++   8     
1.34    8.10___9:22:58  69      31    38    5.09    ---   7     
1.37    8.10___9:23:12  70      32    38    5.04    ---   6     
2.11    8.10___9:23:29  71      32    39    5       +++   7     
1.17    8.10___9:23:42  72      33    39    4.95    ---   6     
1.14    8.10___9:23:55  73      34    39    4.89    ---   5     
3.58    8.10___9:24:16  74      34    40    4.88    +++   6     
1.09    8.10___9:24:29  75      35    40    4.83    ---   5     
4.28    8.10___9:24:51  76      35    41    4.82    +++   6     
4.82    8.10___9:25:13  77      35    42    4.82    +++   7     
10.86   8.10___9:25:44  78      35    43    4.9     +++   8     
1.16    8.10___9:25:57  79      36    43    4.85    ---   7     
7.1     8.10___9:26:23  80      36    44    4.88    +++   8     
1.33    8.10___9:26:37  81      37    44    4.83    ---   7     
1.51    8.10___9:26:52  82      38    44    4.79    ---   6     
23.65   8.10___9:27:33  83      38    45    5.02    +++   7     
1.6     8.10___9:27:48  84      39    45    4.98    ---   6     
1       8.10___9:27:59  85      40    45    4.93    ---   5     
8.6     8.10___9:28:27  86      40    46    4.97    +++   6     
1       8.10___9:28:38  87      41    46    4.93    ---   5     
1.85    8.10___9:28:54  88      42    46    4.89    ---   4     
23.44   8.10___9:29:34  89      42    47    5.1     +++   5     
1.05    8.10___9:29:46  90      43    47    5.06    ---   4     
1.94    8.10___9:30:3   91      44    47    5.02    ---   3     
1.87    8.10___9:30:19  92      45    47    4.99    ---   2     
2.59    8.10___9:30:38  93      45    48    4.96    +++   3     
8.14    8.10___9:31:5   94      45    49    5       +++   4     
1.97    8.10___9:31:22  95      46    49    4.96    ---   3     
17.82   8.10___9:31:59  96      46    50    5.1     +++   4     
1.93    8.10___9:32:15  97      47    50    5.07    ---   3     
1.59    8.10___9:32:31  98      48    50    5.03    ---   2     
1.15    8.10___9:32:44  99      49    50    4.99    ---   1     
1.45    8.10___9:32:59  100     50    50    4.95    ---   0     
2.67    8.10___9:33:17  101     50    51    4.93    +++   1     
3.37    8.10___9:33:38  102     50    52    4.92    +++   2     
1.72    8.10___9:33:54  103     51    52    4.89    ---   1     
23.29   8.10___9:34:34  104     51    53    5.06    +++   2     
1.11    8.10___9:34:47  105     52    53    5.02    ---   1     
1.23    8.10___9:35:0   106     53    53    4.99    ---   0     
4.71    8.10___9:35:23  107     53    54    4.99    +++   1     
3.25    8.10___9:35:43  108     53    55    4.97    +++   2     
1.72    8.10___9:35:59  109     54    55    4.94    ---   1     
1.75    8.10___9:36:15  110     55    55    4.91    ---   0     
1.03    8.10___9:36:27  111     56    55    4.88    ---   -1    
1.33    8.10___9:36:41  112     57    55    4.84    ---   -2    
3.68    8.10___9:37:2   113     57    56    4.83    +++   -1    
2.54    8.10___9:37:20  114     57    57    4.81    +++   0     
1.91    8.10___9:37:37  115     58    57    4.79    ---   -1    
2.55    8.10___9:37:55  116     58    58    4.77    +++   0     
1.12    8.10___9:38:8   117     59    58    4.74    ---   -1    
2.73    8.10___9:38:27  118     59    59    4.72    +++   0     
7.55    8.10___9:38:53  119     59    60    4.74    +++   1     
1.51    8.10___9:39:8   120     60    60    4.72    ---   0     
7.9     8.10___9:39:36  121     60    61    4.74    +++   1     
1.62    8.10___9:39:51  122     61    61    4.72    ---   0     
1.08    8.10___9:40:4   123     62    61    4.69    ---   -1    
1.13    8.10___9:40:16  124     63    61    4.66    ---   -2    
1.2     8.10___9:40:30  125     64    61    4.63    ---   -3    
32.74   8.10___9:41:16  126     64    62    4.86    +++   -2    
1.97    8.10___9:41:33  127     65    62    4.83    ---   -3    
1.3     8.10___9:41:47  128     66    62    4.81    ---   -4    
1.78    8.10___9:42:3   129     67    62    4.78    ---   -5    
2.89    8.10___9:42:22  130     67    63    4.77    +++   -4    
1.51    8.10___9:42:37  131     68    63    4.74    ---   -5    
2.04    8.10___9:42:54  132     68    64    4.72    +++   -4    
1.36    8.10___9:43:9   133     69    64    4.7     ---   -5    
1.57    8.10___9:43:24  134     70    64    4.67    ---   -6    
3.04    8.10___9:43:43  135     70    65    4.66    +++   -5    
1.44    8.10___9:43:58  136     71    65    4.64    ---   -6    
2.49    8.10___9:44:16  137     71    66    4.62    +++   -5    
2.61    8.10___9:44:35  138     71    67    4.61    +++   -4    
1.37    8.10___9:44:49  139     72    67    4.58    ---   -5    
2.1     8.10___9:45:7   140     72    68    4.57    +++   -4    
2.06    8.10___9:45:24  141     72    69    4.55    +++   -3    
7.79    8.10___9:45:51  142     72    70    4.57    +++   -2    
2.88    8.10___9:46:10  143     72    71    4.56    +++   -1    
1.45    8.10___9:46:25  144     73    71    4.54    ---   -2    
3.52    8.10___9:46:45  145     73    72    4.53    +++   -1    
1       8.10___9:46:56  146     74    72    4.51    ---   -2    
1       8.10___9:47:6   147     75    72    4.48    ---   -3    
5.82    8.10___9:47:31  148     75    73    4.49    +++   -2    
2.45    8.10___9:47:49  149     75    74    4.48    +++   -1    
2.26    8.10___9:48:7   150     75    75    4.46    +++   0     
1       8.10___9:48:17  151     76    75    4.44    ---   -1    
4       8.10___9:48:39  152     76    76    4.44    +++   0     
1       8.10___9:48:49  153     77    76    4.41    ---   -1    
1.03    8.10___9:49:1   154     78    76    4.39    ---   -2    
1.6     8.10___9:49:16  155     79    76    4.37    ---   -3    
2.63    8.10___9:49:35  156     79    77    4.36    +++   -2    
2.34    8.10___9:49:53  157     79    78    4.35    +++   -1    
1.15    8.10___9:50:6   158     80    78    4.33    ---   -2    
3.08    8.10___9:50:26  159     80    79    4.32    +++   -1    
1.76    8.10___9:50:42  160     81    79    4.31    ---   -2    
1.91    8.10___9:50:58  161     82    79    4.29    ---   -3    
8.37    8.10___9:51:26  162     82    80    4.32    +++   -2    
4.73    8.10___9:51:49  163     82    81    4.32    +++   -1    
6.54    8.10___9:52:14  164     82    82    4.33    +++   0     
2.14    8.10___9:52:31  165     82    83    4.32    +++   1     
1.19    8.10___9:52:45  166     83    83    4.3     ---   0     
1.05    8.10___9:52:57  167     84    83    4.28    ---   -1    
2.07    8.10___9:53:14  168     84    84    4.27    +++   0     
1.47    8.10___9:53:29  169     85    84    4.25    ---   -1    
23.3    8.10___9:54:9   170     85    85    4.36    +++   0     
2.56    8.10___9:54:27  171     85    86    4.35    +++   1     
1.43    8.10___9:54:42  172     86    86    4.34    ---   0     
1.65    8.10___9:54:58  173     87    86    4.32    ---   -1    
1.72    8.10___9:55:14  174     88    86    4.3     ---   -2    
2.47    8.10___9:55:32  175     88    87    4.29    +++   -1    
1.21    8.10___9:55:45  176     89    87    4.28    ---   -2    
2.43    8.10___9:56:3   177     89    88    4.27    +++   -1    
1.45    8.10___9:56:18  178     90    88    4.25    ---   -2    
1.39    8.10___9:56:33  179     91    88    4.23    ---   -3    
7.12    8.10___9:56:59  180     91    89    4.25    +++   -2    
1.71    8.10___9:57:15  181     92    89    4.24    ---   -3    
2.08    8.10___9:57:32  182     92    90    4.22    +++   -2    
2.41    8.10___9:57:50  183     92    91    4.21    +++   -1    
3.02    8.10___9:58:9   184     92    92    4.21    +++   0     
6.5     8.10___9:58:35  185     92    93    4.22    +++   1     
1.2     8.10___9:58:48  186     93    93    4.2     ---   0     
1.02    8.10___9:59:0   187     94    93    4.19    ---   -1    
1.39    8.10___9:59:14  188     95    93    4.17    ---   -2    
2.06    8.10___9:59:31  189     95    94    4.16    +++   -1    
1.36    8.10___9:59:46  190     96    94    4.15    ---   -2    
