1.59    8.15___18:0:12  1       1     0     1.59    ---   -1    
1.05    8.15___18:0:24  2       2     0     1.32    ---   -2    
1.42    8.15___18:0:39  3       3     0     1.35    ---   -3    
1.16    8.15___18:0:52  4       4     0     1.3     ---   -4    
1.06    8.15___18:1:4   5       5     0     1.25    ---   -5    
1.02    8.15___18:1:15  6       6     0     1.21    ---   -6    
9.74    8.15___18:1:45  7       6     1     2.43    +++   -5    
6.15    8.15___18:2:10  8       6     2     2.89    +++   -4    
4.56    8.15___18:2:32  9       6     3     3.08    +++   -3    
1.09    8.15___18:2:45  10      7     3     2.88    ---   -4    
1.02    8.15___18:2:56  11      8     3     2.71    ---   -5    
11.37   8.15___18:3:27  12      8     4     3.43    +++   -4    
2.12    8.15___18:3:44  13      8     5     3.33    +++   -3    
1.98    8.15___18:4:1   14      9     5     3.23    ---   -4    
1.31    8.15___18:4:15  15      10    5     3.1     ---   -5    
2.05    8.15___18:4:32  16      10    6     3.04    +++   -4    
2.31    8.15___18:4:50  17      10    7     2.99    +++   -3    
4.2     8.15___18:5:12  18      10    8     3.06    +++   -2    
4.57    8.15___18:5:35  19      10    9     3.14    +++   -1    
2.75    8.15___18:5:53  20      10    10    3.12    +++   0     
1.85    8.15___18:6:10  21      11    10    3.06    ---   -1    
1.09    8.15___18:6:22  22      12    10    2.97    ---   -2    
7.48    8.15___18:6:49  23      12    11    3.17    +++   -1    
5.43    8.15___18:7:13  24      12    12    3.26    +++   0     
1.08    8.15___18:7:25  25      13    12    3.17    ---   -1    
1.55    8.15___18:7:40  26      14    12    3.11    ---   -2    
4.94    8.15___18:8:3   27      14    13    3.18    +++   -1    
8.19    8.15___18:8:31  28      14    14    3.36    +++   0     
3.07    8.15___18:8:51  29      14    15    3.35    +++   1     
1.22    8.15___18:9:4   30      15    15    3.28    ---   0     
1.58    8.15___18:9:20  31      16    15    3.22    ---   -1    
4.45    8.15___18:9:42  32      16    16    3.26    +++   0     
5.82    8.15___18:10:7  33      16    17    3.34    +++   1     
5.61    8.15___18:10:30 34      16    18    3.4     +++   2     
22.71   8.15___18:11:10 35      16    19    3.95    +++   3     
8.13    8.15___18:11:38 36      16    20    4.07    +++   4     
1.68    8.15___18:11:54 37      17    20    4.01    ---   3     
1.16    8.15___18:12:7  38      18    20    3.93    ---   2     
1.18    8.15___18:12:20 39      19    20    3.86    ---   1     
5.43    8.15___18:12:44 40      19    21    3.9     +++   2     
3.19    8.15___18:13:4  41      19    22    3.88    +++   3     
2       8.15___18:13:21 42      19    23    3.84    +++   4     
2.99    8.15___18:13:40 43      19    24    3.82    +++   5     
4.16    8.15___18:14:2  44      19    25    3.82    +++   6     
11.89   8.15___18:14:33 45      19    26    4       +++   7     
2.72    8.15___18:14:52 46      19    27    3.98    +++   8     
1.61    8.15___18:15:8  47      20    27    3.93    ---   7     
10.84   8.15___18:15:38 48      20    28    4.07    +++   8     
4.34    8.15___18:16:0  49      20    29    4.07    +++   9     
8.72    8.15___18:16:28 50      20    30    4.17    +++   10    
4.75    8.15___18:16:51 51      20    31    4.18    +++   11    
3.88    8.15___18:17:12 52      20    32    4.17    +++   12    
1.15    8.15___18:17:25 53      21    32    4.12    ---   11    
3.71    8.15___18:17:46 54      21    33    4.11    +++   12    
1.47    8.15___18:18:1  55      22    33    4.06    ---   11    
2.51    8.15___18:18:20 56      22    34    4.03    +++   12    
3.09    8.15___18:18:39 57      22    35    4.02    +++   13    
1.37    8.15___18:18:54 58      23    35    3.97    ---   12    
1.74    8.15___18:19:10 59      24    35    3.93    ---   11    
1.45    8.15___18:19:25 60      25    35    3.89    ---   10    
20.61   8.15___18:20:3  61      25    36    4.16    +++   11    
1.51    8.15___18:20:19 62      26    36    4.12    ---   10    
2.28    8.15___18:20:36 63      26    37    4.09    +++   11    
1.48    8.15___18:20:51 64      27    37    4.05    ---   10    
3.44    8.15___18:21:12 65      27    38    4.04    +++   11    
1.42    8.15___18:21:26 66      28    38    4       ---   10    
1.49    8.15___18:21:41 67      29    38    3.96    ---   9     
1.28    8.15___18:21:55 68      30    38    3.93    ---   8     
1.05    8.15___18:22:7  69      31    38    3.88    ---   7     
1.23    8.15___18:22:21 70      32    38    3.85    ---   6     
6.72    8.15___18:22:47 71      32    39    3.89    +++   7     
2.45    8.15___18:23:5  72      32    40    3.87    +++   8     
1.6     8.15___18:23:20 73      33    40    3.83    ---   7     
3.18    8.15___18:23:40 74      33    41    3.83    +++   8     
1.11    8.15___18:23:53 75      34    41    3.79    ---   7     
1.96    8.15___18:24:9  76      35    41    3.77    ---   6     
2.46    8.15___18:24:28 77      35    42    3.75    +++   7     
2.08    8.15___18:24:45 78      35    43    3.73    +++   8     
1.41    8.15___18:25:0  79      36    43    3.7     ---   7     
2.87    8.15___18:25:19 80      36    44    3.69    +++   8     
4.39    8.15___18:25:41 81      36    45    3.7     +++   9     
2.8     8.15___18:26:0  82      36    46    3.68    +++   10    
1.26    8.15___18:26:14 83      37    46    3.66    ---   9     
12.19   8.15___18:26:45 84      37    47    3.76    +++   10    
23.07   8.15___18:27:26 85      37    48    3.98    +++   11    
1.33    8.15___18:27:40 86      38    48    3.95    ---   10    
2.32    8.15___18:27:58 87      38    49    3.93    +++   11    
1.09    8.15___18:28:10 88      39    49    3.9     ---   10    
23.68   8.15___18:28:51 89      39    50    4.12    +++   11    
1.33    8.15___18:29:5  90      40    50    4.09    ---   10    
2.48    8.15___18:29:23 91      40    51    4.08    +++   11    
1.85    8.15___18:29:40 92      41    51    4.05    ---   10    
1.92    8.15___18:29:56 93      42    51    4.03    ---   9     
2.3     8.15___18:30:15 94      42    52    4.01    +++   10    
7.57    8.15___18:30:41 95      42    53    4.05    +++   11    
1.07    8.15___18:30:53 96      43    53    4.02    ---   10    
2.88    8.15___18:31:13 97      43    54    4       +++   11    
1.64    8.15___18:31:28 98      44    54    3.98    ---   10    
1.21    8.15___18:31:42 99      45    54    3.95    ---   9     
1.94    8.15___18:31:58 100     46    54    3.93    ---   8     
3.39    8.15___18:32:19 101     46    55    3.93    +++   9     
2.1     8.15___18:32:36 102     46    56    3.91    +++   10    
2.18    8.15___18:32:53 103     46    57    3.89    +++   11    
1.1     8.15___18:33:6  104     47    57    3.86    ---   10    
6.52    8.15___18:33:31 105     47    58    3.89    +++   11    
2.48    8.15___18:33:50 106     47    59    3.88    +++   12    
1.98    8.15___18:34:6  107     48    59    3.86    ---   11    
1.12    8.15___18:34:19 108     49    59    3.83    ---   10    
1.4     8.15___18:34:34 109     50    59    3.81    ---   9     
1.34    8.15___18:34:48 110     51    59    3.79    ---   8     
3.13    8.15___18:35:8  111     51    60    3.78    +++   9     
5.54    8.15___18:35:32 112     51    61    3.8     +++   10    
3.01    8.15___18:35:51 113     51    62    3.79    +++   11    
1.21    8.15___18:36:5  114     52    62    3.77    ---   10    
2.61    8.15___18:36:23 115     52    63    3.76    +++   11    
1.06    8.15___18:36:36 116     53    63    3.74    ---   10    
4.65    8.15___18:36:58 117     53    64    3.74    +++   11    
3.11    8.15___18:37:18 118     53    65    3.74    +++   12    
1.52    8.15___18:37:34 119     54    65    3.72    ---   11    
9.75    8.15___18:38:3  120     54    66    3.77    +++   12    
2.01    8.15___18:38:20 121     54    67    3.75    +++   13    
1.65    8.15___18:38:36 122     55    67    3.74    ---   12    
1.14    8.15___18:38:49 123     56    67    3.72    ---   11    
3.34    8.15___18:39:9  124     56    68    3.71    +++   12    
1.74    8.15___18:39:25 125     57    68    3.7     ---   11    
34.57   8.15___18:40:12 126     57    69    3.94    +++   12    
1.43    8.15___18:40:27 127     58    69    3.92    ---   11    
1.05    8.15___18:40:39 128     59    69    3.9     ---   10    
2.65    8.15___18:40:58 129     59    70    3.89    +++   11    
1.59    8.15___18:41:13 130     60    70    3.87    ---   10    
1.11    8.15___18:41:26 131     61    70    3.85    ---   9     
1.88    8.15___18:41:42 132     62    70    3.84    ---   8     
1.12    8.15___18:41:55 133     63    70    3.82    ---   7     
10.39   8.15___18:42:25 134     63    71    3.86    +++   8     
1.39    8.15___18:42:39 135     64    71    3.85    ---   7     
1.91    8.15___18:42:56 136     65    71    3.83    ---   6     
4.49    8.15___18:43:18 137     65    72    3.84    +++   7     
1.35    8.15___18:43:33 138     66    72    3.82    ---   6     
3.51    8.15___18:43:53 139     66    73    3.82    +++   7     
1.75    8.15___18:44:9  140     67    73    3.8     ---   6     
17.25   8.15___18:44:45 141     67    74    3.9     +++   7     
2.45    8.15___18:45:4  142     67    75    3.89    +++   8     
1.33    8.15___18:45:18 143     68    75    3.87    ---   7     
1.72    8.15___18:45:34 144     69    75    3.85    ---   6     
13.71   8.15___18:46:7  145     69    76    3.92    +++   7     
1.53    8.15___18:46:22 146     70    76    3.91    ---   6     
3.12    8.15___18:46:42 147     70    77    3.9     +++   7     
2.19    8.15___18:46:59 148     70    78    3.89    +++   8     
2.1     8.15___18:47:16 149     70    79    3.88    +++   9     
3.3     8.15___18:47:37 150     70    80    3.87    +++   10    
1.98    8.15___18:47:53 151     71    80    3.86    ---   9     
1.29    8.15___18:48:7  152     72    80    3.84    ---   8     
32.7    8.15___18:48:54 153     72    81    4.03    +++   9     
1.37    8.15___18:49:8  154     73    81    4.01    ---   8     
1.18    8.15___18:49:21 155     74    81    4       ---   7     
16.8    8.15___18:49:57 156     74    82    4.08    +++   8     
2.74    8.15___18:50:16 157     74    83    4.07    +++   9     
11.41   8.15___18:50:47 158     74    84    4.12    +++   10    
1.09    8.15___18:50:59 159     75    84    4.1     ---   9     
3.89    8.15___18:51:21 160     75    85    4.1     +++   10    
2.44    8.15___18:51:39 161     75    86    4.09    +++   11    
1.18    8.15___18:51:52 162     76    86    4.07    ---   10    
24.53   8.15___18:52:33 163     76    87    4.19    +++   11    
18      8.15___18:53:10 164     76    88    4.28    +++   12    
1.39    8.15___18:53:24 165     77    88    4.26    ---   11    
8.89    8.15___18:53:53 166     77    89    4.29    +++   12    
4.61    8.15___18:54:15 167     77    90    4.29    +++   13    
1.26    8.15___18:54:29 168     78    90    4.27    ---   12    
1.03    8.15___18:54:41 169     79    90    4.25    ---   11    
1.19    8.15___18:54:54 170     80    90    4.23    ---   10    
2.62    8.15___18:55:13 171     80    91    4.22    +++   11    
1.42    8.15___18:55:27 172     81    91    4.21    ---   10    
2.39    8.15___18:55:45 173     81    92    4.2     +++   11    
1.01    8.15___18:55:57 174     82    92    4.18    ---   10    
13.52   8.15___18:56:30 175     82    93    4.23    +++   11    
8.57    8.15___18:56:57 176     82    94    4.26    +++   12    
7.83    8.15___18:57:25 177     82    95    4.28    +++   13    
1.41    8.15___18:57:39 178     83    95    4.26    ---   12    
1.52    8.15___18:57:54 179     84    95    4.25    ---   11    
1.17    8.15___18:58:8  180     85    95    4.23    ---   10    
2.45    8.15___18:58:26 181     85    96    4.22    +++   11    
1.51    8.15___18:58:41 182     86    96    4.2     ---   10    
22.07   8.15___18:59:20 183     86    97    4.3     +++   11    
7.45    8.15___18:59:47 184     86    98    4.32    +++   12    
