1.79    8.15___12:0:13  1       1     0     1.79    ---   -1    
4.06    8.15___12:0:35  2       1     1     2.92    +++   0     
2.18    8.15___12:0:52  3       1     2     2.67    +++   1     
1.42    8.15___12:1:7   4       2     2     2.36    ---   0     
3.14    8.15___12:1:27  5       2     3     2.51    +++   1     
15.23   8.15___12:2:1   6       2     4     4.63    +++   2     
1.9     8.15___12:2:18  7       3     4     4.24    ---   1     
1.03    8.15___12:2:29  8       4     4     3.84    ---   0     
1       8.15___12:2:40  9       5     4     3.52    ---   -1    
8.72    8.15___12:3:8   10      5     5     4.04    +++   0     
1.29    8.15___12:3:22  11      6     5     3.79    ---   -1    
8.01    8.15___12:3:49  12      6     6     4.14    +++   0     
5.84    8.15___12:4:14  13      6     7     4.27    +++   1     
4.68    8.15___12:4:36  14      6     8     4.3     +++   2     
12.13   8.15___12:5:8   15      6     9     4.82    +++   3     
9.55    8.15___12:5:37  16      6     10    5.12    +++   4     
1.92    8.15___12:5:54  17      7     10    4.93    ---   3     
1.03    8.15___12:6:5   18      8     10    4.71    ---   2     
1.49    8.15___12:6:20  19      9     10    4.54    ---   1     
1.35    8.15___12:6:35  20      10    10    4.38    ---   0     
8.68    8.15___12:7:3   21      10    11    4.59    +++   1     
9.96    8.15___12:7:32  22      10    12    4.83    +++   2     
4.93    8.15___12:7:55  23      10    13    4.84    +++   3     
1.25    8.15___12:8:9   24      11    13    4.69    ---   2     
1.71    8.15___12:8:25  25      12    13    4.57    ---   1     
2.6     8.15___12:8:43  26      12    14    4.49    +++   2     
11.95   8.15___12:9:15  27      12    15    4.77    +++   3     
1.84    8.15___12:9:31  28      13    15    4.66    ---   2     
14.1    8.15___12:10:4  29      13    16    4.99    +++   3     
1.34    8.15___12:10:19 30      14    16    4.87    ---   2     
2.35    8.15___12:10:37 31      14    17    4.78    +++   3     
3.08    8.15___12:10:56 32      14    18    4.73    +++   4     
1.32    8.15___12:11:10 33      15    18    4.63    ---   3     
1.35    8.15___12:11:25 34      16    18    4.53    ---   2     
20.03   8.15___12:12:3  35      16    19    4.97    +++   3     
3.46    8.15___12:12:23 36      16    20    4.93    +++   4     
11.27   8.15___12:12:54 37      16    21    5.1     +++   5     
15.12   8.15___12:13:28 38      16    22    5.37    +++   6     
2.42    8.15___12:13:47 39      16    23    5.29    +++   7     
1.41    8.15___12:14:1  40      17    23    5.19    ---   6     
7.17    8.15___12:14:27 41      17    24    5.24    +++   7     
2.91    8.15___12:14:47 42      17    25    5.19    +++   8     
2.21    8.15___12:15:4  43      17    26    5.12    +++   9     
1.49    8.15___12:15:19 44      18    26    5.03    ---   8     
2.12    8.15___12:15:36 45      18    27    4.97    +++   9     
3.14    8.15___12:15:56 46      18    28    4.93    +++   10    
1.09    8.15___12:16:9  47      19    28    4.85    ---   9     
23.27   8.15___12:16:49 48      19    29    5.23    +++   10    
1.49    8.15___12:17:4  49      20    29    5.15    ---   9     
1.13    8.15___12:17:17 50      21    29    5.07    ---   8     
2.95    8.15___12:17:36 51      21    30    5.03    +++   9     
1       8.15___12:17:47 52      22    30    4.95    ---   8     
2.83    8.15___12:18:6  53      22    31    4.91    +++   9     
1.78    8.15___12:18:22 54      23    31    4.86    ---   8     
5.34    8.15___12:18:46 55      23    32    4.86    +++   9     
4.31    8.15___12:19:8  56      23    33    4.85    +++   10    
1.36    8.15___12:19:22 57      24    33    4.79    ---   9     
1       8.15___12:19:33 58      25    33    4.73    ---   8     
1.14    8.15___12:19:46 59      26    33    4.67    ---   7     
1.09    8.15___12:19:58 60      27    33    4.61    ---   6     
4.64    8.15___12:20:21 61      27    34    4.61    +++   7     
1.99    8.15___12:20:38 62      28    34    4.57    ---   6     
1.97    8.15___12:20:54 63      29    34    4.52    ---   5     
8.36    8.15___12:21:22 64      29    35    4.58    +++   6     
9.43    8.15___12:21:51 65      29    36    4.66    +++   7     
9.06    8.15___12:22:19 66      29    37    4.73    +++   8     
1.77    8.15___12:22:36 67      30    37    4.68    ---   7     
15.51   8.15___12:23:10 68      30    38    4.84    +++   8     
1.34    8.15___12:23:24 69      31    38    4.79    ---   7     
1.05    8.15___12:23:36 70      32    38    4.74    ---   6     
3.71    8.15___12:23:57 71      32    39    4.72    +++   7     
1.33    8.15___12:24:12 72      33    39    4.67    ---   6     
27.47   8.15___12:24:55 73      33    40    4.99    +++   7     
1.03    8.15___12:25:6  74      34    40    4.93    ---   6     
1.2     8.15___12:25:20 75      35    40    4.88    ---   5     
1.93    8.15___12:25:36 76      36    40    4.84    ---   4     
2.37    8.15___12:25:54 77      36    41    4.81    +++   5     
2.5     8.15___12:26:13 78      36    42    4.78    +++   6     
1.59    8.15___12:26:28 79      37    42    4.74    ---   5     
8.08    8.15___12:26:55 80      37    43    4.78    +++   6     
1.38    8.15___12:27:10 81      38    43    4.74    ---   5     
10.32   8.15___12:27:40 82      38    44    4.81    +++   6     
1.01    8.15___12:27:51 83      39    44    4.76    ---   5     
1.05    8.15___12:28:3  84      40    44    4.72    ---   4     
2.1     8.15___12:28:20 85      40    45    4.69    +++   5     
1.69    8.15___12:28:36 86      41    45    4.65    ---   4     
1.01    8.15___12:28:47 87      42    45    4.61    ---   3     
1       8.15___12:28:58 88      43    45    4.57    ---   2     
23.97   8.15___12:29:38 89      43    46    4.79    +++   3     
4.29    8.15___12:30:1  90      43    47    4.78    +++   4     
2.68    8.15___12:30:19 91      43    48    4.76    +++   5     
1.62    8.15___12:30:35 92      44    48    4.73    ---   4     
1.01    8.15___12:30:46 93      45    48    4.69    ---   3     
2.87    8.15___12:31:5  94      45    49    4.67    +++   4     
2.59    8.15___12:31:24 95      45    50    4.64    +++   5     
6.78    8.15___12:31:49 96      45    51    4.67    +++   6     
1.66    8.15___12:32:5  97      46    51    4.64    ---   5     
1.21    8.15___12:32:19 98      47    51    4.6     ---   4     
1.99    8.15___12:32:35 99      48    51    4.57    ---   3     
2.01    8.15___12:32:52 100     48    52    4.55    +++   4     
1.2     8.15___12:33:6  101     49    52    4.51    ---   3     
4.15    8.15___12:33:28 102     49    53    4.51    +++   4     
3.57    8.15___12:33:48 103     49    54    4.5     +++   5     
1       8.15___12:33:59 104     50    54    4.47    ---   4     
14.26   8.15___12:34:32 105     50    55    4.56    +++   5     
25.14   8.15___12:35:14 106     50    56    4.76    +++   6     
1.71    8.15___12:35:30 107     51    56    4.73    ---   5     
1.98    8.15___12:35:47 108     52    56    4.7     ---   4     
2.34    8.15___12:36:5  109     52    57    4.68    +++   5     
3.72    8.15___12:36:26 110     52    58    4.67    +++   6     
1       8.15___12:36:36 111     53    58    4.64    ---   5     
4.24    8.15___12:36:58 112     53    59    4.63    +++   6     
1.05    8.15___12:37:10 113     54    59    4.6     ---   5     
1.32    8.15___12:37:24 114     55    59    4.57    ---   4     
1.49    8.15___12:37:39 115     56    59    4.55    ---   3     
1.96    8.15___12:37:56 116     57    59    4.52    ---   2     
13.5    8.15___12:38:29 117     57    60    4.6     +++   3     
5.66    8.15___12:38:53 118     57    61    4.61    +++   4     
1.18    8.15___12:39:6  119     58    61    4.58    ---   3     
2.91    8.15___12:39:25 120     58    62    4.57    +++   4     
1.2     8.15___12:39:39 121     59    62    4.54    ---   3     
1.36    8.15___12:39:53 122     60    62    4.51    ---   2     
1.16    8.15___12:40:6  123     61    62    4.49    ---   1     
1.1     8.15___12:40:19 124     62    62    4.46    ---   0     
11.3    8.15___12:40:50 125     62    63    4.51    +++   1     
1.3     8.15___12:41:4  126     63    63    4.49    ---   0     
2.79    8.15___12:41:23 127     63    64    4.47    +++   1     
2.86    8.15___12:41:42 128     63    65    4.46    +++   2     
3.12    8.15___12:42:2  129     63    66    4.45    +++   3     
2.24    8.15___12:42:19 130     63    67    4.43    +++   4     
1.19    8.15___12:42:33 131     64    67    4.41    ---   3     
8.62    8.15___12:43:1  132     64    68    4.44    +++   4     
1.07    8.15___12:43:13 133     65    68    4.42    ---   3     
1.21    8.15___12:43:26 134     66    68    4.39    ---   2     
2.34    8.15___12:43:44 135     66    69    4.38    +++   3     
1.06    8.15___12:43:56 136     67    69    4.35    ---   2     
1.17    8.15___12:44:9  137     68    69    4.33    ---   1     
8.68    8.15___12:44:38 138     68    70    4.36    +++   2     
4.09    8.15___12:44:59 139     68    71    4.36    +++   3     
1.96    8.15___12:45:16 140     69    71    4.34    ---   2     
1.89    8.15___12:45:32 141     70    71    4.32    ---   1     
1.44    8.15___12:45:47 142     71    71    4.3     ---   0     
3.03    8.15___12:46:7  143     71    72    4.29    +++   1     
7.23    8.15___12:46:33 144     71    73    4.32    +++   2     
7.1     8.15___12:46:59 145     71    74    4.33    +++   3     
1.12    8.15___12:47:12 146     72    74    4.31    ---   2     
1.41    8.15___12:47:27 147     73    74    4.29    ---   1     
6.2     8.15___12:47:52 148     73    75    4.31    +++   2     
2.85    8.15___12:48:11 149     73    76    4.3     +++   3     
5.6     8.15___12:48:35 150     73    77    4.3     +++   4     
2.6     8.15___12:48:53 151     73    78    4.29    +++   5     
1.42    8.15___12:49:8  152     74    78    4.27    ---   4     
2.1     8.15___12:49:25 153     74    79    4.26    +++   5     
7.04    8.15___12:49:51 154     74    80    4.28    +++   6     
1.52    8.15___12:50:6  155     75    80    4.26    ---   5     
1.02    8.15___12:50:18 156     76    80    4.24    ---   4     
3.6     8.15___12:50:39 157     76    81    4.24    +++   5     
2.51    8.15___12:50:57 158     76    82    4.22    +++   6     
29.38   8.15___12:51:41 159     76    83    4.38    +++   7     
6.21    8.15___12:52:6  160     76    84    4.39    +++   8     
2.11    8.15___12:52:23 161     76    85    4.38    +++   9     
1.76    8.15___12:52:39 162     77    85    4.36    ---   8     
4.31    8.15___12:53:1  163     77    86    4.36    +++   9     
2.51    8.15___12:53:20 164     77    87    4.35    +++   10    
1.63    8.15___12:53:35 165     78    87    4.34    ---   9     
1.2     8.15___12:53:49 166     79    87    4.32    ---   8     
25.79   8.15___12:54:31 167     79    88    4.44    +++   9     
1.75    8.15___12:54:47 168     80    88    4.43    ---   8     
20.54   8.15___12:55:25 169     80    89    4.52    +++   9     
2.55    8.15___12:55:44 170     80    90    4.51    +++   10    
2.31    8.15___12:56:1  171     80    91    4.5     +++   11    
2.01    8.15___12:56:18 172     80    92    4.48    +++   12    
1.58    8.15___12:56:34 173     81    92    4.47    ---   11    
5.66    8.15___12:56:58 174     81    93    4.47    +++   12    
2.97    8.15___12:57:17 175     81    94    4.47    +++   13    
4.32    8.15___12:57:39 176     81    95    4.47    +++   14    
1.76    8.15___12:57:56 177     82    95    4.45    ---   13    
1.35    8.15___12:58:10 178     83    95    4.43    ---   12    
1.18    8.15___12:58:23 179     84    95    4.41    ---   11    
1.61    8.15___12:58:39 180     85    95    4.4     ---   10    
26.52   8.15___12:59:21 181     85    96    4.52    +++   11    
2.94    8.15___12:59:40 182     85    97    4.51    +++   12    
