2.34    8.15___19:0:5   1       0     1     2.34    +++   1     
5.34    8.15___19:0:29  2       0     2     3.84    +++   2     
1.02    8.15___19:0:40  3       1     2     2.9     ---   1     
10.26   8.15___19:1:10  4       1     3     4.74    +++   2     
2.39    8.15___19:1:28  5       1     4     4.27    +++   3     
1       8.15___19:1:39  6       2     4     3.72    ---   2     
6.39    8.15___19:2:4   7       2     5     4.1     +++   3     
1.48    8.15___19:2:19  8       3     5     3.77    ---   2     
1.74    8.15___19:2:35  9       4     5     3.55    ---   1     
1.02    8.15___19:2:46  10      5     5     3.29    ---   0     
3       8.15___19:3:6   11      5     6     3.27    +++   1     
6.53    8.15___19:3:31  12      5     7     3.54    +++   2     
3.75    8.15___19:3:52  13      5     8     3.55    +++   3     
1.05    8.15___19:4:4   14      6     8     3.37    ---   2     
2.02    8.15___19:4:21  15      6     9     3.28    +++   3     
4.22    8.15___19:4:43  16      6     10    3.34    +++   4     
1.15    8.15___19:4:56  17      7     10    3.21    ---   3     
4.4     8.15___19:5:18  18      7     11    3.28    +++   4     
2.98    8.15___19:5:38  19      7     12    3.26    +++   5     
2.23    8.15___19:5:55  20      7     13    3.21    +++   6     
1.18    8.15___19:6:9   21      8     13    3.11    ---   5     
27.83   8.15___19:6:52  22      8     14    4.24    +++   6     
3.83    8.15___19:7:13  23      8     15    4.22    +++   7     
1.18    8.15___19:7:26  24      9     15    4.09    ---   6     
1.98    8.15___19:7:43  25      10    15    4.01    ---   5     
3.78    8.15___19:8:4   26      10    16    4       +++   6     
6.36    8.15___19:8:30  27      10    17    4.09    +++   7     
1.66    8.15___19:8:45  28      11    17    4       ---   6     
7.98    8.15___19:9:13  29      11    18    4.14    +++   7     
7.46    8.15___19:9:39  30      11    19    4.25    +++   8     
1.68    8.15___19:9:55  31      12    19    4.16    ---   7     
1       8.15___19:10:6  32      13    19    4.06    ---   6     
1.12    8.15___19:10:18 33      14    19    3.98    ---   5     
1.77    8.15___19:10:34 34      15    19    3.91    ---   4     
1.52    8.15___19:10:50 35      16    19    3.84    ---   3     
2.07    8.15___19:11:7  36      16    20    3.79    +++   4     
1       8.15___19:11:17 37      17    20    3.72    ---   3     
1.03    8.15___19:11:29 38      18    20    3.65    ---   2     
1.53    8.15___19:11:44 39      19    20    3.59    ---   1     
1.68    8.15___19:12:0  40      20    20    3.54    ---   0     
1.12    8.15___19:12:13 41      21    20    3.48    ---   -1    
1.41    8.15___19:12:27 42      22    20    3.44    ---   -2    
1.31    8.15___19:12:42 43      23    20    3.39    ---   -3    
1.92    8.15___19:12:58 44      24    20    3.35    ---   -4    
1.09    8.15___19:13:11 45      25    20    3.3     ---   -5    
1       8.15___19:13:21 46      26    20    3.25    ---   -6    
1.75    8.15___19:13:37 47      27    20    3.22    ---   -7    
1.23    8.15___19:13:51 48      28    20    3.18    ---   -8    
1.71    8.15___19:14:7  49      29    20    3.15    ---   -9    
3.61    8.15___19:14:28 50      29    21    3.16    +++   -8    
13.02   8.15___19:15:0  51      29    22    3.35    +++   -7    
2.3     8.15___19:15:18 52      29    23    3.33    +++   -6    
6.81    8.15___19:15:44 53      29    24    3.4     +++   -5    
1.25    8.15___19:15:57 54      30    24    3.36    ---   -6    
1.02    8.15___19:16:9  55      31    24    3.31    ---   -7    
8.81    8.15___19:16:37 56      31    25    3.41    +++   -6    
1.74    8.15___19:16:53 57      32    25    3.38    ---   -7    
1.46    8.15___19:17:8  58      33    25    3.35    ---   -8    
2.82    8.15___19:17:27 59      33    26    3.34    +++   -7    
1.83    8.15___19:17:43 60      34    26    3.31    ---   -8    
2.11    8.15___19:18:1  61      34    27    3.29    +++   -7    
15.68   8.15___19:18:35 62      34    28    3.49    +++   -6    
2.73    8.15___19:18:54 63      34    29    3.48    +++   -5    
1.07    8.15___19:19:6  64      35    29    3.44    ---   -6    
1.69    8.15___19:19:22 65      36    29    3.42    ---   -7    
1.38    8.15___19:19:37 66      37    29    3.39    ---   -8    
1.32    8.15___19:19:51 67      38    29    3.36    ---   -9    
1       8.15___19:20:2  68      39    29    3.32    ---   -10   
2.19    8.15___19:20:19 69      39    30    3.3     +++   -9    
1.16    8.15___19:20:32 70      40    30    3.27    ---   -10   
1.94    8.15___19:20:49 71      41    30    3.25    ---   -11   
1.75    8.15___19:21:5  72      42    30    3.23    ---   -12   
1.13    8.15___19:21:18 73      43    30    3.2     ---   -13   
1.06    8.15___19:21:30 74      44    30    3.18    ---   -14   
3.37    8.15___19:21:50 75      44    31    3.18    +++   -13   
1.01    8.15___19:22:1  76      45    31    3.15    ---   -14   
1.49    8.15___19:22:16 77      46    31    3.13    ---   -15   
4.37    8.15___19:22:39 78      46    32    3.14    +++   -14   
1.84    8.15___19:22:55 79      47    32    3.13    ---   -15   
6.23    8.15___19:23:20 80      47    33    3.17    +++   -14   
5.72    8.15___19:23:44 81      47    34    3.2     +++   -13   
5.06    8.15___19:24:7  82      47    35    3.22    +++   -12   
1.39    8.15___19:24:22 83      48    35    3.2     ---   -13   
2.46    8.15___19:24:40 84      48    36    3.19    +++   -12   
2.15    8.15___19:24:58 85      48    37    3.18    +++   -11   
1.47    8.15___19:25:12 86      49    37    3.16    ---   -12   
1       8.15___19:25:23 87      50    37    3.13    ---   -13   
6.81    8.15___19:25:49 88      50    38    3.17    +++   -12   
1.05    8.15___19:26:1  89      51    38    3.15    ---   -13   
3.99    8.15___19:26:22 90      51    39    3.16    +++   -12   
1.24    8.15___19:26:36 91      52    39    3.14    ---   -13   
3.11    8.15___19:26:56 92      52    40    3.14    +++   -12   
5.21    8.15___19:27:19 93      52    41    3.16    +++   -11   
15.99   8.15___19:27:54 94      52    42    3.3     +++   -10   
4.38    8.15___19:28:16 95      52    43    3.31    +++   -9    
3.4     8.15___19:28:37 96      52    44    3.31    +++   -8    
12.52   8.15___19:29:9  97      52    45    3.4     +++   -7    
1.17    8.15___19:29:22 98      53    45    3.38    ---   -8    
2.96    8.15___19:29:41 99      53    46    3.38    +++   -7    
9.55    8.15___19:30:10 100     53    47    3.44    +++   -6    
1.94    8.15___19:30:27 101     54    47    3.42    ---   -7    
1.52    8.15___19:30:42 102     55    47    3.4     ---   -8    
5.78    8.15___19:31:7  103     55    48    3.43    +++   -7    
6.79    8.15___19:31:32 104     55    49    3.46    +++   -6    
2.83    8.15___19:31:52 105     55    50    3.45    +++   -5    
1.03    8.15___19:32:3  106     56    50    3.43    ---   -6    
1.11    8.15___19:32:16 107     57    50    3.41    ---   -7    
14.39   8.15___19:32:50 108     57    51    3.51    +++   -6    
3.29    8.15___19:33:10 109     57    52    3.51    +++   -5    
1.33    8.15___19:33:24 110     58    52    3.49    ---   -6    
2.08    8.15___19:33:41 111     58    53    3.48    +++   -5    
3.42    8.15___19:34:1  112     58    54    3.48    +++   -4    
2.71    8.15___19:34:20 113     58    55    3.47    +++   -3    
3.15    8.15___19:34:40 114     58    56    3.47    +++   -2    
3.62    8.15___19:35:1  115     58    57    3.47    +++   -1    
1.29    8.15___19:35:15 116     59    57    3.45    ---   -2    
1       8.15___19:35:26 117     60    57    3.43    ---   -3    
1       8.15___19:35:36 118     61    57    3.41    ---   -4    
26.65   8.15___19:36:19 119     61    58    3.6     +++   -3    
1.38    8.15___19:36:33 120     62    58    3.58    ---   -4    
2.5     8.15___19:36:52 121     62    59    3.57    +++   -3    
2.95    8.15___19:37:11 122     62    60    3.57    +++   -2    
1.18    8.15___19:37:24 123     63    60    3.55    ---   -3    
3.56    8.15___19:37:45 124     63    61    3.55    +++   -2    
1.82    8.15___19:38:1  125     64    61    3.54    ---   -3    
4.3     8.15___19:38:23 126     64    62    3.54    +++   -2    
5.09    8.15___19:38:47 127     64    63    3.55    +++   -1    
1.21    8.15___19:39:0  128     65    63    3.54    ---   -2    
3.14    8.15___19:39:20 129     65    64    3.53    +++   -1    
1.36    8.15___19:39:34 130     66    64    3.52    ---   -2    
2.37    8.15___19:39:52 131     66    65    3.51    +++   -1    
1.39    8.15___19:40:7  132     67    65    3.49    ---   -2    
1.24    8.15___19:40:21 133     68    65    3.47    ---   -3    
1.16    8.15___19:40:34 134     69    65    3.46    ---   -4    
3.14    8.15___19:40:53 135     69    66    3.45    +++   -3    
1.62    8.15___19:41:9  136     70    66    3.44    ---   -4    
1.04    8.15___19:41:21 137     71    66    3.42    ---   -5    
12.23   8.15___19:41:53 138     71    67    3.49    +++   -4    
1.51    8.15___19:42:8  139     72    67    3.47    ---   -5    
1.52    8.15___19:42:23 140     73    67    3.46    ---   -6    
2.19    8.15___19:42:40 141     73    68    3.45    +++   -5    
1.07    8.15___19:42:53 142     74    68    3.43    ---   -6    
4.53    8.15___19:43:15 143     74    69    3.44    +++   -5    
1.17    8.15___19:43:28 144     75    69    3.42    ---   -6    
1.34    8.15___19:43:43 145     76    69    3.41    ---   -7    
1.3     8.15___19:43:57 146     77    69    3.4     ---   -8    
2.39    8.15___19:44:15 147     77    70    3.39    +++   -7    
1.23    8.15___19:44:28 148     78    70    3.37    ---   -8    
3.14    8.15___19:44:48 149     78    71    3.37    +++   -7    
9.11    8.15___19:45:17 150     78    72    3.41    +++   -6    
1.58    8.15___19:45:32 151     79    72    3.4     ---   -7    
4.43    8.15___19:45:54 152     79    73    3.41    +++   -6    
28.28   8.15___19:46:38 153     79    74    3.57    +++   -5    
3.97    8.15___19:46:59 154     79    75    3.57    +++   -4    
2.72    8.15___19:47:19 155     79    76    3.57    +++   -3    
9.33    8.15___19:47:47 156     79    77    3.6     +++   -2    
1.17    8.15___19:48:0  157     80    77    3.59    ---   -3    
2.87    8.15___19:48:19 158     80    78    3.58    +++   -2    
1.57    8.15___19:48:35 159     81    78    3.57    ---   -3    
1.03    8.15___19:48:46 160     82    78    3.55    ---   -4    
1.04    8.15___19:48:58 161     83    78    3.54    ---   -5    
1.46    8.15___19:49:13 162     84    78    3.53    ---   -6    
1.79    8.15___19:49:29 163     85    78    3.51    ---   -7    
1.12    8.15___19:49:42 164     86    78    3.5     ---   -8    
1.03    8.15___19:49:54 165     87    78    3.48    ---   -9    
31.89   8.15___19:50:39 166     87    79    3.66    +++   -8    
2.17    8.15___19:50:57 167     87    80    3.65    +++   -7    
1.4     8.15___19:51:11 168     88    80    3.63    ---   -8    
1.4     8.15___19:51:26 169     89    80    3.62    ---   -9    
2.27    8.15___19:51:44 170     89    81    3.61    +++   -8    
1.95    8.15___19:52:0  171     90    81    3.6     ---   -9    
1.83    8.15___19:52:17 172     91    81    3.59    ---   -10   
1.07    8.15___19:52:29 173     92    81    3.58    ---   -11   
1.5     8.15___19:52:44 174     93    81    3.57    ---   -12   
3.19    8.15___19:53:4  175     93    82    3.56    +++   -11   
1.6     8.15___19:53:20 176     94    82    3.55    ---   -12   
11.77   8.15___19:53:51 177     94    83    3.6     +++   -11   
3.48    8.15___19:54:11 178     94    84    3.6     +++   -10   
4.26    8.15___19:54:33 179     94    85    3.6     +++   -9    
25.3    8.15___19:55:15 180     94    86    3.72    +++   -8    
1.06    8.15___19:55:27 181     95    86    3.71    ---   -9    
2.15    8.15___19:55:45 182     95    87    3.7     +++   -8    
1.28    8.15___19:55:59 183     96    87    3.69    ---   -9    
1.38    8.15___19:56:13 184     97    87    3.67    ---   -10   
1.45    8.15___19:56:28 185     98    87    3.66    ---   -11   
1.98    8.15___19:56:45 186     99    87    3.65    ---   -12   
1.34    8.15___19:56:59 187     100   87    3.64    ---   -13   
1.47    8.15___19:57:14 188     101   87    3.63    ---   -14   
21.05   8.15___19:57:53 189     101   88    3.72    +++   -13   
1.07    8.15___19:58:5  190     102   88    3.71    ---   -14   
31.18   8.15___19:58:50 191     102   89    3.85    +++   -13   
1       8.15___19:59:1  192     103   89    3.84    ---   -14   
8.89    8.15___19:59:29 193     103   90    3.86    +++   -13   
1.33    8.15___19:59:43 194     104   90    3.85    ---   -14   
