4.3     8.15___15:0:14  1       0     1     4.3     +++   1     
1.02    8.15___15:0:25  2       1     1     2.66    ---   0     
5.5     8.15___15:0:49  3       1     2     3.6     +++   1     
1.68    8.15___15:1:5   4       2     2     3.12    ---   0     
1.04    8.15___15:1:17  5       3     2     2.7     ---   -1    
8.45    8.15___15:1:45  6       3     3     3.66    +++   0     
1.03    8.15___15:1:56  7       4     3     3.28    ---   -1    
1.4     8.15___15:2:11  8       5     3     3.05    ---   -2    
3.76    8.15___15:2:32  9       5     4     3.13    +++   -1    
2.82    8.15___15:2:51  10      5     5     3.1     +++   0     
27      8.15___15:3:34  11      5     6     5.27    +++   1     
10.54   8.15___15:4:4   12      5     7     5.71    +++   2     
1.01    8.15___15:4:15  13      6     7     5.35    ---   1     
1.28    8.15___15:4:29  14      7     7     5.05    ---   0     
1.02    8.15___15:4:40  15      8     7     4.79    ---   -1    
1.46    8.15___15:4:55  16      9     7     4.58    ---   -2    
1.01    8.15___15:5:6   17      10    7     4.37    ---   -3    
5.32    8.15___15:5:30  18      10    8     4.42    +++   -2    
24.11   8.15___15:6:11  19      10    9     5.46    +++   -1    
2.89    8.15___15:6:30  20      10    10    5.33    +++   0     
1.39    8.15___15:6:45  21      11    10    5.14    ---   -1    
1.32    8.15___15:6:59  22      12    10    4.97    ---   -2    
1.22    8.15___15:7:12  23      13    10    4.8     ---   -3    
1.17    8.15___15:7:25  24      14    10    4.65    ---   -4    
4.72    8.15___15:7:48  25      14    11    4.65    +++   -3    
1.01    8.15___15:7:59  26      15    11    4.51    ---   -4    
3.83    8.15___15:8:21  27      15    12    4.49    +++   -3    
3.29    8.15___15:8:41  28      15    13    4.44    +++   -2    
1.63    8.15___15:8:56  29      16    13    4.35    ---   -3    
1.07    8.15___15:9:8   30      17    13    4.24    ---   -4    
28.95   8.15___15:9:52  31      17    14    5.03    +++   -3    
1       8.15___15:10:3  32      18    14    4.91    ---   -4    
2.72    8.15___15:10:22 33      18    15    4.84    +++   -3    
1.72    8.15___15:10:38 34      19    15    4.75    ---   -4    
9.17    8.15___15:11:7  35      19    16    4.88    +++   -3    
1.57    8.15___15:11:22 36      20    16    4.78    ---   -4    
1.13    8.15___15:11:35 37      21    16    4.69    ---   -5    
2.22    8.15___15:11:52 38      21    17    4.62    +++   -4    
5.54    8.15___15:12:16 39      21    18    4.64    +++   -3    
8.66    8.15___15:12:44 40      21    19    4.74    +++   -2    
4.74    8.15___15:13:7  41      21    20    4.74    +++   -1    
1.54    8.15___15:13:22 42      22    20    4.67    ---   -2    
2.71    8.15___15:13:41 43      22    21    4.62    +++   -1    
1.1     8.15___15:13:54 44      23    21    4.54    ---   -2    
1       8.15___15:14:4  45      24    21    4.46    ---   -3    
1.53    8.15___15:14:19 46      25    21    4.4     ---   -4    
1.02    8.15___15:14:31 47      26    21    4.33    ---   -5    
2.02    8.15___15:14:48 48      26    22    4.28    +++   -4    
4.27    8.15___15:15:10 49      26    23    4.28    +++   -3    
4.38    8.15___15:15:32 50      26    24    4.28    +++   -2    
15.52   8.15___15:16:7  51      26    25    4.5     +++   -1    
1.18    8.15___15:16:20 52      27    25    4.44    ---   -2    
2.27    8.15___15:16:38 53      27    26    4.4     +++   -1    
23.94   8.15___15:17:18 54      27    27    4.76    +++   0     
2.1     8.15___15:17:36 55      27    28    4.71    +++   1     
1.18    8.15___15:17:49 56      28    28    4.65    ---   0     
4.35    8.15___15:18:11 57      28    29    4.64    +++   1     
1.2     8.15___15:18:24 58      29    29    4.58    ---   0     
4.91    8.15___15:18:47 59      29    30    4.59    +++   1     
1.57    8.15___15:19:3  60      30    30    4.54    ---   0     
1.07    8.15___15:19:15 61      31    30    4.48    ---   -1    
4.56    8.15___15:19:37 62      31    31    4.48    +++   0     
1.09    8.15___15:19:50 63      32    31    4.43    ---   -1    
18.54   8.15___15:20:27 64      32    32    4.65    +++   0     
5.55    8.15___15:20:51 65      32    33    4.66    +++   1     
1.98    8.15___15:21:8  66      33    33    4.62    ---   0     
1.87    8.15___15:21:24 67      34    33    4.58    ---   -1    
1.54    8.15___15:21:39 68      35    33    4.53    ---   -2    
28.93   8.15___15:22:23 69      35    34    4.89    +++   -1    
1.31    8.15___15:22:37 70      36    34    4.84    ---   -2    
1.08    8.15___15:22:50 71      37    34    4.78    ---   -3    
6.8     8.15___15:23:16 72      37    35    4.81    +++   -2    
1.52    8.15___15:23:31 73      38    35    4.77    ---   -3    
1.99    8.15___15:23:47 74      39    35    4.73    ---   -4    
1.01    8.15___15:23:59 75      40    35    4.68    ---   -5    
1.65    8.15___15:24:14 76      41    35    4.64    ---   -6    
3.92    8.15___15:24:36 77      41    36    4.63    +++   -5    
11.4    8.15___15:25:7  78      41    37    4.72    +++   -4    
16.04   8.15___15:25:42 79      41    38    4.86    +++   -3    
4.09    8.15___15:26:3  80      41    39    4.85    +++   -2    
1.83    8.15___15:26:20 81      42    39    4.81    ---   -3    
1.52    8.15___15:26:35 82      43    39    4.77    ---   -4    
1       8.15___15:26:45 83      44    39    4.73    ---   -5    
2.26    8.15___15:27:3  84      44    40    4.7     +++   -4    
1.98    8.15___15:27:20 85      45    40    4.67    ---   -5    
22.91   8.15___15:28:0  86      45    41    4.88    +++   -4    
1.17    8.15___15:28:13 87      46    41    4.84    ---   -5    
1.45    8.15___15:28:28 88      47    41    4.8     ---   -6    
28.12   8.15___15:29:11 89      47    42    5.06    +++   -5    
1.11    8.15___15:29:24 90      48    42    5.01    ---   -6    
1.75    8.15___15:29:40 91      49    42    4.98    ---   -7    
1.08    8.15___15:29:52 92      50    42    4.94    ---   -8    
4.54    8.15___15:30:15 93      50    43    4.93    +++   -7    
4.34    8.15___15:30:37 94      50    44    4.93    +++   -6    
1.81    8.15___15:30:53 95      51    44    4.89    ---   -7    
1.05    8.15___15:31:5  96      52    44    4.85    ---   -8    
1.86    8.15___15:31:22 97      53    44    4.82    ---   -9    
1.43    8.15___15:31:36 98      54    44    4.79    ---   -10   
1       8.15___15:31:47 99      55    44    4.75    ---   -11   
1.3     8.15___15:32:1  100     56    44    4.71    ---   -12   
1.05    8.15___15:32:13 101     57    44    4.68    ---   -13   
1.9     8.15___15:32:29 102     58    44    4.65    ---   -14   
14.9    8.15___15:33:3  103     58    45    4.75    +++   -13   
10.72   8.15___15:33:34 104     58    46    4.81    +++   -12   
1.05    8.15___15:33:46 105     59    46    4.77    ---   -13   
1.19    8.15___15:33:59 106     60    46    4.74    ---   -14   
4.01    8.15___15:34:21 107     60    47    4.73    +++   -13   
1.09    8.15___15:34:33 108     61    47    4.7     ---   -14   
1.02    8.15___15:34:44 109     62    47    4.66    ---   -15   
1.07    8.15___15:34:57 110     63    47    4.63    ---   -16   
1.61    8.15___15:35:12 111     64    47    4.6     ---   -17   
7.97    8.15___15:35:39 112     64    48    4.63    +++   -16   
30.38   8.15___15:36:24 113     64    49    4.86    +++   -15   
1.96    8.15___15:36:41 114     65    49    4.84    ---   -16   
1.5     8.15___15:36:56 115     66    49    4.81    ---   -17   
3.86    8.15___15:37:17 116     66    50    4.8     +++   -16   
1.43    8.15___15:37:32 117     67    50    4.77    ---   -17   
1.64    8.15___15:37:48 118     68    50    4.74    ---   -18   
1.82    8.15___15:38:4  119     69    50    4.72    ---   -19   
2.05    8.15___15:38:21 120     69    51    4.7     +++   -18   
1.77    8.15___15:38:37 121     70    51    4.67    ---   -19   
1.07    8.15___15:38:49 122     71    51    4.64    ---   -20   
1.12    8.15___15:39:2  123     72    51    4.61    ---   -21   
2.8     8.15___15:39:21 124     72    52    4.6     +++   -20   
1.22    8.15___15:39:35 125     73    52    4.57    ---   -21   
2.78    8.15___15:39:54 126     73    53    4.56    +++   -20   
1       8.15___15:40:4  127     74    53    4.53    ---   -21   
5.19    8.15___15:40:28 128     74    54    4.54    +++   -20   
1.81    8.15___15:40:44 129     75    54    4.51    ---   -21   
4.05    8.15___15:41:6  130     75    55    4.51    +++   -20   
9.3     8.15___15:41:34 131     75    56    4.55    +++   -19   
3.73    8.15___15:41:55 132     75    57    4.54    +++   -18   
1.25    8.15___15:42:9  133     76    57    4.52    ---   -19   
2.32    8.15___15:42:27 134     76    58    4.5     +++   -18   
1.37    8.15___15:42:42 135     77    58    4.48    ---   -19   
11.07   8.15___15:43:12 136     77    59    4.52    +++   -18   
7.05    8.15___15:43:38 137     77    60    4.54    +++   -17   
1.27    8.15___15:43:52 138     78    60    4.52    ---   -18   
1.85    8.15___15:44:8  139     79    60    4.5     ---   -19   
1.02    8.15___15:44:20 140     80    60    4.48    ---   -20   
24.43   8.15___15:45:1  141     80    61    4.62    +++   -19   
5.97    8.15___15:45:26 142     80    62    4.63    +++   -18   
2.4     8.15___15:45:44 143     80    63    4.61    +++   -17   
20.1    8.15___15:46:22 144     80    64    4.72    +++   -16   
1.09    8.15___15:46:35 145     81    64    4.69    ---   -17   
1.76    8.15___15:46:51 146     82    64    4.67    ---   -18   
1.85    8.15___15:47:7  147     83    64    4.65    ---   -19   
20.19   8.15___15:47:45 148     83    65    4.76    +++   -18   
8.14    8.15___15:48:13 149     83    66    4.78    +++   -17   
5.3     8.15___15:48:36 150     83    67    4.78    +++   -16   
1       8.15___15:48:47 151     84    67    4.76    ---   -17   
21.39   8.15___15:49:26 152     84    68    4.87    +++   -16   
2.94    8.15___15:49:45 153     84    69    4.86    +++   -15   
1.35    8.15___15:50:0  154     85    69    4.83    ---   -16   
1.01    8.15___15:50:11 155     86    69    4.81    ---   -17   
1.02    8.15___15:50:22 156     87    69    4.78    ---   -18   
4.42    8.15___15:50:45 157     87    70    4.78    +++   -17   
1.71    8.15___15:51:1  158     88    70    4.76    ---   -18   
1.31    8.15___15:51:15 159     89    70    4.74    ---   -19   
7.63    8.15___15:51:41 160     89    71    4.76    +++   -18   
3.28    8.15___15:52:2  161     89    72    4.75    +++   -17   
1.55    8.15___15:52:17 162     90    72    4.73    ---   -18   
1.31    8.15___15:52:31 163     91    72    4.71    ---   -19   
2.17    8.15___15:52:48 164     91    73    4.69    +++   -18   
2.34    8.15___15:53:6  165     91    74    4.68    +++   -17   
2.68    8.15___15:53:25 166     91    75    4.67    +++   -16   
15.76   8.15___15:54:0  167     91    76    4.73    +++   -15   
2.47    8.15___15:54:18 168     91    77    4.72    +++   -14   
2.2     8.15___15:54:36 169     91    78    4.7     +++   -13   
14.29   8.15___15:55:9  170     91    79    4.76    +++   -12   
1.35    8.15___15:55:23 171     92    79    4.74    ---   -13   
1.62    8.15___15:55:39 172     93    79    4.72    ---   -14   
1.49    8.15___15:55:54 173     94    79    4.7     ---   -15   
12      8.15___15:56:26 174     94    80    4.75    +++   -14   
19.38   8.15___15:57:3  175     94    81    4.83    +++   -13   
4.51    8.15___15:57:26 176     94    82    4.83    +++   -12   
1.31    8.15___15:57:40 177     95    82    4.81    ---   -13   
1.6     8.15___15:57:55 178     96    82    4.79    ---   -14   
1.08    8.15___15:58:7  179     97    82    4.77    ---   -15   
5.87    8.15___15:58:32 180     97    83    4.78    +++   -14   
4.96    8.15___15:58:55 181     97    84    4.78    +++   -13   
1.91    8.15___15:59:12 182     98    84    4.76    ---   -14   
1.27    8.15___15:59:26 183     99    84    4.74    ---   -15   
