2.16    8.15___14:0:7   1       0     1     2.16    +++   1     
1.8     8.15___14:0:24  2       1     1     1.98    ---   0     
5.98    8.15___14:0:48  3       1     2     3.31    +++   1     
1.31    8.15___14:1:2   4       2     2     2.81    ---   0     
1.43    8.15___14:1:17  5       3     2     2.53    ---   -1    
27.98   8.15___14:2:0   6       3     3     6.77    +++   0     
1.17    8.15___14:2:14  7       4     3     5.97    ---   -1    
1.42    8.15___14:2:28  8       5     3     5.4     ---   -2    
1.37    8.15___14:2:43  9       6     3     4.95    ---   -3    
1.87    8.15___14:2:59  10      7     3     4.64    ---   -4    
7.06    8.15___14:3:25  11      7     4     4.86    +++   -3    
1.28    8.15___14:3:39  12      8     4     4.56    ---   -4    
2.19    8.15___14:3:57  13      8     5     4.38    +++   -3    
1.98    8.15___14:4:13  14      9     5     4.21    ---   -4    
1.79    8.15___14:4:30  15      10    5     4.05    ---   -5    
1.57    8.15___14:4:45  16      11    5     3.89    ---   -6    
1       8.15___14:4:55  17      12    5     3.72    ---   -7    
31.67   8.15___14:5:41  18      12    6     5.27    +++   -6    
4.09    8.15___14:6:3   19      12    7     5.21    +++   -5    
1.42    8.15___14:6:17  20      13    7     5.02    ---   -6    
1.47    8.15___14:6:32  21      14    7     4.85    ---   -7    
1.07    8.15___14:6:44  22      15    7     4.68    ---   -8    
1.02    8.15___14:6:56  23      16    7     4.52    ---   -9    
1       8.15___14:7:6   24      17    7     4.37    ---   -10   
1.14    8.15___14:7:20  25      18    7     4.24    ---   -11   
1.73    8.15___14:7:35  26      19    7     4.15    ---   -12   
1.13    8.15___14:7:48  27      20    7     4.04    ---   -13   
2.15    8.15___14:8:6   28      20    8     3.97    +++   -12   
3.82    8.15___14:8:27  29      20    9     3.96    +++   -11   
1.3     8.15___14:8:41  30      21    9     3.87    ---   -12   
2.8     8.15___14:9:0   31      21    10    3.84    +++   -11   
1.18    8.15___14:9:13  32      22    10    3.76    ---   -12   
5.44    8.15___14:9:37  33      22    11    3.81    +++   -11   
1.95    8.15___14:9:54  34      23    11    3.75    ---   -12   
19.79   8.15___14:10:32 35      23    12    4.21    +++   -11   
2.93    8.15___14:10:51 36      23    13    4.17    +++   -10   
1.6     8.15___14:11:6  37      24    13    4.1     ---   -11   
1.3     8.15___14:11:20 38      25    13    4.03    ---   -12   
1.02    8.15___14:11:32 39      26    13    3.95    ---   -13   
1.81    8.15___14:11:48 40      27    13    3.9     ---   -14   
1.43    8.15___14:12:3  41      28    13    3.84    ---   -15   
1.01    8.15___14:12:14 42      29    13    3.77    ---   -16   
2.57    8.15___14:12:32 43      29    14    3.74    +++   -15   
2.12    8.15___14:12:50 44      29    15    3.71    +++   -14   
32.26   8.15___14:13:36 45      29    16    4.34    +++   -13   
33.61   8.15___14:14:22 46      29    17    4.98    +++   -12   
22.87   8.15___14:15:2  47      29    18    5.36    +++   -11   
1.75    8.15___14:15:18 48      30    18    5.28    ---   -12   
1.12    8.15___14:15:31 49      31    18    5.2     ---   -13   
21.25   8.15___14:16:10 50      31    19    5.52    +++   -12   
1.21    8.15___14:16:24 51      32    19    5.43    ---   -13   
1.85    8.15___14:16:40 52      33    19    5.37    ---   -14   
1.13    8.15___14:16:53 53      34    19    5.29    ---   -15   
1.02    8.15___14:17:4  54      35    19    5.21    ---   -16   
22.71   8.15___14:17:44 55      35    20    5.52    +++   -15   
2.99    8.15___14:18:4  56      35    21    5.48    +++   -14   
1.44    8.15___14:18:18 57      36    21    5.41    ---   -15   
1       8.15___14:18:29 58      37    21    5.33    ---   -16   
1.18    8.15___14:18:42 59      38    21    5.26    ---   -17   
2.81    8.15___14:19:1  60      38    22    5.22    +++   -16   
3.55    8.15___14:19:22 61      38    23    5.19    +++   -15   
1.16    8.15___14:19:35 62      39    23    5.13    ---   -16   
11.6    8.15___14:20:6  63      39    24    5.23    +++   -15   
1.3     8.15___14:20:20 64      40    24    5.17    ---   -16   
8.84    8.15___14:20:48 65      40    25    5.23    +++   -15   
1.16    8.15___14:21:1  66      41    25    5.16    ---   -16   
1.08    8.15___14:21:14 67      42    25    5.1     ---   -17   
12.21   8.15___14:21:46 68      42    26    5.21    +++   -16   
1.33    8.15___14:22:0  69      43    26    5.15    ---   -17   
3.42    8.15___14:22:20 70      43    27    5.13    +++   -16   
1.21    8.15___14:22:34 71      44    27    5.07    ---   -17   
4.13    8.15___14:22:55 72      44    28    5.06    +++   -16   
1.36    8.15___14:23:10 73      45    28    5.01    ---   -17   
1.27    8.15___14:23:24 74      46    28    4.96    ---   -18   
2.2     8.15___14:23:41 75      46    29    4.92    +++   -17   
2.46    8.15___14:23:59 76      46    30    4.89    +++   -16   
2.27    8.15___14:24:17 77      46    31    4.85    +++   -15   
2.09    8.15___14:24:34 78      46    32    4.82    +++   -14   
4.31    8.15___14:24:56 79      46    33    4.81    +++   -13   
1.27    8.15___14:25:10 80      47    33    4.77    ---   -14   
1.64    8.15___14:25:26 81      48    33    4.73    ---   -15   
12.15   8.15___14:25:57 82      48    34    4.82    +++   -14   
20.38   8.15___14:26:36 83      48    35    5.01    +++   -13   
1.14    8.15___14:26:49 84      49    35    4.96    ---   -14   
2.31    8.15___14:27:6  85      49    36    4.93    +++   -13   
1.32    8.15___14:27:20 86      50    36    4.89    ---   -14   
6.4     8.15___14:27:46 87      50    37    4.9     +++   -13   
1.01    8.15___14:27:57 88      51    37    4.86    ---   -14   
7.76    8.15___14:28:24 89      51    38    4.89    +++   -13   
7.26    8.15___14:28:50 90      51    39    4.92    +++   -12   
6.16    8.15___14:29:15 91      51    40    4.93    +++   -11   
1.02    8.15___14:29:27 92      52    40    4.89    ---   -12   
2.4     8.15___14:29:45 93      52    41    4.86    +++   -11   
3.21    8.15___14:30:5  94      52    42    4.84    +++   -10   
2.39    8.15___14:30:23 95      52    43    4.82    +++   -9    
1.24    8.15___14:30:36 96      53    43    4.78    ---   -10   
1.08    8.15___14:30:49 97      54    43    4.74    ---   -11   
7.14    8.15___14:31:15 98      54    44    4.77    +++   -10   
1.32    8.15___14:31:29 99      55    44    4.73    ---   -11   
3.05    8.15___14:31:49 100     55    45    4.72    +++   -10   
2.68    8.15___14:32:7  101     55    46    4.7     +++   -9    
1.97    8.15___14:32:24 102     56    46    4.67    ---   -10   
3.18    8.15___14:32:44 103     56    47    4.65    +++   -9    
2.16    8.15___14:33:1  104     56    48    4.63    +++   -8    
1.65    8.15___14:33:17 105     57    48    4.6     ---   -9    
1.5     8.15___14:33:32 106     58    48    4.57    ---   -10   
1.29    8.15___14:33:46 107     59    48    4.54    ---   -11   
4.35    8.15___14:34:8  108     59    49    4.54    +++   -10   
1       8.15___14:34:19 109     60    49    4.51    ---   -11   
2.85    8.15___14:34:38 110     60    50    4.49    +++   -10   
29.04   8.15___14:35:22 111     60    51    4.71    +++   -9    
1.45    8.15___14:35:37 112     61    51    4.68    ---   -10   
2.82    8.15___14:35:56 113     61    52    4.67    +++   -9    
4.74    8.15___14:36:19 114     61    53    4.67    +++   -8    
3.47    8.15___14:36:39 115     61    54    4.66    +++   -7    
1.71    8.15___14:36:55 116     62    54    4.63    ---   -8    
4.51    8.15___14:37:17 117     62    55    4.63    +++   -7    
8.11    8.15___14:37:45 118     62    56    4.66    +++   -6    
1.36    8.15___14:37:59 119     63    56    4.63    ---   -7    
1.07    8.15___14:38:11 120     64    56    4.6     ---   -8    
1.97    8.15___14:38:28 121     65    56    4.58    ---   -9    
1.41    8.15___14:38:43 122     66    56    4.56    ---   -10   
1.06    8.15___14:38:55 123     67    56    4.53    ---   -11   
1.7     8.15___14:39:11 124     68    56    4.5     ---   -12   
1.85    8.15___14:39:27 125     69    56    4.48    ---   -13   
2.87    8.15___14:39:46 126     69    57    4.47    +++   -12   
1.18    8.15___14:39:59 127     70    57    4.44    ---   -13   
3.25    8.15___14:40:20 128     70    58    4.44    +++   -12   
1       8.15___14:40:30 129     71    58    4.41    ---   -13   
1.54    8.15___14:41:4  130     72    58    4.39    ---   -14   
1.1     8.15___14:41:4  131     73    58    4.36    ---   -15   
11.82   8.15___14:41:41 132     73    59    4.42    +++   -14   
1.23    8.15___14:41:55 133     74    59    4.39    ---   -15   
8.94    8.15___14:42:23 134     74    60    4.43    +++   -14   
2.3     8.15___14:42:41 135     74    61    4.41    +++   -13   
3.93    8.15___14:43:2  136     74    62    4.41    +++   -12   
21.43   8.15___14:43:41 137     74    63    4.53    +++   -11   
2.64    8.15___14:44:0  138     74    64    4.52    +++   -10   
2.13    8.15___14:44:17 139     74    65    4.5     +++   -9    
4.9     8.15___14:44:40 140     74    66    4.5     +++   -8    
1.48    8.15___14:44:55 141     75    66    4.48    ---   -9    
2.76    8.15___14:45:14 142     75    67    4.47    +++   -8    
3.06    8.15___14:45:34 143     75    68    4.46    +++   -7    
1.03    8.15___14:45:45 144     76    68    4.44    ---   -8    
1.01    8.15___14:45:57 145     77    68    4.41    ---   -9    
1.15    8.15___14:46:10 146     78    68    4.39    ---   -10   
1.69    8.15___14:46:25 147     79    68    4.37    ---   -11   
1.18    8.15___14:46:39 148     80    68    4.35    ---   -12   
5.8     8.15___14:47:3  149     80    69    4.36    +++   -11   
3.58    8.15___14:47:24 150     80    70    4.36    +++   -10   
1.3     8.15___14:47:38 151     81    70    4.33    ---   -11   
4.12    8.15___14:47:59 152     81    71    4.33    +++   -10   
1.08    8.15___14:48:12 153     82    71    4.31    ---   -11   
1.51    8.15___14:48:27 154     83    71    4.29    ---   -12   
2.95    8.15___14:48:46 155     83    72    4.29    +++   -11   
1.06    8.15___14:48:58 156     84    72    4.26    ---   -12   
1.12    8.15___14:49:11 157     85    72    4.24    ---   -13   
1.21    8.15___14:49:25 158     86    72    4.23    ---   -14   
1.68    8.15___14:49:40 159     87    72    4.21    ---   -15   
1.66    8.15___14:49:56 160     88    72    4.19    ---   -16   
1       8.15___14:50:7  161     89    72    4.17    ---   -17   
1.19    8.15___14:50:20 162     90    72    4.15    ---   -18   
3.99    8.15___14:50:41 163     90    73    4.15    +++   -17   
2.79    8.15___14:51:0  164     90    74    4.15    +++   -16   
1       8.15___14:51:11 165     91    74    4.13    ---   -17   
1.59    8.15___14:51:26 166     92    74    4.11    ---   -18   
1.24    8.15___14:51:40 167     93    74    4.09    ---   -19   
1.8     8.15___14:51:56 168     94    74    4.08    ---   -20   
1.01    8.15___14:52:7  169     95    74    4.06    ---   -21   
1.65    8.15___14:52:23 170     96    74    4.05    ---   -22   
8.64    8.15___14:52:51 171     96    75    4.07    +++   -21   
12.45   8.15___14:53:23 172     96    76    4.12    +++   -20   
1.44    8.15___14:53:38 173     97    76    4.11    ---   -21   
3.09    8.15___14:53:57 174     97    77    4.1     +++   -20   
1.46    8.15___14:54:12 175     98    77    4.09    ---   -21   
1.36    8.15___14:54:27 176     99    77    4.07    ---   -22   
3.51    8.15___14:54:47 177     99    78    4.07    +++   -21   
14.94   8.15___14:55:21 178     99    79    4.13    +++   -20   
11.86   8.15___14:55:53 179     99    80    4.17    +++   -19   
23.72   8.15___14:56:33 180     99    81    4.28    +++   -18   
4.31    8.15___14:56:55 181     99    82    4.28    +++   -17   
1.55    8.15___14:57:11 182     100   82    4.27    ---   -18   
1.01    8.15___14:57:22 183     101   82    4.25    ---   -19   
4.67    8.15___14:57:44 184     101   83    4.25    +++   -18   
2.48    8.15___14:58:3  185     101   84    4.24    +++   -17   
4.7     8.15___14:58:25 186     101   85    4.24    +++   -16   
1.09    8.15___14:58:38 187     102   85    4.23    ---   -17   
1.89    8.15___14:58:54 188     103   85    4.21    ---   -18   
1.13    8.15___14:59:7  189     104   85    4.2     ---   -19   
1.13    8.15___14:59:20 190     105   85    4.18    ---   -20   
12.17   8.15___14:59:52 191     105   86    4.22    +++   -19   
