5.64    8.15___17:0:4   1       0     1     5.64    +++   1     
1.27    8.15___17:0:18  2       1     1     3.45    ---   0     
1.03    8.15___17:0:30  3       2     1     2.64    ---   -1    
5.29    8.15___17:0:53  4       2     2     3.3     +++   0     
1.64    8.15___17:1:9   5       3     2     2.97    ---   -1    
1.38    8.15___17:1:24  6       4     2     2.7     ---   -2    
1.05    8.15___17:1:36  7       5     2     2.47    ---   -3    
1.02    8.15___17:1:47  8       6     2     2.29    ---   -4    
2.9     8.15___17:2:6   9       6     3     2.35    +++   -3    
1.26    8.15___17:2:20  10      7     3     2.24    ---   -4    
2.72    8.15___17:2:39  11      7     4     2.29    +++   -3    
22.22   8.15___17:3:19  12      7     5     3.95    +++   -2    
2.45    8.15___17:3:37  13      7     6     3.83    +++   -1    
1.06    8.15___17:3:49  14      8     6     3.63    ---   -2    
1.5     8.15___17:4:4   15      9     6     3.49    ---   -3    
7.79    8.15___17:4:31  16      9     7     3.76    +++   -2    
1.61    8.15___17:4:46  17      10    7     3.63    ---   -3    
1.09    8.15___17:4:59  18      11    7     3.49    ---   -4    
1.23    8.15___17:5:13  19      12    7     3.37    ---   -5    
1       8.15___17:5:23  20      13    7     3.25    ---   -6    
1.84    8.15___17:5:39  21      14    7     3.19    ---   -7    
1.11    8.15___17:5:52  22      15    7     3.09    ---   -8    
1.37    8.15___17:6:7   23      16    7     3.02    ---   -9    
10.34   8.15___17:6:36  24      16    8     3.32    +++   -8    
1.13    8.15___17:6:49  25      17    8     3.23    ---   -9    
1.57    8.15___17:7:5   26      18    8     3.17    ---   -10   
1.19    8.15___17:7:18  27      19    8     3.1     ---   -11   
2.25    8.15___17:7:36  28      19    9     3.06    +++   -10   
1.17    8.15___17:7:49  29      20    9     3       ---   -11   
12.29   8.15___17:8:20  30      20    10    3.31    +++   -10   
1.91    8.15___17:8:37  31      21    10    3.26    ---   -11   
3.03    8.15___17:8:57  32      21    11    3.26    +++   -10   
1.27    8.15___17:9:10  33      22    11    3.2     ---   -11   
2.93    8.15___17:9:30  34      22    12    3.19    +++   -10   
2.84    8.15___17:9:49  35      22    13    3.18    +++   -9    
15.36   8.15___17:10:23 36      22    14    3.52    +++   -8    
20.73   8.15___17:11:2  37      22    15    3.98    +++   -7    
1.01    8.15___17:11:13 38      23    15    3.9     ---   -8    
1.33    8.15___17:11:27 39      24    15    3.84    ---   -9    
2.64    8.15___17:11:46 40      24    16    3.81    +++   -8    
9.74    8.15___17:12:15 41      24    17    3.95    +++   -7    
2.7     8.15___17:12:34 42      24    18    3.92    +++   -6    
1       8.15___17:12:45 43      25    18    3.85    ---   -7    
1.67    8.15___17:13:0  44      26    18    3.8     ---   -8    
25.07   8.15___17:13:42 45      26    19    4.28    +++   -7    
2.86    8.15___17:14:1  46      26    20    4.24    +++   -6    
1.23    8.15___17:14:15 47      27    20    4.18    ---   -7    
4.64    8.15___17:14:37 48      27    21    4.19    +++   -6    
2.06    8.15___17:14:54 49      27    22    4.15    +++   -5    
2.99    8.15___17:15:14 50      27    23    4.12    +++   -4    
1.28    8.15___17:15:28 51      28    23    4.07    ---   -5    
1.31    8.15___17:15:42 52      29    23    4.01    ---   -6    
28.76   8.15___17:16:26 53      29    24    4.48    +++   -5    
1.02    8.15___17:16:37 54      30    24    4.42    ---   -6    
3.89    8.15___17:16:59 55      30    25    4.41    +++   -5    
1.08    8.15___17:17:11 56      31    25    4.35    ---   -6    
7.77    8.15___17:17:38 57      31    26    4.41    +++   -5    
3.44    8.15___17:17:58 58      31    27    4.39    +++   -4    
14.57   8.15___17:18:32 59      31    28    4.56    +++   -3    
1.03    8.15___17:18:44 60      32    28    4.5     ---   -4    
4.21    8.15___17:19:6  61      32    29    4.5     +++   -3    
1.19    8.15___17:19:19 62      33    29    4.45    ---   -4    
12.1    8.15___17:19:51 63      33    30    4.57    +++   -3    
6.05    8.15___17:20:15 64      33    31    4.59    +++   -2    
24.19   8.15___17:20:57 65      33    32    4.89    +++   -1    
1.09    8.15___17:21:9  66      34    32    4.83    ---   -2    
2.41    8.15___17:21:27 67      34    33    4.8     +++   -1    
21.11   8.15___17:22:6  68      34    34    5.04    +++   0     
6.14    8.15___17:22:31 69      34    35    5.05    +++   1     
1.86    8.15___17:22:48 70      35    35    5.01    ---   0     
8.21    8.15___17:23:15 71      35    36    5.05    +++   1     
2.14    8.15___17:23:32 72      35    37    5.01    +++   2     
1.01    8.15___17:23:43 73      36    37    4.96    ---   1     
1.08    8.15___17:23:56 74      37    37    4.91    ---   0     
1       8.15___17:24:6  75      38    37    4.85    ---   -1    
1.42    8.15___17:24:21 76      39    37    4.81    ---   -2    
1.74    8.15___17:24:37 77      40    37    4.77    ---   -3    
1.2     8.15___17:24:50 78      41    37    4.72    ---   -4    
2.62    8.15___17:25:9  79      41    38    4.7     +++   -3    
1.65    8.15___17:25:25 80      42    38    4.66    ---   -4    
2.7     8.15___17:25:43 81      42    39    4.63    +++   -3    
9.88    8.15___17:26:13 82      42    40    4.7     +++   -2    
1.42    8.15___17:26:27 83      43    40    4.66    ---   -3    
3.06    8.15___17:26:47 84      43    41    4.64    +++   -2    
5.01    8.15___17:27:10 85      43    42    4.64    +++   -1    
1.46    8.15___17:27:25 86      44    42    4.61    ---   -2    
2.07    8.15___17:27:42 87      44    43    4.58    +++   -1    
2.52    8.15___17:28:1  88      44    44    4.55    +++   0     
1.28    8.15___17:28:15 89      45    44    4.52    ---   -1    
3.6     8.15___17:28:35 90      45    45    4.51    +++   0     
1.05    8.15___17:28:47 91      46    45    4.47    ---   -1    
1.31    8.15___17:29:1  92      47    45    4.43    ---   -2    
1.18    8.15___17:29:15 93      48    45    4.4     ---   -3    
4.58    8.15___17:29:37 94      48    46    4.4     +++   -2    
1.68    8.15___17:29:53 95      49    46    4.37    ---   -3    
1.8     8.15___17:30:9  96      50    46    4.34    ---   -4    
3.32    8.15___17:30:30 97      50    47    4.33    +++   -3    
1.03    8.15___17:30:41 98      51    47    4.3     ---   -4    
1.31    8.15___17:30:55 99      52    47    4.27    ---   -5    
1.51    8.15___17:31:10 100     53    47    4.24    ---   -6    
2.11    8.15___17:31:28 101     53    48    4.22    +++   -5    
1.2     8.15___17:31:41 102     54    48    4.19    ---   -6    
2.21    8.15___17:31:59 103     54    49    4.17    +++   -5    
1.02    8.15___17:32:10 104     55    49    4.14    ---   -6    
4.61    8.15___17:32:33 105     55    50    4.15    +++   -5    
33.59   8.15___17:33:19 106     55    51    4.42    +++   -4    
1.51    8.15___17:33:34 107     56    51    4.4     ---   -5    
4.46    8.15___17:33:57 108     56    52    4.4     +++   -4    
1       8.15___17:34:7  109     57    52    4.37    ---   -5    
1.99    8.15___17:34:24 110     58    52    4.34    ---   -6    
2.07    8.15___17:34:41 111     58    53    4.32    +++   -5    
2.47    8.15___17:34:59 112     58    54    4.31    +++   -4    
2.29    8.15___17:35:17 113     58    55    4.29    +++   -3    
9.11    8.15___17:35:46 114     58    56    4.33    +++   -2    
1.33    8.15___17:36:0  115     59    56    4.31    ---   -3    
1.19    8.15___17:36:13 116     60    56    4.28    ---   -4    
1.88    8.15___17:36:30 117     61    56    4.26    ---   -5    
2.42    8.15___17:36:48 118     61    57    4.24    +++   -4    
7.07    8.15___17:37:14 119     61    58    4.27    +++   -3    
1       8.15___17:37:25 120     62    58    4.24    ---   -4    
13.02   8.15___17:37:57 121     62    59    4.31    +++   -3    
2.24    8.15___17:38:27 122     62    60    4.29    +++   -2    
2.03    8.15___17:38:44 123     62    61    4.28    +++   -1    
3.95    8.15___17:39:5  124     62    62    4.27    +++   0     
1.81    8.15___17:39:22 125     63    62    4.25    ---   -1    
1.17    8.15___17:39:35 126     64    62    4.23    ---   -2    
5.04    8.15___17:39:58 127     64    63    4.24    +++   -1    
27.67   8.15___17:40:41 128     64    64    4.42    +++   0     
2.57    8.15___17:41:0  129     64    65    4.4     +++   1     
1.63    8.15___17:41:15 130     65    65    4.38    ---   0     
3.58    8.15___17:41:36 131     65    66    4.38    +++   1     
1       8.15___17:41:47 132     66    66    4.35    ---   0     
1.34    8.15___17:42:1  133     67    66    4.33    ---   -1    
1.13    8.15___17:42:14 134     68    66    4.3     ---   -2    
1.11    8.15___17:42:26 135     69    66    4.28    ---   -3    
1.26    8.15___17:42:40 136     70    66    4.26    ---   -4    
1.35    8.15___17:42:55 137     71    66    4.24    ---   -5    
2.36    8.15___17:43:12 138     71    67    4.22    +++   -4    
10.25   8.15___17:43:42 139     71    68    4.27    +++   -3    
6.86    8.15___17:44:8  140     71    69    4.29    +++   -2    
2.85    8.15___17:44:27 141     71    70    4.28    +++   -1    
1.38    8.15___17:44:42 142     72    70    4.25    ---   -2    
3.81    8.15___17:45:3  143     72    71    4.25    +++   -1    
1.52    8.15___17:45:18 144     73    71    4.23    ---   -2    
2.81    8.15___17:45:37 145     73    72    4.22    +++   -1    
1.03    8.15___17:45:49 146     74    72    4.2     ---   -2    
1.02    8.15___17:46:0  147     75    72    4.18    ---   -3    
1.43    8.15___17:46:15 148     76    72    4.16    ---   -4    
4.34    8.15___17:46:37 149     76    73    4.16    +++   -3    
2.42    8.15___17:46:55 150     76    74    4.15    +++   -2    
1.35    8.15___17:47:9  151     77    74    4.13    ---   -3    
1.09    8.15___17:47:22 152     78    74    4.11    ---   -4    
3.16    8.15___17:47:42 153     78    75    4.11    +++   -3    
1.2     8.15___17:47:55 154     79    75    4.09    ---   -4    
2.16    8.15___17:48:12 155     79    76    4.07    +++   -3    
3.92    8.15___17:48:34 156     79    77    4.07    +++   -2    
2.73    8.15___17:48:53 157     79    78    4.06    +++   -1    
1.82    8.15___17:49:9  158     80    78    4.05    ---   -2    
19.94   8.15___17:49:47 159     80    79    4.15    +++   -1    
20.92   8.15___17:51:5  160     80    80    4.25    +++   0     
1.32    8.15___17:51:19 161     81    80    4.24    ---   -1    
1.79    8.15___17:51:35 162     82    80    4.22    ---   -2    
2.99    8.15___17:51:55 163     82    81    4.21    +++   -1    
4.87    8.15___17:52:18 164     82    82    4.22    +++   0     
1.82    8.15___17:52:34 165     83    82    4.2     ---   -1    
3.37    8.15___17:52:55 166     83    83    4.2     +++   0     
1.09    8.15___17:53:7  167     84    83    4.18    ---   -1    
4.24    8.15___17:53:29 168     84    84    4.18    +++   0     
5.11    8.15___17:53:53 169     84    85    4.19    +++   1     
2.43    8.15___17:54:11 170     84    86    4.17    +++   2     
2.74    8.15___17:54:29 171     84    87    4.17    +++   3     
2.89    8.15___17:54:49 172     84    88    4.16    +++   4     
1.11    8.15___17:55:1  173     85    88    4.14    ---   3     
1.06    8.15___17:55:14 174     86    88    4.12    ---   2     
1.59    8.15___17:55:29 175     87    88    4.11    ---   1     
13.45   8.15___17:56:2  176     87    89    4.16    +++   2     
2.05    8.15___17:56:19 177     87    90    4.15    +++   3     
1.02    8.15___17:56:30 178     88    90    4.13    ---   2     
1.23    8.15___17:56:44 179     89    90    4.12    ---   1     
1.18    8.15___17:56:57 180     90    90    4.1     ---   0     
1.31    8.15___17:57:11 181     91    90    4.08    ---   -1    
2.83    8.15___17:57:30 182     91    91    4.08    +++   0     
15.53   8.15___17:58:5  183     91    92    4.14    +++   1     
1.17    8.15___17:58:18 184     92    92    4.12    ---   0     
23.56   8.15___17:58:59 185     92    93    4.23    +++   1     
1.32    8.15___17:59:13 186     93    93    4.21    ---   0     
1.78    8.15___17:59:29 187     94    93    4.2     ---   -1    
1.17    8.15___17:59:42 188     95    93    4.18    ---   -2    
1.36    8.15___17:59:57 189     96    93    4.17    ---   -3    
