22.95   8.15___16:0:6   1       0     1     22.95   +++   1     
1.68    8.15___16:0:22  2       1     1     12.31   ---   0     
15.84   8.15___16:0:56  3       1     2     13.49   +++   1     
2.48    8.15___16:1:15  4       1     3     10.73   +++   2     
2.47    8.15___16:1:33  5       1     4     9.08    +++   3     
1.26    8.15___16:1:47  6       2     4     7.77    ---   2     
1.17    8.15___16:2:0   7       3     4     6.83    ---   1     
1.44    8.15___16:2:15  8       4     4     6.16    ---   0     
1.78    8.15___16:2:31  9       5     4     5.67    ---   -1    
1.11    8.15___16:2:44  10      6     4     5.21    ---   -2    
16.12   8.15___16:3:19  11      6     5     6.2     +++   -1    
3.39    8.15___16:3:39  12      6     6     5.97    +++   0     
1.31    8.15___16:5:23  13      7     6     5.61    ---   -1    
1.01    8.15___16:5:34  14      8     6     5.28    ---   -2    
1.04    8.15___16:5:46  15      9     6     5       ---   -3    
1.89    8.15___16:6:3   16      10    6     4.8     ---   -4    
2.33    8.15___16:6:20  17      10    7     4.66    +++   -3    
2.24    8.15___16:6:38  18      10    8     4.52    +++   -2    
2.35    8.15___16:6:56  19      10    9     4.41    +++   -1    
1.17    8.15___16:7:9   20      11    9     4.25    ---   -2    
1.92    8.15___16:7:26  21      12    9     4.14    ---   -3    
1.88    8.15___16:9:6   22      13    9     4.03    ---   -4    
5.51    8.15___16:9:30  23      13    10    4.1     +++   -3    
1.05    8.15___16:9:42  24      14    10    3.97    ---   -4    
3.41    8.15___16:10:3  25      14    11    3.95    +++   -3    
4.18    8.15___16:10:25 26      14    12    3.96    +++   -2    
1.88    8.15___16:10:41 27      15    12    3.88    ---   -3    
1.08    8.15___16:10:54 28      16    12    3.78    ---   -4    
1.06    8.15___16:11:6  29      17    12    3.68    ---   -5    
1       8.15___16:11:16 30      18    12    3.59    ---   -6    
1.19    8.15___16:11:30 31      19    12    3.52    ---   -7    
2.86    8.15___16:11:49 32      19    13    3.5     +++   -6    
3.34    8.15___16:12:9  33      19    14    3.49    +++   -5    
3.17    8.15___16:12:29 34      19    15    3.48    +++   -4    
1.19    8.15___16:12:42 35      20    15    3.42    ---   -5    
1.1     8.15___16:12:55 36      21    15    3.35    ---   -6    
1.87    8.15___16:13:11 37      22    15    3.31    ---   -7    
1.17    8.15___16:13:24 38      23    15    3.26    ---   -8    
1.14    8.15___16:13:37 39      24    15    3.2     ---   -9    
2.13    8.15___16:13:55 40      24    16    3.17    +++   -8    
1.38    8.15___16:14:9  41      25    16    3.13    ---   -9    
1.79    8.15___16:14:47 42      26    16    3.1     ---   -10   
1.22    8.15___16:14:47 43      27    16    3.05    ---   -11   
1.23    8.15___16:14:52 44      28    16    3.01    ---   -12   
3.67    8.15___16:15:13 45      28    17    3.03    +++   -11   
9.11    8.15___16:15:42 46      28    18    3.16    +++   -10   
1       8.15___16:15:52 47      29    18    3.11    ---   -11   
1.85    8.15___16:16:9  48      30    18    3.09    ---   -12   
4.46    8.15___16:16:31 49      30    19    3.11    +++   -11   
2.33    8.15___16:16:49 50      30    20    3.1     +++   -10   
1.14    8.15___16:17:2  51      31    20    3.06    ---   -11   
1.01    8.15___16:17:13 52      32    20    3.02    ---   -12   
1.34    8.15___16:17:27 53      33    20    2.99    ---   -13   
1.08    8.15___16:17:40 54      34    20    2.95    ---   -14   
13.21   8.15___16:18:12 55      34    21    3.14    +++   -13   
1.01    8.15___16:18:23 56      35    21    3.1     ---   -14   
5.95    8.15___16:18:48 57      35    22    3.15    +++   -13   
22.14   8.15___16:19:28 58      35    23    3.48    +++   -12   
22.8    8.15___16:20:8  59      35    24    3.81    +++   -11   
2.02    8.15___16:20:25 60      35    25    3.78    +++   -10   
1.06    8.15___16:20:37 61      36    25    3.73    ---   -11   
2       8.15___16:20:54 62      36    26    3.7     +++   -10   
1.11    8.15___16:21:6  63      37    26    3.66    ---   -11   
15.49   8.15___16:21:41 64      37    27    3.85    +++   -10   
2.06    8.15___16:23:13 65      37    28    3.82    +++   -9    
4.31    8.15___16:23:35 66      37    29    3.83    +++   -8    
1.48    8.15___16:23:50 67      38    29    3.79    ---   -9    
1.02    8.15___16:24:1  68      39    29    3.75    ---   -10   
4.54    8.15___16:24:24 69      39    30    3.76    +++   -9    
1.05    8.15___16:24:36 70      40    30    3.72    ---   -10   
8.85    8.15___16:25:4  71      40    31    3.8     +++   -9    
1.22    8.15___16:25:17 72      41    31    3.76    ---   -10   
2.26    8.15___16:25:35 73      41    32    3.74    +++   -9    
1.03    8.15___16:25:47 74      42    32    3.7     ---   -10   
3.72    8.15___16:26:8  75      42    33    3.7     +++   -9    
2.15    8.15___16:26:25 76      42    34    3.68    +++   -8    
32.9    8.15___16:27:11 77      42    35    4.06    +++   -7    
1.35    8.15___16:27:26 78      43    35    4.03    ---   -8    
1       8.15___16:27:36 79      44    35    3.99    ---   -9    
1.34    8.15___16:27:51 80      45    35    3.96    ---   -10   
1.39    8.15___16:28:5  81      46    35    3.92    ---   -11   
8.71    8.15___16:28:33 82      46    36    3.98    +++   -10   
9.66    8.15___16:29:2  83      46    37    4.05    +++   -9    
2.85    8.15___16:29:21 84      46    38    4.04    +++   -8    
1.05    8.15___16:29:33 85      47    38    4       ---   -9    
15.9    8.15___16:30:8  86      47    39    4.14    +++   -8    
1       8.15___16:30:19 87      48    39    4.1     ---   -9    
1.1     8.15___16:30:32 88      49    39    4.07    ---   -10   
1.04    8.15___16:30:43 89      50    39    4.03    ---   -11   
1       8.15___16:30:54 90      51    39    4       ---   -12   
4.03    8.15___16:32:14 91      51    40    4       +++   -11   
2.78    8.15___16:32:33 92      51    41    3.99    +++   -10   
4.5     8.15___16:32:55 93      51    42    3.99    +++   -9    
3.95    8.15___16:33:17 94      51    43    3.99    +++   -8    
13.81   8.15___16:33:50 95      51    44    4.1     +++   -7    
3.38    8.15___16:34:10 96      51    45    4.09    +++   -6    
1.15    8.15___16:34:23 97      52    45    4.06    ---   -7    
1.04    8.15___16:34:35 98      53    45    4.03    ---   -8    
1.89    8.15___16:34:52 99      54    45    4.01    ---   -9    
2.88    8.15___16:35:11 100     54    46    3.99    +++   -8    
1.47    8.15___16:35:26 101     55    46    3.97    ---   -9    
1.37    8.15___16:35:40 102     56    46    3.94    ---   -10   
3.46    8.15___16:36:1  103     56    47    3.94    +++   -9    
1.1     8.15___16:36:13 104     57    47    3.91    ---   -10   
1.89    8.15___16:36:30 105     58    47    3.89    ---   -11   
2.86    8.15___16:36:49 106     58    48    3.88    +++   -10   
25.1    8.15___16:37:31 107     58    49    4.08    +++   -9    
1.43    8.15___16:37:45 108     59    49    4.06    ---   -10   
1.48    8.15___16:38:33 109     60    49    4.03    ---   -11   
5.62    8.15___16:38:57 110     60    50    4.05    +++   -10   
1.84    8.15___16:39:14 111     61    50    4.03    ---   -11   
1.17    8.15___16:39:27 112     62    50    4       ---   -12   
1.36    8.15___16:39:41 113     63    50    3.98    ---   -13   
4.18    8.15___16:40:3  114     63    51    3.98    +++   -12   
24.77   8.15___16:40:44 115     63    52    4.16    +++   -11   
1.1     8.15___16:40:57 116     64    52    4.13    ---   -12   
1.96    8.15___16:41:14 117     65    52    4.12    ---   -13   
1.42    8.15___16:43:4  118     66    52    4.09    ---   -14   
1.57    8.15___16:43:20 119     67    52    4.07    ---   -15   
1.73    8.15___16:43:36 120     68    52    4.05    ---   -16   
1.48    8.15___16:43:51 121     69    52    4.03    ---   -17   
33.07   8.15___16:44:37 122     69    53    4.27    +++   -16   
3.1     8.15___16:44:57 123     69    54    4.26    +++   -15   
28.75   8.15___16:45:40 124     69    55    4.46    +++   -14   
1.12    8.15___16:45:53 125     70    55    4.43    ---   -15   
2.53    8.15___16:46:12 126     70    56    4.41    +++   -14   
1.2     8.15___16:46:25 127     71    56    4.39    ---   -15   
1.92    8.15___16:46:42 128     72    56    4.37    ---   -16   
1.05    8.15___16:46:54 129     73    56    4.34    ---   -17   
1.56    8.15___16:47:9  130     74    56    4.32    ---   -18   
1.24    8.15___16:47:23 131     75    56    4.3     ---   -19   
1.33    8.15___16:47:37 132     76    56    4.28    ---   -20   
1.51    8.15___16:47:52 133     77    56    4.26    ---   -21   
1.4     8.15___16:48:6  134     78    56    4.23    ---   -22   
2.78    8.15___16:48:25 135     78    57    4.22    +++   -21   
2.3     8.15___16:48:43 136     78    58    4.21    +++   -20   
27.92   8.15___16:49:27 137     78    59    4.38    +++   -19   
3.35    8.15___16:49:47 138     78    60    4.38    +++   -18   
3.62    8.15___16:50:8  139     78    61    4.37    +++   -17   
1.02    8.15___16:50:19 140     79    61    4.35    ---   -18   
6.08    8.15___16:50:44 141     79    62    4.36    +++   -17   
1.51    8.15___16:50:59 142     80    62    4.34    ---   -18   
1.86    8.15___16:51:15 143     81    62    4.32    ---   -19   
32.94   8.15___16:52:2  144     81    63    4.52    +++   -18   
1.11    8.15___16:52:14 145     82    63    4.5     ---   -19   
1       8.15___16:52:25 146     83    63    4.47    ---   -20   
4.28    8.15___16:52:47 147     83    64    4.47    +++   -19   
7.72    8.15___16:53:14 148     83    65    4.49    +++   -18   
8.82    8.15___16:53:42 149     83    66    4.52    +++   -17   
1.43    8.15___16:53:57 150     84    66    4.5     ---   -18   
4.17    8.15___16:54:19 151     84    67    4.5     +++   -17   
6.05    8.15___16:54:43 152     84    68    4.51    +++   -16   
4.89    8.15___16:55:6  153     84    69    4.51    +++   -15   
1.93    8.15___16:55:23 154     85    69    4.49    ---   -16   
1       8.15___16:55:34 155     86    69    4.47    ---   -17   
2.79    8.15___16:55:53 156     86    70    4.46    +++   -16   
2.35    8.15___16:56:11 157     86    71    4.45    +++   -15   
5.52    8.15___16:56:35 158     86    72    4.45    +++   -14   
1.08    8.15___16:56:47 159     87    72    4.43    ---   -15   
1.09    8.15___16:56:59 160     88    72    4.41    ---   -16   
23.6    8.15___16:57:40 161     88    73    4.53    +++   -15   
1       8.15___16:57:51 162     89    73    4.51    ---   -16   
3.43    8.15___16:58:11 163     89    74    4.5     +++   -15   
1.72    8.15___16:58:27 164     90    74    4.49    ---   -16   
1.67    8.15___16:58:43 165     91    74    4.47    ---   -17   
1.42    8.15___16:58:57 166     92    74    4.45    ---   -18   
2.03    8.15___16:59:14 167     92    75    4.44    +++   -17   
1.05    8.15___16:59:26 168     93    75    4.42    ---   -18   
1.27    8.15___16:59:40 169     94    75    4.4     ---   -19   
