1.17    8.15___11:0:11  1       1     0     1.17    ---   -1    
1.02    8.15___11:0:22  2       2     0     1.09    ---   -2    
4.94    8.15___11:0:45  3       2     1     2.37    +++   -1    
1.21    8.15___11:0:59  4       3     1     2.08    ---   -2    
8.16    8.15___11:1:26  5       3     2     3.3     +++   -1    
13.3    8.15___11:1:59  6       3     3     4.96    +++   0     
1.59    8.15___11:2:14  7       4     3     4.48    ---   -1    
9.07    8.15___11:2:43  8       4     4     5.05    +++   0     
1.11    8.15___11:2:55  9       5     4     4.61    ---   -1    
3.04    8.15___11:3:15  10      5     5     4.46    +++   0     
1.55    8.15___11:3:30  11      6     5     4.19    ---   -1    
8.23    8.15___11:3:58  12      6     6     4.53    +++   0     
1.97    8.15___11:4:15  13      7     6     4.33    ---   -1    
1.34    8.15___11:4:29  14      8     6     4.12    ---   -2    
1.01    8.15___11:4:40  15      9     6     3.91    ---   -3    
2.61    8.15___11:4:59  16      9     7     3.83    +++   -2    
4.79    8.15___11:5:21  17      9     8     3.88    +++   -1    
8.34    8.15___11:5:49  18      9     9     4.13    +++   0     
2.23    8.15___11:6:7   19      9     10    4.03    +++   1     
1.44    8.15___11:6:21  20      10    10    3.9     ---   0     
22.28   8.15___11:7:1   21      10    11    4.78    +++   1     
22.04   8.15___11:7:41  22      10    12    5.56    +++   2     
1.44    8.15___11:7:55  23      11    12    5.38    ---   1     
1.4     8.15___11:8:10  24      12    12    5.22    ---   0     
1.2     8.15___11:8:23  25      13    12    5.05    ---   -1    
4.76    8.15___11:8:46  26      13    13    5.04    +++   0     
1.72    8.15___11:9:2   27      14    13    4.92    ---   -1    
1       8.15___11:9:13  28      15    13    4.78    ---   -2    
24.21   8.15___11:9:54  29      15    14    5.45    +++   -1    
2.03    8.15___11:10:11 30      15    15    5.34    +++   0     
1.78    8.15___11:10:27 31      16    15    5.22    ---   -1    
1.48    8.15___11:10:42 32      17    15    5.1     ---   -2    
1.57    8.15___11:10:57 33      18    15    5       ---   -3    
1.31    8.15___11:11:11 34      19    15    4.89    ---   -4    
11.96   8.15___11:11:43 35      19    16    5.09    +++   -3    
1.29    8.15___11:11:57 36      20    16    4.98    ---   -4    
3.6     8.15___11:12:17 37      20    17    4.95    +++   -3    
2.38    8.15___11:12:35 38      20    18    4.88    +++   -2    
1.86    8.15___11:12:52 39      21    18    4.8     ---   -3    
1.32    8.15___11:13:6  40      22    18    4.71    ---   -4    
1.34    8.15___11:13:20 41      23    18    4.63    ---   -5    
10.67   8.15___11:13:50 42      23    19    4.77    +++   -4    
1.77    8.15___11:14:6  43      24    19    4.71    ---   -5    
12.54   8.15___11:14:38 44      24    20    4.88    +++   -4    
1.27    8.15___11:14:52 45      25    20    4.8     ---   -5    
1.08    8.15___11:15:5  46      26    20    4.72    ---   -6    
8.5     8.15___11:15:32 47      26    21    4.8     +++   -5    
1.2     8.15___11:15:46 48      27    21    4.73    ---   -6    
1       8.15___11:15:56 49      28    21    4.65    ---   -7    
2.48    8.15___11:16:15 50      28    22    4.61    +++   -6    
1.73    8.15___11:16:31 51      29    22    4.55    ---   -7    
19.91   8.15___11:17:9  52      29    23    4.85    +++   -6    
6.19    8.15___11:17:34 53      29    24    4.87    +++   -5    
1.15    8.15___11:17:47 54      30    24    4.8     ---   -6    
1.13    8.15___11:17:59 55      31    24    4.74    ---   -7    
2.56    8.15___11:18:18 56      31    25    4.7     +++   -6    
2.24    8.15___11:18:36 57      31    26    4.65    +++   -5    
21.18   8.15___11:19:15 58      31    27    4.94    +++   -4    
2.62    8.15___11:19:33 59      31    28    4.9     +++   -3    
4.67    8.15___11:19:56 60      31    29    4.89    +++   -2    
1.43    8.15___11:20:11 61      32    29    4.84    ---   -3    
2.97    8.15___11:20:30 62      32    30    4.81    +++   -2    
1.54    8.15___11:20:45 63      33    30    4.76    ---   -3    
1.3     8.15___11:20:59 64      34    30    4.7     ---   -4    
2.2     8.15___11:21:17 65      34    31    4.66    +++   -3    
1.91    8.15___11:21:33 66      35    31    4.62    ---   -4    
6.52    8.15___11:21:59 67      35    32    4.65    +++   -3    
3.38    8.15___11:22:19 68      35    33    4.63    +++   -2    
5.39    8.15___11:22:43 69      35    34    4.64    +++   -1    
11.68   8.15___11:23:14 70      35    35    4.74    +++   0     
1       8.15___11:23:25 71      36    35    4.69    ---   -1    
4.74    8.15___11:23:47 72      36    36    4.69    +++   0     
3.65    8.15___11:24:8  73      36    37    4.68    +++   1     
1.57    8.15___11:24:24 74      37    37    4.63    ---   0     
1.05    8.15___11:24:36 75      38    37    4.59    ---   -1    
1.05    8.15___11:24:48 76      39    37    4.54    ---   -2    
2.78    8.15___11:25:6  77      39    38    4.52    +++   -1    
1.04    8.15___11:25:18 78      40    38    4.47    ---   -2    
2.74    8.15___11:25:37 79      40    39    4.45    +++   -1    
1.11    8.15___11:25:50 80      41    39    4.41    ---   -2    
1.04    8.15___11:26:2  81      42    39    4.37    ---   -3    
2.97    8.15___11:26:21 82      42    40    4.35    +++   -2    
13.58   8.15___11:26:54 83      42    41    4.46    +++   -1    
1       8.15___11:27:5  84      43    41    4.42    ---   -2    
3.99    8.15___11:27:26 85      43    42    4.41    +++   -1    
1.03    8.15___11:27:38 86      44    42    4.37    ---   -2    
2.88    8.15___11:27:57 87      44    43    4.36    +++   -1    
1.28    8.15___11:28:11 88      45    43    4.32    ---   -2    
2.51    8.15___11:28:29 89      45    44    4.3     +++   -1    
1.25    8.15___11:28:43 90      46    44    4.27    ---   -2    
3.28    8.15___11:29:3  91      46    45    4.26    +++   -1    
2.74    8.15___11:29:22 92      46    46    4.24    +++   0     
6.87    8.15___11:29:48 93      46    47    4.27    +++   1     
15.72   8.15___11:30:23 94      46    48    4.39    +++   2     
1.43    8.15___11:30:37 95      47    48    4.36    ---   1     
2       8.15___11:30:54 96      47    49    4.33    +++   2     
15.06   8.15___11:31:28 97      47    50    4.45    +++   3     
1.25    8.15___11:31:42 98      48    50    4.41    ---   2     
1       8.15___11:31:53 99      49    50    4.38    ---   1     
2       8.15___11:32:10 100     49    51    4.35    +++   2     
1.37    8.15___11:32:24 101     50    51    4.32    ---   1     
1.59    8.15___11:32:39 102     51    51    4.3     ---   0     
2.56    8.15___11:32:58 103     51    52    4.28    +++   1     
1.16    8.15___11:33:11 104     52    52    4.25    ---   0     
1.69    8.15___11:33:27 105     53    52    4.23    ---   -1    
2       8.15___11:33:44 106     53    53    4.21    +++   0     
3.58    8.15___11:34:4  107     53    54    4.2     +++   1     
8.38    8.15___11:34:32 108     53    55    4.24    +++   2     
12.04   8.15___11:35:4  109     53    56    4.31    +++   3     
3.03    8.15___11:35:23 110     53    57    4.3     +++   4     
1.32    8.15___11:35:37 111     54    57    4.27    ---   3     
17.05   8.15___11:36:13 112     54    58    4.39    +++   4     
1.71    8.15___11:36:29 113     55    58    4.36    ---   3     
2.36    8.15___11:36:47 114     55    59    4.34    +++   4     
1.57    8.15___11:37:2  115     56    59    4.32    ---   3     
2.12    8.15___11:37:19 116     56    60    4.3     +++   4     
1.21    8.15___11:37:33 117     57    60    4.27    ---   3     
1.35    8.15___11:37:47 118     58    60    4.25    ---   2     
5.02    8.15___11:38:10 119     58    61    4.26    +++   3     
1.76    8.15___11:38:27 120     59    61    4.23    ---   2     
1.09    8.15___11:38:39 121     60    61    4.21    ---   1     
3.33    8.15___11:38:59 122     60    62    4.2     +++   2     
1.03    8.15___11:39:11 123     61    62    4.18    ---   1     
1.07    8.15___11:39:23 124     62    62    4.15    ---   0     
17.53   8.15___11:39:59 125     62    63    4.26    +++   1     
1.59    8.15___11:40:15 126     63    63    4.24    ---   0     
1.63    8.15___11:40:30 127     64    63    4.22    ---   -1    
1.82    8.15___11:40:47 128     65    63    4.2     ---   -2    
3.07    8.15___11:41:6  129     65    64    4.19    +++   -1    
1.24    8.15___11:41:20 130     66    64    4.17    ---   -2    
1.61    8.15___11:41:35 131     67    64    4.15    ---   -3    
3.06    8.15___11:41:55 132     67    65    4.14    +++   -2    
1.08    8.15___11:42:7  133     68    65    4.11    ---   -3    
1.85    8.15___11:42:24 134     69    65    4.1     ---   -4    
11.56   8.15___11:42:55 135     69    66    4.15    +++   -3    
4.72    8.15___11:43:17 136     69    67    4.16    +++   -2    
10.93   8.15___11:43:48 137     69    68    4.21    +++   -1    
1.86    8.15___11:44:4  138     70    68    4.19    ---   -2    
1.42    8.15___11:44:19 139     71    68    4.17    ---   -3    
1.23    8.15___11:44:33 140     72    68    4.15    ---   -4    
1.22    8.15___11:44:46 141     73    68    4.13    ---   -5    
34.87   8.15___11:45:33 142     73    69    4.34    +++   -4    
2.39    8.15___11:45:51 143     73    70    4.33    +++   -3    
1.24    8.15___11:46:5  144     74    70    4.31    ---   -4    
3.73    8.15___11:46:26 145     74    71    4.31    +++   -3    
1.77    8.15___11:46:42 146     75    71    4.29    ---   -4    
26.54   8.15___11:47:25 147     75    72    4.44    +++   -3    
1.14    8.15___11:47:38 148     76    72    4.42    ---   -4    
4       8.15___11:47:59 149     76    73    4.41    +++   -3    
4       8.15___11:48:21 150     76    74    4.41    +++   -2    
2.98    8.15___11:48:40 151     76    75    4.4     +++   -1    
1.05    8.15___11:48:52 152     77    75    4.38    ---   -2    
1.54    8.15___11:49:7  153     78    75    4.36    ---   -3    
1.94    8.15___11:49:24 154     79    75    4.35    ---   -4    
1       8.15___11:49:35 155     80    75    4.32    ---   -5    
1.19    8.15___11:49:48 156     81    75    4.3     ---   -6    
1.12    8.15___11:50:1  157     82    75    4.28    ---   -7    
1.97    8.15___11:50:17 158     83    75    4.27    ---   -8    
14.69   8.15___11:50:51 159     83    76    4.33    +++   -7    
3.16    8.15___11:51:11 160     83    77    4.33    +++   -6    
17.34   8.15___11:51:47 161     83    78    4.41    +++   -5    
1.76    8.15___11:52:3  162     84    78    4.39    ---   -6    
9.04    8.15___11:52:32 163     84    79    4.42    +++   -5    
3.75    8.15___11:52:53 164     84    80    4.42    +++   -4    
23.1    8.15___11:53:33 165     84    81    4.53    +++   -3    
1       8.15___11:53:44 166     85    81    4.51    ---   -4    
1.02    8.15___11:53:55 167     86    81    4.49    ---   -5    
1.81    8.15___11:54:11 168     87    81    4.47    ---   -6    
1.94    8.15___11:54:28 169     88    81    4.46    ---   -7    
2.1     8.15___11:54:45 170     88    82    4.44    +++   -6    
1.19    8.15___11:54:59 171     89    82    4.42    ---   -7    
12.62   8.15___11:55:31 172     89    83    4.47    +++   -6    
1       8.15___11:55:41 173     90    83    4.45    ---   -7    
28.75   8.15___11:56:25 174     90    84    4.59    +++   -6    
1.01    8.15___11:56:36 175     91    84    4.57    ---   -7    
1.09    8.15___11:56:49 176     92    84    4.55    ---   -8    
2.05    8.15___11:57:6  177     92    85    4.54    +++   -7    
3.1     8.15___11:57:25 178     92    86    4.53    +++   -6    
1.12    8.15___11:57:38 179     93    86    4.51    ---   -7    
16.75   8.15___11:58:14 180     93    87    4.58    +++   -6    
11.59   8.15___11:58:45 181     93    88    4.61    +++   -5    
14.34   8.15___11:59:19 182     93    89    4.67    +++   -4    
2.91    8.15___11:59:38 183     93    90    4.66    +++   -3    
2.83    8.15___11:59:57 184     93    91    4.65    +++   -2    
