3.32    8.15___10:0:15  1       0     1     3.32    +++   1     
28.08   8.15___10:0:59  2       0     2     15.7    +++   2     
1.21    8.15___10:1:12  3       1     2     10.87   ---   1     
3.61    8.15___10:1:33  4       1     3     9.05    +++   2     
2.59    8.15___10:1:51  5       1     4     7.76    +++   3     
1.49    8.15___10:2:6   6       2     4     6.71    ---   2     
1.87    8.15___10:2:23  7       3     4     6.02    ---   1     
2.83    8.15___10:2:42  8       3     5     5.62    +++   2     
1.11    8.15___10:2:54  9       4     5     5.12    ---   1     
7.89    8.15___10:3:22  10      4     6     5.4     +++   2     
2.31    8.15___10:3:39  11      4     7     5.11    +++   3     
1.75    8.15___10:3:55  12      5     7     4.83    ---   2     
15.1    8.15___10:4:30  13      5     8     5.62    +++   3     
1.08    8.15___10:4:42  14      6     8     5.3     ---   2     
3.18    8.15___10:5:2   15      6     9     5.16    +++   3     
12.67   8.15___10:5:34  16      6     10    5.63    +++   4     
6.09    8.15___10:5:59  17      6     11    5.65    +++   5     
1.3     8.15___10:6:13  18      7     11    5.41    ---   4     
2.03    8.15___10:6:30  19      7     12    5.23    +++   5     
3.81    8.15___10:6:51  20      7     13    5.16    +++   6     
1.28    8.15___10:7:5   21      8     13    4.98    ---   5     
2.58    8.15___10:7:23  22      8     14    4.87    +++   6     
2.28    8.15___10:7:41  23      8     15    4.75    +++   7     
1.81    8.15___10:7:57  24      9     15    4.63    ---   6     
1.5     8.15___10:8:12  25      10    15    4.51    ---   5     
1.31    8.15___10:8:26  26      11    15    4.38    ---   4     
16.73   8.15___10:9:2   27      11    16    4.84    +++   5     
3.42    8.15___10:9:22  28      11    17    4.79    +++   6     
1.56    8.15___10:9:38  29      12    17    4.68    ---   5     
1.25    8.15___10:9:51  30      13    17    4.56    ---   4     
3.56    8.15___10:10:12 31      13    18    4.53    +++   5     
1.61    8.15___10:10:27 32      14    18    4.44    ---   4     
1.78    8.15___10:10:44 33      15    18    4.36    ---   3     
11.63   8.15___10:11:15 34      15    19    4.57    +++   4     
32.81   8.15___10:12:1  35      15    20    5.38    +++   5     
1.49    8.15___10:12:16 36      16    20    5.27    ---   4     
1.19    8.15___10:12:29 37      17    20    5.16    ---   3     
1.38    8.15___10:12:44 38      18    20    5.06    ---   2     
1.85    8.15___10:13:0  39      19    20    4.98    ---   1     
1.41    8.15___10:13:15 40      20    20    4.89    ---   0     
3.27    8.15___10:13:35 41      20    21    4.85    +++   1     
4.07    8.15___10:13:56 42      20    22    4.83    +++   2     
2.68    8.15___10:14:15 43      20    23    4.78    +++   3     
2.16    8.15___10:14:32 44      20    24    4.72    +++   4     
1.59    8.15___10:14:48 45      21    24    4.65    ---   3     
1.99    8.15___10:15:5  46      22    24    4.59    ---   2     
1.42    8.15___10:15:19 47      23    24    4.53    ---   1     
1.03    8.15___10:15:31 48      24    24    4.45    ---   0     
4.04    8.15___10:15:52 49      24    25    4.44    +++   1     
1.14    8.15___10:16:5  50      25    25    4.38    ---   0     
3.43    8.15___10:16:26 51      25    26    4.36    +++   1     
1       8.15___10:16:36 52      26    26    4.29    ---   0     
1.58    8.15___10:16:52 53      27    26    4.24    ---   -1    
1.06    8.15___10:17:4  54      28    26    4.18    ---   -2    
1.05    8.15___10:17:16 55      29    26    4.13    ---   -3    
2.87    8.15___10:17:35 56      29    27    4.1     +++   -2    
2.52    8.15___10:17:53 57      29    28    4.08    +++   -1    
4.47    8.15___10:18:15 58      29    29    4.08    +++   0     
5.21    8.15___10:18:39 59      29    30    4.1     +++   1     
9.86    8.15___10:19:8  60      29    31    4.2     +++   2     
1.37    8.15___10:19:23 61      30    31    4.15    ---   1     
1       8.15___10:19:33 62      31    31    4.1     ---   0     
9.55    8.15___10:20:2  63      31    32    4.19    +++   1     
9.49    8.15___10:20:31 64      31    33    4.27    +++   2     
2.73    8.15___10:20:50 65      31    34    4.25    +++   3     
1.77    8.15___10:21:6  66      32    34    4.21    ---   2     
5.32    8.15___10:21:30 67      32    35    4.23    +++   3     
1.69    8.15___10:21:46 68      33    35    4.19    ---   2     
1.13    8.15___10:21:58 69      34    35    4.14    ---   1     
1.5     8.15___10:22:13 70      35    35    4.11    ---   0     
1.02    8.15___10:22:25 71      36    35    4.06    ---   -1    
1.83    8.15___10:22:41 72      37    35    4.03    ---   -2    
1.46    8.15___10:22:56 73      38    35    4       ---   -3    
1.41    8.15___10:23:11 74      39    35    3.96    ---   -4    
3.65    8.15___10:23:31 75      39    36    3.96    +++   -3    
2.18    8.15___10:23:49 76      39    37    3.93    +++   -2    
24.76   8.15___10:24:30 77      39    38    4.2     +++   -1    
8.86    8.15___10:24:59 78      39    39    4.26    +++   0     
1.07    8.15___10:25:11 79      40    39    4.22    ---   -1    
3.98    8.15___10:25:32 80      40    40    4.22    +++   0     
26.38   8.15___10:26:15 81      40    41    4.49    +++   1     
3.56    8.15___10:26:35 82      40    42    4.48    +++   2     
10.69   8.15___10:27:5  83      40    43    4.56    +++   3     
1.25    8.15___10:27:19 84      41    43    4.52    ---   2     
2.33    8.15___10:27:37 85      41    44    4.49    +++   3     
1       8.15___10:27:48 86      42    44    4.45    ---   2     
3.84    8.15___10:28:9  87      42    45    4.44    +++   3     
2.21    8.15___10:28:26 88      42    46    4.42    +++   4     
1.46    8.15___10:28:41 89      43    46    4.38    ---   3     
1.26    8.15___10:28:55 90      44    46    4.35    ---   2     
1.12    8.15___10:29:8  91      45    46    4.31    ---   1     
3.82    8.15___10:29:29 92      45    47    4.31    +++   2     
2.56    8.15___10:29:47 93      45    48    4.29    +++   3     
29.66   8.15___10:30:32 94      45    49    4.56    +++   4     
34.36   8.15___10:31:19 95      45    50    4.87    +++   5     
2.99    8.15___10:31:38 96      45    51    4.85    +++   6     
15.07   8.15___10:32:12 97      45    52    4.96    +++   7     
1.74    8.15___10:32:28 98      46    52    4.93    ---   6     
1.98    8.15___10:32:45 99      47    52    4.9     ---   5     
4.41    8.15___10:33:7  100     47    53    4.89    +++   6     
7.73    8.15___10:33:34 101     47    54    4.92    +++   7     
11.63   8.15___10:34:5  102     47    55    4.99    +++   8     
2.26    8.15___10:34:23 103     47    56    4.96    +++   9     
1.06    8.15___10:34:35 104     48    56    4.92    ---   8     
2.59    8.15___10:34:54 105     48    57    4.9     +++   9     
1.57    8.15___10:35:9  106     49    57    4.87    ---   8     
1.04    8.15___10:35:21 107     50    57    4.83    ---   7     
9.8     8.15___10:35:50 108     50    58    4.88    +++   8     
1.04    8.15___10:36:2  109     51    58    4.84    ---   7     
1.14    8.15___10:36:15 110     52    58    4.81    ---   6     
2.02    8.15___10:36:32 111     52    59    4.78    +++   7     
1.28    8.15___10:36:46 112     53    59    4.75    ---   6     
5.75    8.15___10:37:10 113     53    60    4.76    +++   7     
2.61    8.15___10:37:29 114     53    61    4.74    +++   8     
1.71    8.15___10:37:45 115     54    61    4.72    ---   7     
17.12   8.15___10:38:20 116     54    62    4.82    +++   8     
2.89    8.15___10:38:40 117     54    63    4.81    +++   9     
1.74    8.15___10:38:56 118     55    63    4.78    ---   8     
5.79    8.15___10:39:20 119     55    64    4.79    +++   9     
4.51    8.15___10:39:42 120     55    65    4.79    +++   10    
1.31    8.15___10:39:57 121     56    65    4.76    ---   9     
1.68    8.15___10:40:12 122     57    65    4.73    ---   8     
4.96    8.15___10:40:35 123     57    66    4.73    +++   9     
1.29    8.15___10:40:49 124     58    66    4.71    ---   8     
2.71    8.15___10:41:8  125     58    67    4.69    +++   9     
2.39    8.15___10:41:26 126     58    68    4.67    +++   10    
6.24    8.15___10:41:51 127     58    69    4.68    +++   11    
1.09    8.15___10:42:4  128     59    69    4.66    ---   10    
1.3     8.15___10:42:18 129     60    69    4.63    ---   9     
3.08    8.15___10:42:37 130     60    70    4.62    +++   10    
1.21    8.15___10:42:51 131     61    70    4.59    ---   9     
5.05    8.15___10:43:14 132     61    71    4.6     +++   10    
7.9     8.15___10:43:41 133     61    72    4.62    +++   11    
1.72    8.15___10:43:57 134     62    72    4.6     ---   10    
1.99    8.15___10:44:14 135     63    72    4.58    ---   9     
1.06    8.15___10:44:26 136     64    72    4.55    ---   8     
2.14    8.15___10:44:43 137     64    73    4.54    +++   9     
3.31    8.15___10:45:4  138     64    74    4.53    +++   10    
1.15    8.15___10:45:17 139     65    74    4.5     ---   9     
1.98    8.15___10:45:33 140     66    74    4.48    ---   8     
6.24    8.15___10:45:58 141     66    75    4.5     +++   9     
1.02    8.15___10:46:10 142     67    75    4.47    ---   8     
2.53    8.15___10:46:28 143     67    76    4.46    +++   9     
1.3     8.15___10:46:42 144     68    76    4.44    ---   8     
1.2     8.15___10:46:56 145     69    76    4.41    ---   7     
11.01   8.15___10:47:26 146     69    77    4.46    +++   8     
1.57    8.15___10:47:41 147     70    77    4.44    ---   7     
4.03    8.15___10:48:3  148     70    78    4.44    +++   8     
1.62    8.15___10:48:19 149     71    78    4.42    ---   7     
4.23    8.15___10:48:40 150     71    79    4.42    +++   8     
1.26    8.15___10:48:54 151     72    79    4.4     ---   7     
1.98    8.15___10:49:11 152     73    79    4.38    ---   6     
3.27    8.15___10:49:31 153     73    80    4.37    +++   7     
1.34    8.15___10:49:45 154     74    80    4.35    ---   6     
2.96    8.15___10:50:5  155     74    81    4.34    +++   7     
1.88    8.15___10:50:21 156     75    81    4.33    ---   6     
2.11    8.15___10:50:38 157     75    82    4.31    +++   7     
1.65    8.15___10:50:54 158     76    82    4.3     ---   6     
2.86    8.15___10:51:13 159     76    83    4.29    +++   7     
9.17    8.15___10:51:42 160     76    84    4.32    +++   8     
3.02    8.15___10:52:1  161     76    85    4.31    +++   9     
2.23    8.15___10:52:19 162     76    86    4.3     +++   10    
1.41    8.15___10:52:34 163     77    86    4.28    ---   9     
5.3     8.15___10:52:57 164     77    87    4.29    +++   10    
2.07    8.15___10:53:14 165     77    88    4.27    +++   11    
1.89    8.15___10:53:31 166     78    88    4.26    ---   10    
2.51    8.15___10:53:49 167     78    89    4.25    +++   11    
1.21    8.15___10:54:3  168     79    89    4.23    ---   10    
2.12    8.15___10:54:20 169     79    90    4.22    +++   11    
16.44   8.15___10:54:55 170     79    91    4.29    +++   12    
1       8.15___10:55:6  171     80    91    4.27    ---   11    
2.17    8.15___10:55:23 172     80    92    4.26    +++   12    
1.15    8.15___10:55:36 173     81    92    4.24    ---   11    
5.98    8.15___10:56:1  174     81    93    4.25    +++   12    
1.3     8.15___10:56:15 175     82    93    4.23    ---   11    
3.38    8.15___10:56:35 176     82    94    4.23    +++   12    
14.82   8.15___10:57:9  177     82    95    4.29    +++   13    
2.46    8.15___10:57:28 178     82    96    4.28    +++   14    
1.03    8.15___10:57:39 179     83    96    4.26    ---   13    
1.78    8.15___10:57:55 180     84    96    4.24    ---   12    
8.26    8.15___10:58:23 181     84    97    4.27    +++   13    
1.39    8.15___10:58:37 182     85    97    4.25    ---   12    
4.08    8.15___10:58:59 183     85    98    4.25    +++   13    
1.58    8.15___10:59:14 184     86    98    4.24    ---   12    
1.23    8.15___10:59:28 185     87    98    4.22    ---   11    
10.03   8.15___10:59:58 186     87    99    4.25    +++   12    
