3.23    8.15___13:0:0   1       0     1     3.23    +++   1     
1.16    8.15___13:0:14  2       1     1     2.19    ---   0     
4.28    8.15___13:0:36  3       1     2     2.89    +++   1     
1.8     8.15___13:0:52  4       2     2     2.61    ---   0     
2.28    8.15___13:1:9   5       2     3     2.54    +++   1     
3.94    8.15___13:1:31  6       2     4     2.78    +++   2     
2.58    8.15___13:1:49  7       2     5     2.75    +++   3     
12.21   8.15___13:2:21  8       2     6     3.93    +++   4     
4.1     8.15___13:2:43  9       2     7     3.95    +++   5     
1.13    8.15___13:2:56  10      3     7     3.67    ---   4     
4.7     8.15___13:3:18  11      3     8     3.76    +++   5     
3.37    8.15___13:3:39  12      3     9     3.73    +++   6     
5.6     8.15___13:4:3   13      3     10    3.87    +++   7     
22.4    8.15___13:4:43  14      3     11    5.19    +++   8     
1.81    8.15___13:4:59  15      4     11    4.97    ---   7     
1       8.15___13:5:9   16      5     11    4.72    ---   6     
1.33    8.15___13:5:24  17      6     11    4.52    ---   5     
3.15    8.15___13:5:43  18      6     12    4.44    +++   6     
21.02   8.15___13:6:22  19      6     13    5.32    +++   7     
2.78    8.15___13:6:41  20      6     14    5.19    +++   8     
1       8.15___13:6:52  21      7     14    4.99    ---   7     
1.06    8.15___13:7:4   22      8     14    4.81    ---   6     
2.03    8.15___13:7:21  23      8     15    4.69    +++   7     
2.15    8.15___13:7:38  24      8     16    4.58    +++   8     
1.81    8.15___13:7:54  25      9     16    4.47    ---   7     
10.99   8.15___13:8:25  26      9     17    4.72    +++   8     
1.3     8.15___13:8:39  27      10    17    4.6     ---   7     
1.98    8.15___13:8:56  28      11    17    4.5     ---   6     
1.54    8.15___13:9:11  29      12    17    4.4     ---   5     
6.92    8.15___13:9:37  30      12    18    4.48    +++   6     
1.83    8.15___13:9:53  31      13    18    4.4     ---   5     
6.13    8.15___13:10:18 32      13    19    4.45    +++   6     
2.12    8.15___13:10:35 33      13    20    4.38    +++   7     
1.15    8.15___13:10:48 34      14    20    4.29    ---   6     
1.71    8.15___13:11:4  35      15    20    4.21    ---   5     
8.08    8.15___13:11:32 36      15    21    4.32    +++   6     
2.7     8.15___13:11:50 37      15    22    4.28    +++   7     
4.64    8.15___13:12:13 38      15    23    4.28    +++   8     
2.82    8.15___13:12:32 39      15    24    4.25    +++   9     
21.96   8.15___13:13:12 40      15    25    4.69    +++   10    
1.68    8.15___13:13:27 41      16    25    4.62    ---   9     
4.08    8.15___13:13:49 42      16    26    4.6     +++   10    
1.27    8.15___13:14:3  43      17    26    4.53    ---   9     
3.52    8.15___13:14:23 44      17    27    4.5     +++   10    
1.14    8.15___13:14:36 45      18    27    4.43    ---   9     
4.07    8.15___13:14:58 46      18    28    4.42    +++   10    
1.36    8.15___13:15:12 47      19    28    4.35    ---   9     
20.15   8.15___13:15:51 48      19    29    4.68    +++   10    
6.12    8.15___13:16:16 49      19    30    4.71    +++   11    
3.19    8.15___13:16:35 50      19    31    4.68    +++   12    
7.79    8.15___13:17:2  51      19    32    4.74    +++   13    
1.54    8.15___13:17:18 52      20    32    4.68    ---   12    
2.66    8.15___13:17:36 53      20    33    4.64    +++   13    
2.28    8.15___13:17:54 54      20    34    4.6     +++   14    
4.04    8.15___13:18:16 55      20    35    4.59    +++   15    
1.75    8.15___13:18:32 56      21    35    4.54    ---   14    
4.52    8.15___13:18:54 57      21    36    4.54    +++   15    
1.25    8.15___13:19:8  58      22    36    4.48    ---   14    
1.42    8.15___13:19:22 59      23    36    4.43    ---   13    
1.46    8.15___13:19:37 60      24    36    4.38    ---   12    
15.14   8.15___13:20:12 61      24    37    4.56    +++   13    
1       8.15___13:20:22 62      25    37    4.5     ---   12    
1.5     8.15___13:20:37 63      26    37    4.45    ---   11    
1.08    8.15___13:20:50 64      27    37    4.4     ---   10    
2.48    8.15___13:21:8  65      27    38    4.37    +++   11    
2.4     8.15___13:21:26 66      27    39    4.34    +++   12    
1.61    8.15___13:21:42 67      28    39    4.3     ---   11    
3.59    8.15___13:22:2  68      28    40    4.29    +++   12    
1.05    8.15___13:22:14 69      29    40    4.24    ---   11    
3.09    8.15___13:22:34 70      29    41    4.22    +++   12    
1.97    8.15___13:22:51 71      30    41    4.19    ---   11    
3.93    8.15___13:23:12 72      30    42    4.19    +++   12    
1.09    8.15___13:23:25 73      31    42    4.15    ---   11    
1.01    8.15___13:23:36 74      32    42    4.1     ---   10    
1.98    8.15___13:23:53 75      33    42    4.08    ---   9     
1.51    8.15___13:24:8  76      34    42    4.04    ---   8     
2.29    8.15___13:24:26 77      34    43    4.02    +++   9     
9.59    8.15___13:24:55 78      34    44    4.09    +++   10    
4.84    8.15___13:25:18 79      34    45    4.1     +++   11    
1.27    8.15___13:25:31 80      35    45    4.06    ---   10    
3.65    8.15___13:25:52 81      35    46    4.06    +++   11    
1.08    8.15___13:26:5  82      36    46    4.02    ---   10    
2.21    8.15___13:26:22 83      36    47    4       +++   11    
1.3     8.15___13:26:36 84      37    47    3.97    ---   10    
5.55    8.15___13:27:0  85      37    48    3.99    +++   11    
1.75    8.15___13:27:16 86      38    48    3.96    ---   10    
1.46    8.15___13:27:31 87      39    48    3.93    ---   9     
4.38    8.15___13:27:53 88      39    49    3.94    +++   10    
1.18    8.15___13:28:7  89      40    49    3.91    ---   9     
1.76    8.15___13:28:23 90      41    49    3.88    ---   8     
2.66    8.15___13:28:41 91      41    50    3.87    +++   9     
2.18    8.15___13:28:59 92      41    51    3.85    +++   10    
23.57   8.15___13:29:39 93      41    52    4.06    +++   11    
5.02    8.15___13:30:3  94      41    53    4.07    +++   12    
5.04    8.15___13:30:26 95      41    54    4.08    +++   13    
1.5     8.15___13:30:41 96      42    54    4.06    ---   12    
2.25    8.15___13:30:58 97      42    55    4.04    +++   13    
1.16    8.15___13:31:12 98      43    55    4.01    ---   12    
3.36    8.15___13:31:32 99      43    56    4       +++   13    
1.03    8.15___13:31:43 100     44    56    3.97    ---   12    
1.74    8.15___13:31:59 101     45    56    3.95    ---   11    
4.7     8.15___13:32:22 102     45    57    3.96    +++   12    
7.27    8.15___13:32:49 103     45    58    3.99    +++   13    
3.98    8.15___13:33:10 104     45    59    3.99    +++   14    
2.47    8.15___13:33:28 105     45    60    3.97    +++   15    
20.05   8.15___13:34:6  106     45    61    4.13    +++   16    
6       8.15___13:34:31 107     45    62    4.14    +++   17    
1.67    8.15___13:34:47 108     46    62    4.12    ---   16    
6.18    8.15___13:35:12 109     46    63    4.14    +++   17    
5.42    8.15___13:35:36 110     46    64    4.15    +++   18    
14.62   8.15___13:36:9  111     46    65    4.24    +++   19    
9.04    8.15___13:36:38 112     46    66    4.29    +++   20    
2.05    8.15___13:36:55 113     46    67    4.27    +++   21    
2.14    8.15___13:37:12 114     46    68    4.25    +++   22    
4.1     8.15___13:37:34 115     46    69    4.25    +++   23    
1.54    8.15___13:37:49 116     47    69    4.22    ---   22    
6.55    8.15___13:38:15 117     47    70    4.24    +++   23    
1.05    8.15___13:38:27 118     48    70    4.22    ---   22    
1.01    8.15___13:38:38 119     49    70    4.19    ---   21    
1       8.15___13:38:48 120     50    70    4.16    ---   20    
26.68   8.15___13:39:31 121     50    71    4.35    +++   21    
1.04    8.15___13:39:43 122     51    71    4.32    ---   20    
5.4     8.15___13:40:7  123     51    72    4.33    +++   21    
3.13    8.15___13:40:26 124     51    73    4.32    +++   22    
1.09    8.15___13:40:39 125     52    73    4.3     ---   21    
1.89    8.15___13:40:55 126     53    73    4.28    ---   20    
3.31    8.15___13:41:16 127     53    74    4.27    +++   21    
5.01    8.15___13:41:39 128     53    75    4.27    +++   22    
1.04    8.15___13:41:51 129     54    75    4.25    ---   21    
1.64    8.15___13:42:6  130     55    75    4.23    ---   20    
1.15    8.15___13:42:19 131     56    75    4.21    ---   19    
3.09    8.15___13:42:39 132     56    76    4.2     +++   20    
22.66   8.15___13:43:19 133     56    77    4.34    +++   21    
4.9     8.15___13:43:42 134     56    78    4.34    +++   22    
8.75    8.15___13:44:10 135     56    79    4.37    +++   23    
1.43    8.15___13:44:25 136     57    79    4.35    ---   22    
2.4     8.15___13:44:43 137     57    80    4.34    +++   23    
1.03    8.15___13:44:55 138     58    80    4.31    ---   22    
1.64    8.15___13:45:10 139     59    80    4.29    ---   21    
1.35    8.15___13:45:24 140     60    80    4.27    ---   20    
15.69   8.15___13:45:59 141     60    81    4.35    +++   21    
2.07    8.15___13:46:16 142     60    82    4.34    +++   22    
1       8.15___13:46:27 143     61    82    4.31    ---   21    
1.9     8.15___13:46:44 144     62    82    4.3     ---   20    
1.31    8.15___13:46:58 145     63    82    4.28    ---   19    
2.44    8.15___13:47:16 146     63    83    4.26    +++   20    
3.2     8.15___13:47:36 147     63    84    4.26    +++   21    
1.01    8.15___13:47:47 148     64    84    4.23    ---   20    
1.56    8.15___13:48:2  149     65    84    4.22    ---   19    
1.99    8.15___13:48:19 150     66    84    4.2     ---   18    
2.35    8.15___13:48:37 151     66    85    4.19    +++   19    
23.5    8.15___13:49:18 152     66    86    4.32    +++   20    
2.06    8.15___13:49:35 153     66    87    4.3     +++   21    
3.24    8.15___13:49:55 154     66    88    4.29    +++   22    
1.11    8.15___13:50:7  155     67    88    4.27    ---   21    
1.93    8.15___13:50:24 156     68    88    4.26    ---   20    
1.08    8.15___13:50:36 157     69    88    4.24    ---   19    
3.91    8.15___13:50:58 158     69    89    4.24    +++   20    
1.13    8.15___13:51:11 159     70    89    4.22    ---   19    
1.09    8.15___13:51:23 160     71    89    4.2     ---   18    
2.08    8.15___13:51:40 161     71    90    4.18    +++   19    
1.2     8.15___13:51:54 162     72    90    4.17    ---   18    
2.67    8.15___13:52:12 163     72    91    4.16    +++   19    
1.64    8.15___13:52:28 164     73    91    4.14    ---   18    
24.26   8.15___13:53:9  165     73    92    4.26    +++   19    
1.56    8.15___13:53:24 166     74    92    4.25    ---   18    
1.13    8.15___13:53:37 167     75    92    4.23    ---   17    
1.83    8.15___13:53:54 168     76    92    4.21    ---   16    
31.83   8.15___13:54:39 169     76    93    4.38    +++   17    
1.33    8.15___13:54:53 170     77    93    4.36    ---   16    
23.16   8.15___13:55:34 171     77    94    4.47    +++   17    
1.59    8.15___13:55:49 172     78    94    4.45    ---   16    
17.04   8.15___13:56:25 173     78    95    4.52    +++   17    
1.82    8.15___13:56:41 174     79    95    4.51    ---   16    
2.78    8.15___13:57:0  175     79    96    4.5     +++   17    
3.18    8.15___13:57:20 176     79    97    4.49    +++   18    
1.51    8.15___13:57:35 177     80    97    4.48    ---   17    
1.78    8.15___13:57:51 178     81    97    4.46    ---   16    
1.12    8.15___13:58:4  179     82    97    4.44    ---   15    
1.82    8.15___13:58:20 180     83    97    4.43    ---   14    
1.45    8.15___13:58:35 181     84    97    4.41    ---   13    
6.16    8.15___13:59:0  182     84    98    4.42    +++   14    
1.42    8.15___13:59:15 183     85    98    4.4     ---   13    
1.89    8.15___13:59:31 184     86    98    4.39    ---   12    
2.58    8.15___13:59:50 185     86    99    4.38    +++   13    
