4.85    8.15___21:0:14  1       0     1     4.84    +++   1     
1.03    8.15___21:0:25  2       1     1     2.94    ---   0     
1.02    8.15___21:0:37  3       2     1     2.3     ---   -1    
1.21    8.15___21:0:50  4       3     1     2.02    ---   -2    
1.78    8.15___21:1:6   5       4     1     1.97    ---   -3    
25.69   8.15___21:1:49  6       4     2     5.93    +++   -2    
17.92   8.15___21:2:25  7       4     3     7.64    +++   -1    
1.53    8.15___21:2:40  8       5     3     6.87    ---   -2    
4.28    8.15___21:3:2   9       5     4     6.59    +++   -1    
1.86    8.15___21:3:19  10      6     4     6.11    ---   -2    
4.68    8.15___21:3:41  11      6     5     5.98    +++   -1    
7.89    8.15___21:4:8   12      6     6     6.14    +++   0     
1.97    8.15___21:4:25  13      7     6     5.82    ---   -1    
2.49    8.15___21:4:44  14      7     7     5.58    +++   0     
28.43   8.15___21:5:27  15      7     8     7.1     +++   1     
1       8.15___21:5:38  16      8     8     6.72    ---   0     
3.81    8.15___21:5:59  17      8     9     6.55    +++   1     
1.07    8.15___21:6:11  18      9     9     6.25    ---   0     
1.06    8.15___21:6:23  19      10    9     5.97    ---   -1    
3.64    8.15___21:6:44  20      10    10    5.86    +++   0     
10.85   8.15___21:7:15  21      10    11    6.09    +++   1     
2.29    8.15___21:7:32  22      10    12    5.92    +++   2     
1.48    8.15___21:7:47  23      11    12    5.73    ---   1     
2.43    8.15___21:8:6   24      11    13    5.59    +++   2     
4.54    8.15___21:8:28  25      11    14    5.55    +++   3     
2.83    8.15___21:8:47  26      11    15    5.44    +++   4     
15.15   8.15___21:9:22  27      11    16    5.8     +++   5     
1.17    8.15___21:9:35  28      12    16    5.64    ---   4     
1.51    8.15___21:9:50  29      13    16    5.49    ---   3     
3.41    8.15___21:10:10 30      13    17    5.42    +++   4     
1       8.15___21:10:21 31      14    17    5.28    ---   3     
1.36    8.15___21:10:35 32      15    17    5.16    ---   2     
1.37    8.15___21:10:50 33      16    17    5.04    ---   1     
4.32    8.15___21:11:12 34      16    18    5.02    +++   2     
1.07    8.15___21:11:24 35      17    18    4.91    ---   1     
3.49    8.15___21:11:45 36      17    19    4.87    +++   2     
1.71    8.15___21:12:1  37      18    19    4.78    ---   1     
1.08    8.15___21:12:13 38      19    19    4.69    ---   0     
1.74    8.15___21:12:29 39      20    19    4.61    ---   -1    
2.12    8.15___21:12:46 40      20    20    4.55    +++   0     
2.35    8.15___21:13:4  41      20    21    4.49    +++   1     
1.49    8.15___21:13:19 42      21    21    4.42    ---   0     
1.12    8.15___21:13:32 43      22    21    4.35    ---   -1    
2.93    8.15___21:13:51 44      22    22    4.31    +++   0     
2.31    8.15___21:14:9  45      22    23    4.27    +++   1     
10.67   8.15___21:14:39 46      22    24    4.41    +++   2     
10.69   8.15___21:15:10 47      22    25    4.54    +++   3     
7.61    8.15___21:15:37 48      22    26    4.61    +++   4     
4.15    8.15___21:15:58 49      22    27    4.6     +++   5     
1.11    8.15___21:16:11 50      23    27    4.53    ---   4     
1.01    8.15___21:16:22 51      24    27    4.46    ---   3     
1.72    8.15___21:16:38 52      25    27    4.4     ---   2     
8.31    8.15___21:17:6  53      25    28    4.48    +++   3     
1.1     8.15___21:17:18 54      26    28    4.42    ---   2     
4.56    8.15___21:17:41 55      26    29    4.42    +++   3     
1.08    8.15___21:17:53 56      27    29    4.36    ---   2     
1.06    8.15___21:18:5  57      28    29    4.3     ---   1     
4.48    8.15___21:18:28 58      28    30    4.3     +++   2     
5.66    8.15___21:18:52 59      28    31    4.33    +++   3     
2.43    8.15___21:19:10 60      28    32    4.29    +++   4     
3.32    8.15___21:19:30 61      28    33    4.28    +++   5     
2.2     8.15___21:19:48 62      28    34    4.24    +++   6     
3.61    8.15___21:20:8  63      28    35    4.23    +++   7     
2.88    8.15___21:20:28 64      28    36    4.21    +++   8     
5.72    8.15___21:20:52 65      28    37    4.24    +++   9     
1.13    8.15___21:21:5  66      29    37    4.19    ---   8     
1.67    8.15___21:21:21 67      30    37    4.15    ---   7     
1.1     8.15___21:21:33 68      31    37    4.11    ---   6     
13.31   8.15___21:22:6  69      31    38    4.24    +++   7     
1.94    8.15___21:22:23 70      32    38    4.21    ---   6     
1.06    8.15___21:22:35 71      33    38    4.16    ---   5     
1.45    8.15___21:22:50 72      34    38    4.13    ---   4     
5.17    8.15___21:23:13 73      34    39    4.14    +++   5     
3.08    8.15___21:23:33 74      34    40    4.12    +++   6     
22.17   8.15___21:24:13 75      34    41    4.37    +++   7     
6.51    8.15___21:24:38 76      34    42    4.39    +++   8     
22.78   8.15___21:25:18 77      34    43    4.63    +++   9     
1.08    8.15___21:25:30 78      35    43    4.59    ---   8     
6.69    8.15___21:25:56 79      35    44    4.61    +++   9     
