3.32    8.15___20:0:4   1       0     1     3.32    +++   1     
2.88    8.15___20:0:23  2       0     2     3.09    +++   2     
2.31    8.15___20:0:41  3       0     3     2.83    +++   3     
4.19    8.15___20:1:2   4       0     4     3.17    +++   4     
1.05    8.15___20:1:14  5       1     4     2.75    ---   3     
1.46    8.15___20:1:29  6       2     4     2.53    ---   2     
3.47    8.15___20:1:50  7       2     5     2.66    +++   3     
2.73    8.15___20:2:9   8       2     6     2.67    +++   4     
1       8.15___20:2:19  9       3     6     2.49    ---   3     
1.25    8.15___20:2:33  10      4     6     2.36    ---   2     
1.73    8.15___20:2:49  11      5     6     2.3     ---   1     
3.58    8.15___20:3:10  12      5     7     2.41    +++   2     
1.96    8.15___20:3:26  13      6     7     2.37    ---   1     
1.19    8.15___20:3:40  14      7     7     2.29    ---   0     
20.68   8.15___20:4:18  15      7     8     3.52    +++   1     
7.44    8.15___20:4:45  16      7     9     3.76    +++   2     
1.19    8.15___20:4:58  17      8     9     3.61    ---   1     
2.11    8.15___20:5:16  18      8     10    3.52    +++   2     
1.16    8.15___20:5:29  19      9     10    3.4     ---   1     
2.88    8.15___20:5:48  20      9     11    3.37    +++   2     
5.44    8.15___20:6:12  21      9     12    3.47    +++   3     
1.49    8.15___20:6:27  22      10    12    3.38    ---   2     
1.08    8.15___20:6:39  23      11    12    3.28    ---   1     
1.1     8.15___20:6:52  24      12    12    3.19    ---   0     
1.83    8.15___20:7:8   25      13    12    3.14    ---   -1    
4.48    8.15___20:7:30  26      13    13    3.19    +++   0     
1.78    8.15___20:7:47  27      14    13    3.13    ---   -1    
1.08    8.15___20:7:59  28      15    13    3.06    ---   -2    
1.91    8.15___20:8:16  29      16    13    3.02    ---   -3    
2.36    8.15___20:8:34  30      16    14    3       +++   -2    
21.15   8.15___20:9:13  31      16    15    3.58    +++   -1    
1.82    8.15___20:9:29  32      17    15    3.53    ---   -2    
6.95    8.15___20:9:55  33      17    16    3.63    +++   -1    
1.08    8.15___20:10:7  34      18    16    3.56    ---   -2    
1.28    8.15___20:10:21 35      19    16    3.49    ---   -3    
2.04    8.15___20:10:38 36      19    17    3.45    +++   -2    
13.32   8.15___20:11:11 37      19    18    3.72    +++   -1    
1.02    8.15___20:11:22 38      20    18    3.65    ---   -2    
3.31    8.15___20:11:43 39      20    19    3.64    +++   -1    
1.61    8.15___20:11:58 40      21    19    3.59    ---   -2    
10.29   8.15___20:12:28 41      21    20    3.75    +++   -1    
7.54    8.15___20:12:55 42      21    21    3.84    +++   0     
1.01    8.15___20:13:6  43      22    21    3.78    ---   -1    
1.08    8.15___20:13:18 44      23    21    3.71    ---   -2    
2.86    8.15___20:13:37 45      23    22    3.69    +++   -1    
1.98    8.15___20:13:54 46      24    22    3.66    ---   -2    
11.49   8.15___20:14:25 47      24    23    3.82    +++   -1    
10.17   8.15___20:14:55 48      24    24    3.96    +++   0     
1.23    8.15___20:15:9  49      25    24    3.9     ---   -1    
1.26    8.15___20:15:22 50      26    24    3.85    ---   -2    
1.02    8.15___20:15:34 51      27    24    3.79    ---   -3    
3.09    8.15___20:15:54 52      27    25    3.78    +++   -2    
1.07    8.15___20:16:6  53      28    25    3.73    ---   -3    
11.18   8.15___20:16:37 54      28    26    3.86    +++   -2    
1.63    8.15___20:16:52 55      29    26    3.82    ---   -3    
2.75    8.15___20:17:11 56      29    27    3.8     +++   -2    
4.13    8.15___20:17:33 57      29    28    3.81    +++   -1    
1.35    8.15___20:17:47 58      30    28    3.77    ---   -2    
1.19    8.15___20:18:1  59      31    28    3.72    ---   -3    
1.99    8.15___20:18:17 60      32    28    3.7     ---   -4    
1.05    8.15___20:18:29 61      33    28    3.65    ---   -5    
2.31    8.15___20:18:47 62      33    29    3.63    +++   -4    
1.62    8.15___20:19:3  63      34    29    3.6     ---   -5    
1.11    8.15___20:19:16 64      35    29    3.56    ---   -6    
1.51    8.15___20:19:31 65      36    29    3.53    ---   -7    
20.11   8.15___20:20:9  66      36    30    3.78    +++   -6    
12.63   8.15___20:20:41 67      36    31    3.91    +++   -5    
1.07    8.15___20:20:53 68      37    31    3.87    ---   -6    
5.74    8.15___20:21:18 69      37    32    3.9     +++   -5    
1.22    8.15___20:21:32 70      38    32    3.86    ---   -6    
26.39   8.15___20:22:14 71      38    33    4.18    +++   -5    
2.64    8.15___20:22:32 72      38    34    4.15    +++   -4    
2.05    8.15___20:22:49 73      38    35    4.12    +++   -3    
8.32    8.15___20:23:17 74      38    36    4.18    +++   -2    
4.53    8.15___20:23:39 75      38    37    4.19    +++   -1    
19.41   8.15___20:24:17 76      38    38    4.39    +++   0     
2.72    8.15___20:24:36 77      38    39    4.36    +++   1     
3.89    8.15___20:24:57 78      38    40    4.36    +++   2     
1.16    8.15___20:25:10 79      39    40    4.32    ---   1     
7.63    8.15___20:25:37 80      39    41    4.36    +++   2     
1.23    8.15___20:25:51 81      40    41    4.32    ---   1     
1.14    8.15___20:26:4  82      41    41    4.28    ---   0     
1.23    8.15___20:26:17 83      42    41    4.24    ---   -1    
1.11    8.15___20:26:30 84      43    41    4.21    ---   -2    
1       8.15___20:26:41 85      44    41    4.17    ---   -3    
1.28    8.15___20:26:54 86      45    41    4.14    ---   -4    
1.09    8.15___20:27:7  87      46    41    4.1     ---   -5    
5.3     8.15___20:27:31 88      46    42    4.11    +++   -4    
4.52    8.15___20:27:53 89      46    43    4.12    +++   -3    
1.05    8.15___20:28:5  90      47    43    4.08    ---   -4    
4.08    8.15___20:28:27 91      47    44    4.08    +++   -3    
2.1     8.15___20:28:44 92      47    45    4.06    +++   -2    
8.51    8.15___20:29:12 93      47    46    4.11    +++   -1    
1.41    8.15___20:29:26 94      48    46    4.08    ---   -2    
3.91    8.15___20:29:48 95      48    47    4.08    +++   -1    
1.83    8.15___20:30:4  96      49    47    4.06    ---   -2    
2.24    8.15___20:30:22 97      49    48    4.04    +++   -1    
1.96    8.15___20:30:38 98      50    48    4.02    ---   -2    
1.25    8.15___20:30:52 99      51    48    3.99    ---   -3    
12.1    8.15___20:31:24 100     51    49    4.07    +++   -2    
24.59   8.15___20:32:5  101     51    50    4.27    +++   -1    
7.02    8.15___20:32:31 102     51    51    4.3     +++   0     
13.12   8.15___20:33:4  103     51    52    4.39    +++   1     
2.57    8.15___20:33:22 104     51    53    4.37    +++   2     
14.79   8.15___20:33:56 105     51    54    4.47    +++   3     
1.11    8.15___20:34:9  106     52    54    4.44    ---   2     
12.84   8.15___20:34:41 107     52    55    4.51    +++   3     
1.63    8.15___20:34:57 108     53    55    4.49    ---   2     
1.83    8.15___20:35:13 109     54    55    4.46    ---   1     
1.24    8.15___20:35:27 110     55    55    4.43    ---   0     
2.32    8.15___20:35:45 111     55    56    4.41    +++   1     
3.13    8.15___20:36:5  112     55    57    4.4     +++   2     
1.03    8.15___20:36:16 113     56    57    4.37    ---   1     
2.32    8.15___20:36:34 114     56    58    4.35    +++   2     
1       8.15___20:36:45 115     57    58    4.33    ---   1     
1.06    8.15___20:36:57 116     58    58    4.3     ---   0     
1       8.15___20:37:7  117     59    58    4.27    ---   -1    
26.49   8.15___20:37:50 118     59    59    4.46    +++   0     
1.43    8.15___20:38:5  119     60    59    4.43    ---   -1    
13.72   8.15___20:38:38 120     60    60    4.51    +++   0     
3.39    8.15___20:38:58 121     60    61    4.5     +++   1     
2.88    8.15___20:39:17 122     60    62    4.49    +++   2     
2.1     8.15___20:39:34 123     60    63    4.47    +++   3     
1.14    8.15___20:39:47 124     61    63    4.44    ---   2     
4.06    8.15___20:40:9  125     61    64    4.44    +++   3     
2.05    8.15___20:40:26 126     61    65    4.42    +++   4     
6.75    8.15___20:40:52 127     61    66    4.44    +++   5     
24.64   8.15___20:41:33 128     61    67    4.59    +++   6     
1.16    8.15___20:41:46 129     62    67    4.57    ---   5     
5.97    8.15___20:42:11 130     62    68    4.58    +++   6     
1.21    8.15___20:42:24 131     63    68    4.55    ---   5     
1.44    8.15___20:42:39 132     64    68    4.53    ---   4     
1.01    8.15___20:42:50 133     65    68    4.5     ---   3     
1.38    8.15___20:43:5  134     66    68    4.48    ---   2     
1       8.15___20:43:15 135     67    68    4.45    ---   1     
1.98    8.15___20:43:32 136     68    68    4.44    ---   0     
1.14    8.15___20:43:45 137     69    68    4.41    ---   -1    
1.33    8.15___20:43:59 138     70    68    4.39    ---   -2    
1.47    8.15___20:44:14 139     71    68    4.37    ---   -3    
1.99    8.15___20:44:31 140     72    68    4.35    ---   -4    
7.55    8.15___20:44:58 141     72    69    4.37    +++   -3    
1.01    8.15___20:45:9  142     73    69    4.35    ---   -4    
1       8.15___20:45:20 143     74    69    4.33    ---   -5    
1.74    8.15___20:45:36 144     75    69    4.31    ---   -6    
6.12    8.15___20:46:1  145     75    70    4.32    +++   -5    
1.43    8.15___20:46:15 146     76    70    4.3     ---   -6    
1.01    8.15___20:46:27 147     77    70    4.28    ---   -7    
2.35    8.15___20:46:44 148     77    71    4.27    +++   -6    
1.05    8.15___20:46:56 149     78    71    4.24    ---   -7    
3.07    8.15___20:47:16 150     78    72    4.24    +++   -6    
9.66    8.15___20:47:45 151     78    73    4.27    +++   -5    
2.45    8.15___20:48:3  152     78    74    4.26    +++   -4    
5.94    8.15___20:48:28 153     78    75    4.27    +++   -3    
7.31    8.15___20:48:55 154     78    76    4.29    +++   -2    
1.58    8.15___20:49:10 155     79    76    4.27    ---   -3    
1.28    8.15___20:49:24 156     80    76    4.25    ---   -4    
20.38   8.15___20:50:2  157     80    77    4.36    +++   -3    
1.32    8.15___20:50:16 158     81    77    4.34    ---   -4    
1.65    8.15___20:50:32 159     82    77    4.32    ---   -5    
7.81    8.15___20:50:59 160     82    78    4.34    +++   -4    
1.1     8.15___20:51:12 161     83    78    4.32    ---   -5    
1.58    8.15___20:51:27 162     84    78    4.3     ---   -6    
1.67    8.15___20:51:43 163     85    78    4.29    ---   -7    
2.19    8.15___20:52:1  164     85    79    4.28    +++   -6    
1.34    8.15___20:52:15 165     86    79    4.26    ---   -7    
2.6     8.15___20:52:33 166     86    80    4.25    +++   -6    
1.72    8.15___20:52:49 167     87    80    4.23    ---   -7    
26.03   8.15___20:53:32 168     87    81    4.36    +++   -6    
1.33    8.15___20:53:46 169     88    81    4.34    ---   -7    
1.1     8.15___20:53:58 170     89    81    4.33    ---   -8    
1.94    8.15___20:54:15 171     90    81    4.31    ---   -9    
3.66    8.15___20:54:36 172     90    82    4.31    +++   -8    
1.93    8.15___20:54:53 173     91    82    4.29    ---   -9    
2.03    8.15___20:55:10 174     91    83    4.28    +++   -8    
2.69    8.15___20:55:28 175     91    84    4.27    +++   -7    
2.14    8.15___20:55:46 176     91    85    4.26    +++   -6    
2.26    8.15___20:56:4  177     91    86    4.25    +++   -5    
6.06    8.15___20:56:28 178     91    87    4.26    +++   -4    
3.15    8.15___20:56:48 179     91    88    4.25    +++   -3    
1.46    8.15___20:57:3  180     92    88    4.24    ---   -4    
1.5     8.15___20:57:18 181     93    88    4.22    ---   -5    
3.7     8.15___20:57:39 182     93    89    4.22    +++   -4    
3.28    8.15___20:57:59 183     93    90    4.21    +++   -3    
1.71    8.15___20:58:15 184     94    90    4.2     ---   -4    
2.99    8.15___20:58:35 185     94    91    4.19    +++   -3    
1.62    8.15___20:58:50 186     95    91    4.18    ---   -4    
1.79    8.15___20:59:6  187     96    91    4.17    ---   -5    
1.41    8.15___20:59:21 188     97    91    4.15    ---   -6    
1.39    8.15___20:59:35 189     98    91    4.14    ---   -7    
1.51    8.15___20:59:51 190     99    91    4.12    ---   -8    
