2.6     8.15___8:18:21  1       0     1     2.6     +++   1     
25.51   8.15___8:19:3   2       0     2     14.05   +++   2     
26.67   8.15___8:19:45  3       0     3     18.26   +++   3     
2.01    8.15___8:20:2   4       0     4     14.19   +++   4     
3.44    8.15___8:20:23  5       0     5     12.04   +++   5     
3       8.15___8:20:42  6       0     6     10.53   +++   6     
2.31    8.15___8:21:0   7       0     7     9.36    +++   7     
1.26    8.15___8:21:14  8       1     7     8.35    ---   6     
4.74    8.15___8:21:37  9       1     8     7.94    +++   7     
1.59    8.15___8:21:52  10      2     8     7.31    ---   6     
1.33    8.15___8:22:6   11      3     8     6.76    ---   5     
2.58    8.15___8:22:25  12      3     9     6.41    +++   6     
2.97    8.15___8:22:44  13      3     10    6.15    +++   7     
1.86    8.15___8:23:1   14      4     10    5.84    ---   6     
7.39    8.15___8:23:27  15      4     11    5.95    +++   7     
2.11    8.15___8:23:45  16      4     12    5.71    +++   8     
25.55   8.15___8:24:26  17      4     13    6.87    +++   9     
1.46    8.15___8:24:41  18      5     13    6.57    ---   8     
4.92    8.15___8:25:4   19      5     14    6.48    +++   9     
6.04    8.15___8:25:29  20      5     15    6.46    +++   10    
2.64    8.15___8:25:48  21      5     16    6.28    +++   11    
1.24    8.15___8:26:1   22      6     16    6.05    ---   10    
2.32    8.15___8:26:19  23      6     17    5.89    +++   11    
2.4     8.15___8:26:37  24      6     18    5.74    +++   12    
2.33    8.15___8:26:55  25      6     19    5.61    +++   13    
1.54    8.15___8:27:10  26      7     19    5.45    ---   12    
4.13    8.15___8:27:32  27      7     20    5.4     +++   13    
1.32    8.15___8:27:46  28      8     20    5.25    ---   12    
2.69    8.15___8:28:5   29      8     21    5.17    +++   13    
7.18    8.15___8:28:31  30      8     22    5.23    +++   14    
2.36    8.15___8:28:49  31      8     23    5.14    +++   15    
1.99    8.15___8:29:6   32      9     23    5.04    ---   14    
1.48    8.15___8:29:21  33      10    23    4.93    ---   13    
3.91    8.15___8:29:42  34      10    24    4.9     +++   14    
1.15    8.15___8:29:55  35      11    24    4.8     ---   13    
1       8.15___8:30:6   36      12    24    4.69    ---   12    
1.32    8.15___8:30:20  37      13    24    4.6     ---   11    
1.44    8.15___8:30:35  38      14    24    4.52    ---   10    
1.08    8.15___8:30:47  39      15    24    4.43    ---   9     
1.17    8.15___8:31:1   40      16    24    4.35    ---   8     
1.74    8.15___8:31:17  41      17    24    4.28    ---   7     
1.29    8.15___8:31:30  42      18    24    4.21    ---   6     
1.55    8.15___8:31:46  43      19    24    4.15    ---   5     
1.5     8.15___8:32:1   44      20    24    4.09    ---   4     
1.55    8.15___8:32:16  45      21    24    4.03    ---   3     
2.04    8.15___8:32:33  46      21    25    3.99    +++   4     
3.77    8.15___8:32:54  47      21    26    3.98    +++   5     
3.55    8.15___8:33:15  48      21    27    3.97    +++   6     
1.13    8.15___8:33:28  49      22    27    3.92    ---   5     
2.15    8.15___8:33:45  50      22    28    3.88    +++   6     
1       8.15___8:33:55  51      23    28    3.82    ---   5     
1.79    8.15___8:34:12  52      24    28    3.79    ---   4     
1.17    8.15___8:34:25  53      25    28    3.74    ---   3     
1.09    8.15___8:34:37  54      26    28    3.69    ---   2     
1.14    8.15___8:34:50  55      27    28    3.64    ---   1     
2.05    8.15___8:35:7   56      27    29    3.61    +++   2     
1.24    8.15___8:35:21  57      28    29    3.57    ---   1     
10.15   8.15___8:35:50  58      28    30    3.68    +++   2     
2.61    8.15___8:36:9   59      28    31    3.67    +++   3     
16.58   8.15___8:36:45  60      28    32    3.88    +++   4     
1.36    8.15___8:36:59  61      29    32    3.84    ---   3     
1.18    8.15___8:37:12  62      30    32    3.8     ---   2     
1.56    8.15___8:37:27  63      31    32    3.76    ---   1     
2.9     8.15___8:37:47  64      31    33    3.75    +++   2     
1.01    8.15___8:37:58  65      32    33    3.7     ---   1     
1.08    8.15___8:38:10  66      33    33    3.66    ---   0     
1.18    8.15___8:38:23  67      34    33    3.63    ---   -1    
8.13    8.15___8:38:51  68      34    34    3.69    +++   0     
1.75    8.15___8:39:7   69      35    34    3.67    ---   -1    
9.95    8.15___8:39:36  70      35    35    3.76    +++   0     
1.52    8.15___8:39:51  71      36    35    3.72    ---   -1    
1.27    8.15___8:40:5   72      37    35    3.69    ---   -2    
1.19    8.15___8:40:19  73      38    35    3.66    ---   -3    
7.47    8.15___8:40:45  74      38    36    3.71    +++   -2    
1       8.15___8:40:56  75      39    36    3.67    ---   -3    
3.07    8.15___8:41:15  76      39    37    3.66    +++   -2    
6.84    8.15___8:41:41  77      39    38    3.7     +++   -1    
1.1     8.15___8:41:54  78      40    38    3.67    ---   -2    
4.2     8.15___8:42:16  79      40    39    3.68    +++   -1    
1.03    8.15___8:42:27  80      41    39    3.64    ---   -2    
4.06    8.15___8:42:49  81      41    40    3.65    +++   -1    
1.54    8.15___8:43:4   82      42    40    3.62    ---   -2    
1.84    8.15___8:43:21  83      43    40    3.6     ---   -3    
3.67    8.15___8:43:41  84      43    41    3.6     +++   -2    
9.38    8.15___8:44:10  85      43    42    3.67    +++   -1    
20.9    8.15___8:44:49  86      43    43    3.87    +++   0     
4.58    8.15___8:45:11  87      43    44    3.88    +++   1     
1.02    8.15___8:45:23  88      44    44    3.85    ---   0     
2.91    8.15___8:45:42  89      44    45    3.84    +++   1     
2.92    8.15___8:46:2   90      44    46    3.83    +++   2     
1.43    8.15___8:46:16  91      45    46    3.8     ---   1     
1.61    8.15___8:46:32  92      46    46    3.78    ---   0     
1.01    8.15___8:46:43  93      47    46    3.75    ---   -1    
5.02    8.15___8:47:6   94      47    47    3.76    +++   0     
1.96    8.15___8:47:23  95      48    47    3.74    ---   -1    
1.29    8.15___8:47:37  96      49    47    3.71    ---   -2    
1.07    8.15___8:47:49  97      50    47    3.69    ---   -3    
1.32    8.15___8:48:3   98      51    47    3.66    ---   -4    
2.22    8.15___8:48:21  99      51    48    3.65    +++   -3    
1.27    8.15___8:48:35  100     52    48    3.62    ---   -4    
5.24    8.15___8:48:58  101     52    49    3.64    +++   -3    
3.96    8.15___8:49:20  102     52    50    3.64    +++   -2    
2.74    8.15___8:49:39  103     52    51    3.63    +++   -1    
1.66    8.15___8:49:54  104     53    51    3.62    ---   -2    
1.22    8.15___8:50:8   105     54    51    3.59    ---   -3    
2.87    8.15___8:50:27  106     54    52    3.59    +++   -2    
1.18    8.15___8:50:40  107     55    52    3.56    ---   -3    
1.94    8.15___8:50:57  108     56    52    3.55    ---   -4    
6.75    8.15___8:51:23  109     56    53    3.58    +++   -3    
2.19    8.15___8:51:40  110     56    54    3.56    +++   -2    
1.14    8.15___8:51:53  111     57    54    3.54    ---   -3    
1.07    8.15___8:52:5   112     58    54    3.52    ---   -4    
1.31    8.15___8:52:19  113     59    54    3.5     ---   -5    
2.27    8.15___8:52:37  114     59    55    3.49    +++   -4    
1.87    8.15___8:52:53  115     60    55    3.48    ---   -5    
2.18    8.15___8:53:11  116     60    56    3.47    +++   -4    
1       8.15___8:53:21  117     61    56    3.44    ---   -5    
1.16    8.15___8:53:34  118     62    56    3.42    ---   -6    
4.05    8.15___8:53:56  119     62    57    3.43    +++   -5    
2.21    8.15___8:54:13  120     62    58    3.42    +++   -4    
4.65    8.15___8:54:36  121     62    59    3.43    +++   -3    
1.24    8.15___8:54:50  122     63    59    3.41    ---   -4    
3.38    8.15___8:55:10  123     63    60    3.41    +++   -3    
2.48    8.15___8:55:28  124     63    61    3.4     +++   -2    
2.89    8.15___8:55:48  125     63    62    3.4     +++   -1    
4.07    8.15___8:56:9   126     63    63    3.4     +++   0     
2.37    8.15___8:56:27  127     63    64    3.4     +++   1     
7.02    8.15___8:56:53  128     63    65    3.43    +++   2     
8.89    8.15___8:57:21  129     63    66    3.47    +++   3     
1.21    8.15___8:57:35  130     64    66    3.45    ---   2     
3.45    8.15___8:57:55  131     64    67    3.45    +++   3     
1.45    8.15___8:58:10  132     65    67    3.43    ---   2     
1.87    8.15___8:58:27  133     66    67    3.42    ---   1     
1.29    8.15___8:58:41  134     67    67    3.41    ---   0     
1.52    8.15___8:58:56  135     68    67    3.39    ---   -1    
11.26   8.15___8:59:26  136     68    68    3.45    +++   0     
4.05    8.15___8:59:48  137     68    69    3.46    +++   1     
