2.24    8.15___9:0:6    1       0     1     2.24    +++   1     
8.03    8.15___9:0:33   2       0     2     5.13    +++   2     
1.14    8.15___9:0:46   3       1     2     3.8     ---   1     
1.96    8.15___9:1:3    4       2     2     3.34    ---   0     
13.14   8.15___9:1:35   5       2     3     5.3     +++   1     
2.4     8.15___9:1:53   6       2     4     4.81    +++   2     
1.29    8.15___9:2:7    7       3     4     4.31    ---   1     
1.34    8.15___9:2:21   8       4     4     3.94    ---   0     
1.02    8.15___9:2:33   9       5     4     3.61    ---   -1    
1.96    8.15___9:2:50   10      6     4     3.45    ---   -2    
2.91    8.15___9:3:9    11      6     5     3.4     +++   -1    
1.57    8.15___9:3:24   12      7     5     3.25    ---   -2    
7.21    8.15___9:3:50   13      7     6     3.55    +++   -1    
1.42    8.15___9:4:5    14      8     6     3.4     ---   -2    
2.32    8.15___9:4:23   15      8     7     3.33    +++   -1    
1       8.15___9:4:33   16      9     7     3.18    ---   -2    
1.61    8.15___9:4:49   17      10    7     3.09    ---   -3    
1.55    8.15___9:5:4    18      11    7     3       ---   -4    
20.35   8.15___9:5:42   19      11    8     3.91    +++   -3    
1.17    8.15___9:5:56   20      12    8     3.78    ---   -4    
1.9     8.15___9:6:12   21      13    8     3.69    ---   -5    
1.58    8.15___9:6:28   22      14    8     3.59    ---   -6    
3.43    8.15___9:6:48   23      14    9     3.58    +++   -5    
1.94    8.15___9:7:5    24      15    9     3.52    ---   -6    
1.18    8.15___9:7:18   25      16    9     3.42    ---   -7    
1.29    8.15___9:7:32   26      17    9     3.34    ---   -8    
4.19    8.15___9:7:54   27      17    10    3.37    +++   -7    
6.35    8.15___9:8:19   28      17    11    3.48    +++   -6    
2.29    8.15___9:8:37   29      17    12    3.44    +++   -5    
3.34    8.15___9:8:57   30      17    13    3.43    +++   -4    
1.11    8.15___9:9:9    31      18    13    3.36    ---   -5    
5.04    8.15___9:9:33   32      18    14    3.41    +++   -4    
1.59    8.15___9:9:48   33      19    14    3.35    ---   -5    
5.96    8.15___9:10:13  34      19    15    3.43    +++   -4    
1.2     8.15___9:10:26  35      20    15    3.37    ---   -5    
1.04    8.15___9:10:38  36      21    15    3.3     ---   -6    
5.67    8.15___9:11:2   37      21    16    3.37    +++   -5    
3.21    8.15___9:11:22  38      21    17    3.36    +++   -4    
2.76    8.15___9:11:41  39      21    18    3.35    +++   -3    
2.99    8.15___9:12:0   40      21    19    3.34    +++   -2    
1.63    8.15___9:12:16  41      22    19    3.3     ---   -3    
6.37    8.15___9:12:41  42      22    20    3.37    +++   -2    
1.72    8.15___9:12:57  43      23    20    3.33    ---   -3    
1.01    8.15___9:13:8   44      24    20    3.28    ---   -4    
1.43    8.15___9:13:23  45      25    20    3.24    ---   -5    
1.78    8.15___9:13:39  46      26    20    3.2     ---   -6    
5.51    8.15___9:14:3   47      26    21    3.25    +++   -5    
1.41    8.15___9:14:18  48      27    21    3.21    ---   -6    
6.4     8.15___9:14:43  49      27    22    3.28    +++   -5    
1.29    8.15___9:14:57  50      28    22    3.24    ---   -6    
2.24    8.15___9:15:15  51      28    23    3.22    +++   -5    
2.55    8.15___9:15:33  52      28    24    3.21    +++   -4    
1.76    8.15___9:15:49  53      29    24    3.18    ---   -5    
2.88    8.15___9:16:8   54      29    25    3.17    +++   -4    
1.76    8.15___9:16:24  55      30    25    3.15    ---   -5    
3.51    8.15___9:16:45  56      30    26    3.15    +++   -4    
2.04    8.15___9:17:2   57      30    27    3.14    +++   -3    
2.11    8.15___9:17:19  58      30    28    3.12    +++   -2    
1.21    8.15___9:17:33  59      31    28    3.08    ---   -3    
16.47   8.15___9:18:8   60      31    29    3.31    +++   -2    
1.2     8.15___9:18:21  61      32    29    3.27    ---   -3    
3.79    8.15___9:18:42  62      32    30    3.28    +++   -2    
4.73    8.15___9:19:5   63      32    31    3.3     +++   -1    
1.01    8.15___9:19:16  64      33    31    3.27    ---   -2    
1.08    8.15___9:19:29  65      34    31    3.23    ---   -3    
1.21    8.15___9:19:42  66      35    31    3.2     ---   -4    
1.45    8.15___9:19:57  67      36    31    3.18    ---   -5    
1.13    8.15___9:20:10  68      37    31    3.15    ---   -6    
1.53    8.15___9:20:25  69      38    31    3.12    ---   -7    
1.6     8.15___9:20:40  70      39    31    3.1     ---   -8    
3.31    8.15___9:21:1   71      39    32    3.11    +++   -7    
2.39    8.15___9:21:19  72      39    33    3.09    +++   -6    
1.15    8.15___9:21:32  73      40    33    3.07    ---   -7    
2.1     8.15___9:21:49  74      40    34    3.06    +++   -6    
3.18    8.15___9:22:9   75      40    35    3.06    +++   -5    
13.39   8.15___9:22:41  76      40    36    3.19    +++   -4    
1.17    8.15___9:22:54  77      41    36    3.17    ---   -5    
1.63    8.15___9:23:10  78      42    36    3.15    ---   -6    
1.41    8.15___9:23:25  79      43    36    3.12    ---   -7    
1.64    8.15___9:23:40  80      44    36    3.11    ---   -8    
22.03   8.15___9:24:20  81      44    37    3.34    +++   -7    
1.78    8.15___9:24:36  82      45    37    3.32    ---   -8    
2.67    8.15___9:24:55  83      45    38    3.31    +++   -7    
3.35    8.15___9:25:15  84      45    39    3.31    +++   -6    
2.47    8.15___9:25:33  85      45    40    3.3     +++   -5    
1.85    8.15___9:25:49  86      46    40    3.29    ---   -6    
2.89    8.15___9:26:9   87      46    41    3.28    +++   -5    
30.7    8.15___9:26:54  88      46    42    3.59    +++   -4    
2.26    8.15___9:27:11  89      46    43    3.58    +++   -3    
2.66    8.15___9:27:30  90      46    44    3.57    +++   -2    
1.02    8.15___9:27:41  91      47    44    3.54    ---   -3    
24.39   8.15___9:28:23  92      47    45    3.77    +++   -2    
9.74    8.15___9:28:52  93      47    46    3.83    +++   -1    
2.04    8.15___9:29:9   94      47    47    3.81    +++   0     
1.56    8.15___9:29:24  95      48    47    3.79    ---   -1    
1.38    8.15___9:29:39  96      49    47    3.76    ---   -2    
2.1     8.15___9:29:56  97      49    48    3.75    +++   -1    
7.67    8.15___9:30:23  98      49    49    3.79    +++   0     
1.24    8.15___9:30:36  99      50    49    3.76    ---   -1    
1.35    8.15___9:30:51  100     51    49    3.74    ---   -2    
1.86    8.15___9:31:7   101     52    49    3.72    ---   -3    
1.88    8.15___9:31:23  102     53    49    3.7     ---   -4    
1.52    8.15___9:31:38  103     54    49    3.68    ---   -5    
2.7     8.15___9:31:57  104     54    50    3.67    +++   -4    
1.35    8.15___9:32:32  105     55    50    3.65    ---   -5    
1.67    8.15___9:32:32  106     56    50    3.63    ---   -6    
1.05    8.15___9:32:39  107     57    50    3.6     ---   -7    
2.1     8.15___9:32:56  108     57    51    3.59    +++   -6    
2.91    8.15___9:33:16  109     57    52    3.58    +++   -5    
2.02    8.15___9:33:33  110     57    53    3.57    +++   -4    
1.55    8.15___9:33:48  111     58    53    3.55    ---   -5    
1.05    8.15___9:34:0   112     59    53    3.53    ---   -6    
2.35    8.15___9:34:18  113     59    54    3.52    +++   -5    
1.28    8.15___9:34:32  114     60    54    3.5     ---   -6    
1.63    8.15___9:34:47  115     61    54    3.48    ---   -7    
21.46   8.15___9:35:26  116     61    55    3.64    +++   -6    
1.33    8.15___9:35:41  117     62    55    3.62    ---   -7    
14.21   8.15___9:36:14  118     62    56    3.71    +++   -6    
5.8     8.15___9:36:38  119     62    57    3.72    +++   -5    
1.21    8.15___9:36:52  120     63    57    3.7     ---   -6    
1.43    8.15___9:37:7   121     64    57    3.68    ---   -7    
2.05    8.15___9:37:24  122     64    58    3.67    +++   -6    
1.31    8.15___9:37:38  123     65    58    3.65    ---   -7    
1.36    8.15___9:37:52  124     66    58    3.63    ---   -8    
2.13    8.15___9:38:9   125     66    59    3.62    +++   -7    
2.89    8.15___9:38:29  126     66    60    3.62    +++   -6    
1.59    8.15___9:38:44  127     67    60    3.6     ---   -7    
21.37   8.15___9:39:23  128     67    61    3.74    +++   -6    
2.79    8.15___9:39:42  129     67    62    3.73    +++   -5    
1.91    8.15___9:39:59  130     68    62    3.72    ---   -6    
1.19    8.15___9:40:12  131     69    62    3.7     ---   -7    
1.4     8.15___9:40:26  132     70    62    3.68    ---   -8    
4.92    8.15___9:40:49  133     70    63    3.69    +++   -7    
1.03    8.15___9:41:1   134     71    63    3.67    ---   -8    
3.47    8.15___9:41:22  135     71    64    3.67    +++   -7    
4.29    8.15___9:41:44  136     71    65    3.67    +++   -6    
1.49    8.15___9:41:59  137     72    65    3.66    ---   -7    
11.64   8.15___9:42:30  138     72    66    3.71    +++   -6    
5.18    8.15___9:42:53  139     72    67    3.72    +++   -5    
1       8.15___9:43:4   140     73    67    3.7     ---   -6    
2.52    8.15___9:43:22  141     73    68    3.7     +++   -5    
1.18    8.15___9:43:35  142     74    68    3.68    ---   -6    
5.57    8.15___9:43:59  143     74    69    3.69    +++   -5    
4.48    8.15___9:44:22  144     74    70    3.7     +++   -4    
1.33    8.15___9:44:36  145     75    70    3.68    ---   -5    
1.41    8.15___9:44:50  146     76    70    3.67    ---   -6    
1.81    8.15___9:45:7   147     77    70    3.65    ---   -7    
15.34   8.15___9:45:41  148     77    71    3.73    +++   -6    
1       8.15___9:45:52  149     78    71    3.71    ---   -7    
1.22    8.15___9:46:5   150     79    71    3.7     ---   -8    
1.15    8.15___9:46:18  151     80    71    3.68    ---   -9    
1       8.15___9:46:29  152     81    71    3.66    ---   -10   
1.73    8.15___9:46:45  153     82    71    3.65    ---   -11   
2.25    8.15___9:47:2   154     82    72    3.64    +++   -10   
1.11    8.15___9:47:15  155     83    72    3.62    ---   -11   
2.52    8.15___9:47:33  156     83    73    3.62    +++   -10   
17.72   8.15___9:48:10  157     83    74    3.71    +++   -9    
2.2     8.15___9:48:27  158     83    75    3.7     +++   -8    
1.2     8.15___9:48:41  159     84    75    3.68    ---   -9    
3.02    8.15___9:49:0   160     84    76    3.68    +++   -8    
5.29    8.15___9:49:24  161     84    77    3.69    +++   -7    
3.26    8.15___9:49:44  162     84    78    3.68    +++   -6    
1.04    8.15___9:49:56  163     85    78    3.67    ---   -7    
1.09    8.15___9:50:8   164     86    78    3.65    ---   -8    
1.66    8.15___9:50:24  165     87    78    3.64    ---   -9    
1.2     8.15___9:50:37  166     88    78    3.63    ---   -10   
10.03   8.15___9:51:7   167     88    79    3.66    +++   -9    
1.11    8.15___9:51:19  168     89    79    3.65    ---   -10   
1       8.15___9:51:30  169     90    79    3.63    ---   -11   
1.48    8.15___9:51:45  170     91    79    3.62    ---   -12   
3.26    8.15___9:52:5   171     91    80    3.62    +++   -11   
1.21    8.15___9:52:18  172     92    80    3.6     ---   -12   
2.27    8.15___9:52:36  173     92    81    3.6     +++   -11   
1.78    8.15___9:52:52  174     93    81    3.59    ---   -12   
1.35    8.15___9:53:6   175     94    81    3.57    ---   -13   
4.21    8.15___9:53:28  176     94    82    3.58    +++   -12   
1.03    8.15___9:53:40  177     95    82    3.56    ---   -13   
1.1     8.15___9:53:52  178     96    82    3.55    ---   -14   
1.14    8.15___9:54:5   179     97    82    3.54    ---   -15   
3.17    8.15___9:54:25  180     97    83    3.53    +++   -14   
1.67    8.15___9:54:41  181     98    83    3.52    ---   -15   
1.32    8.15___9:54:55  182     99    83    3.51    ---   -16   
1.79    8.15___9:55:11  183     100   83    3.5     ---   -17   
1.04    8.15___9:55:23  184     101   83    3.49    ---   -18   
21.27   8.15___9:56:2   185     101   84    3.58    +++   -17   
1.45    8.15___9:56:17  186     102   84    3.57    ---   -18   
2.35    8.15___9:56:35  187     102   85    3.57    +++   -17   
1.82    8.15___9:56:51  188     103   85    3.56    ---   -18   
5.32    8.15___9:57:15  189     103   86    3.57    +++   -17   
3.36    8.15___9:57:35  190     103   87    3.56    +++   -16   
1.83    8.15___9:57:51  191     104   87    3.56    ---   -17   
3.92    8.15___9:58:12  192     104   88    3.56    +++   -16   
2.57    8.15___9:58:31  193     104   89    3.55    +++   -15   
1.01    8.15___9:58:42  194     105   89    3.54    ---   -16   
1.53    8.15___9:58:57  195     106   89    3.53    ---   -17   
2.66    8.15___9:59:16  196     106   90    3.52    +++   -16   
1.87    8.15___9:59:32  197     107   90    3.52    ---   -17   
4.72    8.15___9:59:55  198     107   91    3.52    +++   -16   
