3.76    10.10___13:9:40 1       0     1     3.76    +++   1     
1.25    10.10___13:9:53 2       1     1     2.5     ---   0     
2.34    10.10___13:10:103       1     2     2.34    +++   1     
1.39    10.10___13:10:244       2     2     1.86    ---   0     
1.32    10.10___13:10:385       3     2     1.39    ---   -1    
1.08    10.10___13:10:506       4     2     1.35    ---   -2    
3.25    10.10___13:11:107       4     3     1.39    +++   -1    
1       10.10___13:11:208       5     3     1.35    ---   -2    
1.9     10.10___13:11:369       6     3     1.39    ---   -3    
3.89    10.10___13:11:5610      6     4     1.64    +++   -2    
17.12   10.10___13:12:3011      6     5     1.9     +++   -1    
1       10.10___13:12:4012      7     5     1.64    ---   -2    
1.01    10.10___13:12:5113      8     5     1.39    ---   -3    
22.67   10.10___13:13:2914      8     6     1.64    +++   -2    
2.36    10.10___13:13:4615      8     7     1.9     +++   -1    
10.56   10.10___13:14:1416      8     8     2.12    +++   0     
1.95    10.10___13:14:3017      9     8     1.95    ---   -1    
1.29    10.10___13:14:4418      10    8     1.92    ---   -2    
2.45    10.10___13:15:1 19      10    9     1.95    +++   -1    
3.52    10.10___13:15:2120      10    10    2.14    +++   0     
1.19    10.10___13:15:3421      11    10    1.95    ---   -1    
1.12    10.10___13:15:4622      12    10    1.92    ---   -2    
3.48    10.10___13:16:4 23      12    11    1.95    +++   -1    
1.16    10.10___13:16:1724      13    11    1.92    ---   -2    
3.05    10.10___13:16:3625      13    12    1.95    +++   -1    
1.02    10.10___13:16:4726      14    12    1.92    ---   -2    
6.97    10.10___13:17:1227      14    13    1.95    +++   -1    
7.72    10.10___13:17:3728      14    14    2.14    +++   0     
2.65    10.10___13:17:5529      14    15    2.34    +++   1     
1.82    10.10___13:18:1130      15    15    2.14    ---   0     
1.31    10.10___13:18:2431      16    15    1.95    ---   -1    
1.1     10.10___13:18:3732      17    15    1.92    ---   -2    
3.59    10.10___13:18:5633      17    16    1.95    +++   -1    
1.04    10.10___13:19:8 34      18    16    1.92    ---   -2    
1.67    10.10___13:19:2335      19    16    1.9     ---   -3    
1.52    10.10___13:19:3836      20    16    1.86    ---   -4    
1.42    10.10___13:19:5237      21    16    1.82    ---   -5    
2.33    10.10___13:20:1038      21    17    1.86    +++   -4    
1.8     10.10___13:20:2539      22    17    1.82    ---   -5    
2.34    10.10___13:20:4240      22    18    1.86    +++   -4    
1.13    10.10___13:20:5541      23    18    1.82    ---   -5    
2.53    10.10___13:21:1242      23    19    1.86    +++   -4    
1.63    10.10___13:21:2743      24    19    1.82    ---   -5    
5.27    10.10___13:21:5044      24    20    1.86    +++   -4    
4.37    10.10___13:22:1145      24    21    1.9     +++   -3    
2.54    10.10___13:22:2846      24    22    1.92    +++   -2    
1.06    10.10___13:22:4047      25    22    1.9     ---   -3    
4.09    10.10___13:23:1 48      25    23    1.92    +++   -2    
4.65    10.10___13:23:2249      25    24    1.95    +++   -1    
4.57    10.10___13:23:4450      25    25    2.14    +++   0     
3.82    10.10___13:24:4 51      25    26    2.33    +++   1     
1.3     10.10___13:24:1752      26    26    2.14    ---   0     
8.93    10.10___13:24:4453      26    27    2.33    +++   1     
4.95    10.10___13:25:6 54      26    28    2.33    +++   2     
3.36    10.10___13:25:2555      26    29    2.34    +++   3     
1.05    10.10___13:25:3756      27    29    2.33    ---   2     
1.88    10.10___13:25:5357      28    29    2.33    ---   1     
3.95    10.10___13:26:1358      28    30    2.33    +++   2     
21.53   10.10___13:26:4959      28    31    2.34    +++   3     
3.08    10.10___13:27:8 60      28    32    2.34    +++   4     
6.92    10.10___13:27:3361      28    33    2.34    +++   5     
3.25    10.10___13:27:5262      28    34    2.34    +++   6     
5.03    10.10___13:28:1463      28    35    2.36    +++   7     
2.04    10.10___13:28:3064      28    36    2.34    +++   8     
1.07    10.10___13:28:4265      29    36    2.34    ---   7     
3.34    10.10___13:29:2 66      29    37    2.34    +++   8     
1.31    10.10___13:29:1567      30    37    2.34    ---   7     
2.25    10.10___13:29:3268      30    38    2.34    +++   8     
3.69    10.10___13:29:5269      30    39    2.34    +++   9     
17.02   10.10___13:30:2570      30    40    2.34    +++   10    
1.15    10.10___13:30:3871      31    40    2.34    ---   9     
3.89    10.10___13:30:5872      31    41    2.34    +++   10    
13.05   10.10___13:31:2973      31    42    2.36    +++   11    
23.94   10.10___13:32:6 74      31    43    2.4     +++   12    
1.84    10.10___13:32:2275      32    43    2.36    ---   11    
1.01    10.10___13:32:3376      33    43    2.34    ---   10    
1.13    10.10___13:32:4677      34    43    2.34    ---   9     
1.13    10.10___13:32:5978      35    43    2.34    ---   8     
1.15    10.10___13:33:1179      36    43    2.34    ---   7     
3.03    10.10___13:37:581       0     1     3.03    +++   1     
1.18    10.10___13:38:112       1     1     2.1     ---   0     
1.21    10.10___13:38:243       2     1     1.21    ---   -1    
1.03    10.10___13:38:364       3     1     1.19    ---   -2    
8.35    10.10___13:39:2 5       3     2     1.21    +++   -1    
1.43    10.10___13:39:166       4     2     1.31    ---   -2    
1.44    10.10___13:39:307       5     2     1.43    ---   -3    
1.02    10.10___13:39:428       6     2     1.31    ---   -4    
1.24    10.10___13:39:559       7     2     1.24    ---   -5    
1.84    10.10___13:40:1110      8     2     1.33    ---   -6    
2.21    10.10___13:40:2811      8     3     1.43    +++   -5    
2.12    10.10___13:40:4412      8     4     1.43    +++   -4    
2.04    10.10___13:41:1 13      8     5     1.44    +++   -3    
2.51    10.10___13:41:1814      8     6     1.64    +++   -2    
9.61    10.10___13:41:4615      8     7     1.84    +++   -1    
1.13    10.10___13:41:5816      9     7     1.64    ---   -2    
16.14   10.10___13:42:3117      9     8     1.84    +++   -1    
1.8     10.10___13:42:4618      10    8     1.82    ---   -2    
2.52    10.10___13:43:4 19      10    9     1.84    +++   -1    
1       10.10___13:43:1420      11    9     1.82    ---   -2    
1.12    10.10___13:43:2721      12    9     1.8     ---   -3    
3.15    10.10___13:43:4622      12    10    1.82    +++   -2    
7.91    10.10___13:44:1123      12    11    1.84    +++   -1    
1.44    10.10___13:44:2624      13    11    1.82    ---   -2    
22.45   10.10___13:45:3 25      13    12    1.84    +++   -1    
2.95    10.10___13:45:2126      13    13    1.94    +++   0     
