1.05    10.10___10:25:361       1     0     1.05    ---   -1    
1.52    10.10___10:25:502       2     0     1.28    ---   -2    
20.74   10.10___10:26:263       2     1     1.52    +++   -1    
1.87    10.10___10:26:424       3     1     1.69    ---   -2    
1.69    10.10___10:26:575       4     1     1.69    ---   -3    
5.23    10.10___10:27:196       4     2     1.78    +++   -2    
2.07    10.10___10:27:367       4     3     1.87    +++   -1    
1.47    10.10___10:27:508       5     3     1.78    ---   -2    
3.67    10.10___10:28:109       5     4     1.87    +++   -1    
1.52    10.10___10:28:2510      6     4     1.78    ---   -2    
1.27    10.10___10:28:3911      7     4     1.69    ---   -3    
7.81    10.10___10:29:4 12      7     5     1.78    +++   -2    
27.2    10.10___10:29:4313      7     6     1.87    +++   -1    
1.75    10.10___10:29:5914      8     6     1.81    ---   -2    
1.02    10.10___10:30:1015      9     6     1.75    ---   -3    
4.97    10.10___10:30:3216      9     7     1.81    +++   -2    
1.24    10.10___10:30:4617      10    7     1.75    ---   -3    
4.88    10.10___10:31:7 18      10    8     1.81    +++   -2    
2.04    10.10___10:31:2419      10    9     1.87    +++   -1    
1.43    10.10___10:31:3820      11    9     1.81    ---   -2    
2.8     10.10___10:31:5621      11    10    1.87    +++   -1    
4.1     10.10___10:32:1722      11    11    1.95    +++   0     
1.21    10.10___10:32:3023      12    11    1.87    ---   -1    
1.76    10.10___10:33:1024      13    11    1.81    ---   -2    
1.98    10.10___10:33:1025      14    11    1.87    ---   -3    
5.32    10.10___10:33:2426      14    12    1.92    +++   -2    
8.74    10.10___10:33:5127      14    13    1.98    +++   -1    
1.16    10.10___10:34:3 28      15    13    1.92    ---   -2    
2.63    10.10___10:34:2129      15    14    1.98    +++   -1    
1.62    10.10___10:34:3730      16    14    1.92    ---   -2    
2.44    10.10___10:34:5431      16    15    1.98    +++   -1    
7.84    10.10___10:35:1932      16    16    2       +++   0     
2.53    10.10___10:35:3733      16    17    2.04    +++   1     
1.45    10.10___10:35:5134      17    17    2       ---   0     
6.55    10.10___10:36:1535      17    18    2.04    +++   1     
2.02    10.10___10:36:3136      17    19    2.03    +++   2     
3.12    10.10___10:36:5037      17    20    2.04    +++   3     
1.04    10.10___10:37:2 38      18    20    2.03    ---   2     
1.5     10.10___10:37:1639      19    20    2.02    ---   1     
1.08    10.10___10:37:2940      20    20    2       ---   0     
1.27    10.10___10:37:4241      21    20    1.98    ---   -1    
1.09    10.10___10:37:5542      22    20    1.92    ---   -2    
4.76    10.10___10:38:1643      22    21    1.98    +++   -1    
2.57    10.10___10:38:3444      22    22    2       +++   0     
1.24    10.10___10:38:4745      23    22    1.98    ---   -1    
3.56    10.10___10:39:7 46      23    23    2       +++   0     
9.34    10.10___10:39:3447      23    24    2.02    +++   1     
1.06    10.10___10:39:4648      24    24    2       ---   0     
3.11    10.10___10:40:5 49      24    25    2.02    +++   1     
1.29    10.10___10:40:1850      25    25    2       ---   0     
1.21    10.10___10:40:3151      26    25    1.98    ---   -1    
1.33    10.10___10:40:4552      27    25    1.92    ---   -2    
8.01    10.10___10:41:1153      27    26    1.98    +++   -1    
