29.14   10.10___12:0:2  1       0     1     4.52    +++   1     
1.77    10.10___12:0:18 2       1     1     1.77    ---   0     
1.6     10.10___12:0:33 3       2     1     1.74    ---   -1    
1       10.10___12:0:43 4       3     1     1.72    ---   -2    
1.69    10.10___12:0:59 5       4     1     1.7     ---   -3    
2.79    10.10___12:1:17 6       4     2     1.72    +++   -2    
2.44    10.10___12:1:34 7       4     3     1.74    +++   -1    
1.85    10.10___12:1:50 8       5     3     1.77    ---   -2    
1.7     10.10___12:2:5  9       6     3     1.74    ---   -3    
8.53    10.10___12:2:32 10      6     4     1.77    +++   -2    
23.4    10.10___12:3:9  11      6     5     1.81    +++   -1    
1.34    10.10___12:3:23 12      7     5     1.77    ---   -2    
3.37    10.10___12:3:42 13      7     6     1.81    +++   -1    
1.48    10.10___12:3:57 14      8     6     1.77    ---   -2    
2.3     10.10___12:4:14 15      8     7     1.81    +++   -1    
1.5     10.10___12:4:28 16      9     7     1.77    ---   -2    
1.12    10.10___12:4:41 17      10    7     1.74    ---   -3    
1.69    10.10___12:10:231       1     0     1.69    ---   -1    
3.73    10.10___12:10:432       1     1     2.71    +++   0     
3.36    10.10___12:11:3 3       1     2     3.36    +++   1     
3.85    10.10___12:11:234       1     3     3.54    +++   2     
3.98    10.10___12:11:435       1     4     3.73    +++   3     
3.64    10.10___12:12:3 6       1     5     3.68    +++   4     
1.73    10.10___12:12:187       2     5     3.64    ---   3     
1.15    10.10___12:16:151       1     0     1.14    ---   -1    
2.59    10.10___12:16:332       1     1     1.87    +++   0     
2.09    10.10___12:16:493       1     2     2.09    +++   1     
2.44    10.10___12:17:7 4       1     3     2.26    +++   2     
22.74   10.10___12:17:445       1     4     2.44    +++   3     
2.29    10.10___12:18:1 6       1     5     2.36    +++   4     
2.79    10.10___12:18:197       1     6     2.44    +++   5     
4.78    10.10___12:18:418       1     7     2.51    +++   6     
1.14    10.10___12:18:539       2     7     2.44    ---   5     
1.53    10.10___12:19:8 10      3     7     2.36    ---   4     
1.59    10.10___12:19:2311      4     7     2.29    ---   3     
1.47    10.10___12:19:3712      5     7     2.19    ---   2     
6.87    10.10___12:20:2 13      5     8     2.29    +++   3     
1.38    10.10___12:20:1614      6     8     2.19    ---   2     
3.31    10.10___12:20:3515      6     9     2.29    +++   3     
5.23    10.10___12:20:5716      6     10    2.36    +++   4     
1.27    10.10___12:21:1117      7     10    2.29    ---   3     
1.24    10.10___12:21:2418      8     10    2.19    ---   2     
1.02    10.10___12:21:3619      9     10    2.09    ---   1     
2.43    10.10___12:21:5320      9     11    2.19    +++   2     
5.12    10.10___12:22:1521      9     12    2.29    +++   3     
18.54   10.10___12:22:4922      9     13    2.36    +++   4     
6.26    10.10___12:23:1323      9     14    2.43    +++   5     
1.71    10.10___12:23:2824      10    14    2.36    ---   4     
1.04    10.10___12:23:4025      11    14    2.29    ---   3     
1.13    10.10___12:23:5326      12    14    2.19    ---   2     
23.38   10.10___12:24:3027      12    15    2.29    +++   3     
1.4     10.10___12:24:4428      13    15    2.19    ---   2     
2.16    10.10___12:25:1 29      13    16    2.16    +++   3     
20.26   10.10___12:25:3730      13    17    2.22    +++   4     
2.33    10.10___12:25:5431      13    18    2.29    +++   5     
1.35    10.10___12:26:8 32      14    18    2.22    ---   4     
1.47    10.10___12:26:2233      15    18    2.16    ---   3     
1.04    10.10___12:26:3434      16    18    2.12    ---   2     
32.5    10.10___12:27:1635      16    19    2.16    +++   3     
1.98    10.10___12:27:3336      17    19    2.12    ---   2     
1.47    10.10___12:27:4737      18    19    2.09    ---   1     
2.68    10.10___12:28:5 38      18    20    2.12    +++   2     
1.32    10.10___12:28:1939      19    20    2.09    ---   1     
1.26    10.10___12:28:3240      20    20    2.03    ---   0     
3.2     10.10___12:28:5141      20    21    2.09    +++   1     
