1.43    10.12___10:0:8  1       1     0     1.63    ---   -1    
3.68    10.12___10:0:28 2       1     1     1.64    +++   0     
1.68    10.12___10:0:44 3       2     1     1.65    ---   -1    
1.19    10.12___10:0:57 4       3     1     1.64    ---   -2    
15.08   10.12___10:1:28 5       3     2     1.65    +++   -1    
1.1     10.12___10:1:41 6       4     2     1.64    ---   -2    
3.7     10.12___10:2:1  7       4     3     1.65    +++   -1    
1.38    10.12___10:2:15 8       5     3     1.64    ---   -2    
5.95    10.12___10:2:38 9       5     4     1.65    +++   -1    
1       10.12___10:2:49 10      6     4     1.64    ---   -2    
3.16    10.12___10:3:7  11      6     5     1.65    +++   -1    
1.82    10.12___10:3:23 12      7     5     1.66    ---   -2    
4.6     10.12___10:3:45 13      7     6     1.66    +++   -1    
1.05    10.12___10:3:56 14      8     6     1.66    ---   -2    
1.3     10.12___10:4:10 15      9     6     1.65    ---   -3    
2.06    10.12___10:4:27 16      9     7     1.66    +++   -2    
2.08    10.12___10:4:43 17      9     8     1.66    +++   -1    
2.53    10.12___10:5:1  18      9     9     1.67    +++   0     
1.92    10.12___10:5:17 19      10    9     1.67    ---   -1    
7.61    10.12___10:5:42 20      10    10    1.68    +++   0     
5.35    10.12___10:6:4  21      10    11    1.68    +++   1     
5.44    10.12___10:6:27 22      10    12    1.69    +++   2     
1.36    10.12___10:6:41 23      11    12    1.68    ---   1     
1.52    10.12___10:6:55 24      12    12    1.68    ---   0     
2.2     10.12___10:7:12 25      12    13    1.68    +++   1     
1.14    10.12___10:7:25 26      13    13    1.68    ---   0     
2.27    10.12___10:7:42 27      13    14    1.68    +++   1     
1.52    10.12___10:7:57 28      14    14    1.68    ---   0     
1.92    10.12___10:8:12 29      15    14    1.68    ---   -1    
2.88    10.12___10:8:31 30      15    15    1.69    +++   0     
5.53    10.12___10:8:53 31      15    16    1.69    +++   1     
1.62    10.12___10:9:9  32      16    16    1.69    ---   0     
1.64    10.12___10:9:24 33      17    16    1.68    ---   -1    
1       10.12___10:9:34 34      18    16    1.68    ---   -2    
21.21   10.12___10:10:1035      18    17    1.68    +++   -1    
1.17    10.12___10:10:2336      19    17    1.68    ---   -2    
3.95    10.12___10:10:4437      19    18    1.68    +++   -1    
1.09    10.12___10:10:5638      20    18    1.68    ---   -2    
5.04    10.12___10:11:1839      20    19    1.68    +++   -1    
1.94    10.12___10:11:3440      21    19    1.69    ---   -2    
1.59    10.12___10:11:4941      22    19    1.68    ---   -3    
2.7     10.12___10:12:7 42      22    20    1.69    +++   -2    
1.01    10.12___10:12:1843      23    20    1.68    ---   -3    
4.26    10.12___10:12:3944      23    21    1.69    +++   -2    
2.45    10.12___10:12:5645      23    22    1.69    +++   -1    
3.83    10.12___10:13:1646      23    23    1.7     +++   0     
3.42    10.12___10:13:3647      23    24    1.72    +++   1     
1.38    10.12___10:13:5048      24    24    1.7     ---   0     
2.19    10.12___10:14:7 49      24    25    1.72    +++   1     
4.27    10.12___10:14:2750      24    26    1.74    +++   2     
1       10.12___10:14:3851      25    26    1.72    ---   1     
1.82    10.12___10:14:5452      26    26    1.74    ---   0     
1.41    10.12___10:15:8 53      27    26    1.72    ---   -1    
1.63    10.12___10:15:2354      28    26    1.7     ---   -2    
3.55    10.12___10:15:4355      28    27    1.72    +++   -1    
1.02    10.12___10:15:5456      29    27    1.7     ---   -2    
2       10.12___10:16:1057      29    28    1.72    +++   -1    
6.52    10.12___10:16:3458      29    29    1.74    +++   0     
2.65    10.12___10:16:5259      29    30    1.77    +++   1     
1.97    10.12___10:17:8 60      30    30    1.81    ---   0     
2.76    10.12___10:17:2661      30    31    1.81    +++   1     
1       10.12___10:17:3762      31    31    1.81    ---   0     
5.83    10.12___10:18:0 63      31    32    1.81    +++   1     
8.07    10.12___10:18:2664      31    33    1.82    +++   2     
2.64    10.12___10:18:4365      31    34    1.82    +++   3     
1.03    10.12___10:18:5566      32    34    1.82    ---   2     
1.69    10.12___10:19:1067      33    34    1.81    ---   1     
12.7    10.12___10:19:4068      33    35    1.82    +++   2     
8.21    10.12___10:20:6 69      33    36    1.82    +++   3     
1.52    10.12___10:20:2170      34    36    1.82    ---   2     
1.63    10.12___10:20:3671      35    36    1.81    ---   1     
1       10.12___10:20:4672      36    36    1.81    ---   0     
8.66    10.12___10:21:1373      36    37    1.81    +++   1     
1.76    10.12___10:21:2874      37    37    1.81    ---   0     
1.04    10.12___10:21:4075      38    37    1.78    ---   -1    
25.62   10.12___10:22:1976      38    38    1.81    +++   0     
6.87    10.12___10:22:4377      38    39    1.81    +++   1     
2.53    10.12___10:23:1 78      38    40    1.82    +++   2     
2.13    10.12___10:23:1779      38    41    1.82    +++   3     
1.53    10.12___10:23:3280      39    41    1.82    ---   2     
2.22    10.12___10:23:4981      39    42    1.82    +++   3     
2.66    10.12___10:24:7 82      39    43    1.82    +++   4     
1       10.12___10:24:1783      40    43    1.82    ---   3     
1.88    10.12___10:24:3384      41    43    1.82    ---   2     
4.64    10.12___10:24:5485      41    44    1.84    +++   3     
1.45    10.12___10:25:9 86      42    44    1.82    ---   2     
1.78    10.12___10:25:2487      43    44    1.82    ---   1     
