10.21   10.12___9:24:24 1       0     1     10.21   +++   1     
2.76    10.12___9:24:42 2       0     2     6.48    +++   2     
1.08    10.12___9:24:54 3       1     2     2.76    ---   1     
5.77    10.12___9:25:17 4       1     3     4.26    +++   2     
1.08    10.12___9:25:30 5       2     3     2.76    ---   1     
1.45    10.12___9:25:44 6       3     3     2.1     ---   0     
3.43    10.12___9:26:3  7       3     4     2.76    +++   1     
15.06   10.12___9:26:35 8       3     5     3.09    +++   2     
5.54    10.12___9:26:58 9       3     6     3.43    +++   3     
1.74    10.12___9:27:13 10      4     6     3.09    ---   2     
1.38    10.12___9:27:27 11      5     6     2.76    ---   1     
1.11    10.12___9:27:40 12      6     6     2.25    ---   0     
1       10.12___9:27:51 13      7     6     1.74    ---   -1    
1.13    10.12___9:28:3  14      8     6     1.59    ---   -2    
1.32    10.12___9:28:17 15      9     6     1.45    ---   -3    
1.27    10.12___9:28:30 16      10    6     1.41    ---   -4    
4.36    10.12___9:28:51 17      10    7     1.45    +++   -3    
10.44   10.12___9:29:19 18      10    8     1.59    +++   -2    
1.07    10.12___9:29:32 19      11    8     1.45    ---   -3    
18.48   10.12___9:30:6  20      11    9     1.59    +++   -2    
1.93    10.12___9:30:22 21      12    9     1.74    ---   -3    
6.53    10.12___9:30:46 22      12    10    1.83    +++   -2    
1.5     10.12___9:31:0  23      13    10    1.74    ---   -3    
2.02    10.12___9:31:17 24      13    11    1.83    +++   -2    
2.3     10.12___9:31:34 25      13    12    1.93    +++   -1    
1.09    10.12___9:31:46 26      14    12    1.83    ---   -2    
1.36    10.12___9:32:0  27      15    12    1.74    ---   -3    
5.8     10.12___9:32:23 28      15    13    1.83    +++   -2    
3.14    10.12___9:32:42 29      15    14    1.93    +++   -1    
22.35   10.12___9:33:19 30      15    15    1.97    +++   0     
4.1     10.12___9:33:39 31      15    16    2.02    +++   1     
3.51    10.12___9:33:59 32      15    17    2.16    +++   2     
1.4     10.12___9:34:13 33      16    17    2.02    ---   1     
1.19    10.12___9:34:26 34      17    17    1.97    ---   0     
1       10.12___9:34:37 35      18    17    1.93    ---   -1    
2.31    10.12___9:34:54 36      18    18    1.97    +++   0     
2.66    10.12___9:35:12 37      18    19    2.02    +++   1     
1.16    10.12___9:35:24 38      19    19    1.97    ---   0     
8.86    10.12___9:35:51 39      19    20    2.02    +++   1     
1       10.12___9:36:1  40      20    20    1.97    ---   0     
15.23   10.12___9:36:33 41      20    21    2.02    +++   1     
3.13    10.12___9:36:52 42      20    22    2.16    +++   2     
1.4     10.12___9:37:6  43      21    22    2.02    ---   1     
1.33    10.12___9:37:20 44      22    22    1.97    ---   0     
1.03    10.12___9:37:32 45      23    22    1.93    ---   -1    
1.63    10.12___9:37:47 46      24    22    1.83    ---   -2    
2.54    10.12___9:38:4  47      24    23    1.93    +++   -1    
1.46    10.12___9:38:19 48      25    23    1.83    ---   -2    
8.5     10.12___9:38:45 49      25    24    1.93    +++   -1    
1.26    10.12___9:38:58 50      26    24    1.83    ---   -2    
10.82   10.12___9:39:27 51      26    25    1.93    +++   -1    
3.38    10.12___9:39:46 52      26    26    1.97    +++   0     
1.04    10.12___9:39:58 53      27    26    1.93    ---   -1    
1.57    10.12___9:40:13 54      28    26    1.83    ---   -2    
7.76    10.12___9:40:38 55      28    27    1.93    +++   -1    
1.15    10.12___9:40:51 56      29    27    1.83    ---   -2    
4.18    10.12___9:41:12 57      29    28    1.93    +++   -1    
1.02    10.12___9:41:23 58      30    28    1.83    ---   -2    
1.22    10.12___9:41:36 59      31    28    1.74    ---   -3    
6.95    10.12___9:42:1  60      31    29    1.83    +++   -2    
3.5     10.12___9:42:20 61      31    30    1.93    +++   -1    
1.4     10.12___9:42:34 62      32    30    1.83    ---   -2    
1.1     10.12___9:42:47 63      33    30    1.74    ---   -3    
1.36    10.12___9:43:1  64      34    30    1.68    ---   -4    
1.67    10.12___9:43:16 65      35    30    1.67    ---   -5    
1.87    10.12___9:43:32 66      36    30    1.7     ---   -6    
7.13    10.12___9:43:56 67      36    31    1.74    +++   -5    
2       10.12___9:44:13 68      36    32    1.8     +++   -4    
1.23    10.12___9:44:26 69      37    32    1.74    ---   -5    
1.64    10.12___9:44:41 70      38    32    1.7     ---   -6    
1.1     10.12___9:44:53 71      39    32    1.67    ---   -7    
2.51    10.12___9:45:11 72      39    33    1.7     +++   -6    
30.64   10.12___9:45:52 73      39    34    1.74    +++   -5    
1.47    10.12___9:46:7  74      40    34    1.7     ---   -6    
1.32    10.12___9:46:21 75      41    34    1.67    ---   -7    
1.18    10.12___9:46:34 76      42    34    1.65    ---   -8    
1.92    10.12___9:46:50 77      43    34    1.67    ---   -9    
1.51    10.12___9:47:4  78      44    34    1.65    ---   -10   
4.57    10.12___9:47:25 79      44    35    1.67    +++   -9    
1       10.12___9:47:36 80      45    35    1.65    ---   -10   
1.05    10.12___9:47:48 81      46    35    1.64    ---   -11   
1       10.12___9:47:58 82      47    35    1.63    ---   -12   
1.7     10.12___9:48:14 83      48    35    1.64    ---   -13   
1.32    10.12___9:48:27 84      49    35    1.63    ---   -14   
1.42    10.12___9:48:42 85      50    35    1.63    ---   -15   
1.14    10.12___9:48:54 86      51    35    1.6     ---   -16   
1.52    10.12___9:49:9  87      52    35    1.57    ---   -17   
1.29    10.12___9:49:23 88      53    35    1.54    ---   -18   
10.92   10.12___9:49:51 89      53    36    1.57    +++   -17   
1.92    10.12___9:50:7  90      54    36    1.6     ---   -18   
1.81    10.12___9:50:23 91      55    36    1.63    ---   -19   
1       10.12___9:50:33 92      56    36    1.6     ---   -20   
24.96   10.12___9:51:12 93      56    37    1.63    +++   -19   
7.79    10.12___9:51:37 94      56    38    1.63    +++   -18   
1.17    10.12___9:51:50 95      57    38    1.63    ---   -19   
1.34    10.12___9:52:4  96      58    38    1.6     ---   -20   
5.61    10.12___9:52:27 97      58    39    1.63    +++   -19   
1.42    10.12___9:52:41 98      59    39    1.6     ---   -20   
1.37    10.12___9:52:55 99      60    39    1.57    ---   -21   
1.69    10.12___9:53:10 100     61    39    1.6     ---   -22   
2.46    10.12___9:53:28 101     61    40    1.63    +++   -21   
1.11    10.12___9:53:40 102     62    40    1.6     ---   -22   
3.85    10.12___9:54:0  103     62    41    1.63    +++   -21   
3.79    10.12___9:54:20 104     62    42    1.63    +++   -20   
1       10.12___9:54:31 105     63    42    1.63    ---   -21   
2.52    10.12___9:54:48 106     63    43    1.63    +++   -20   
1.37    10.12___9:55:2  107     64    43    1.63    ---   -21   
1.06    10.12___9:55:14 108     65    43    1.6     ---   -22   
1.19    10.12___9:55:27 109     66    43    1.57    ---   -23   
1.44    10.12___9:55:42 110     67    43    1.54    ---   -24   
1.66    10.12___9:55:57 111     68    43    1.57    ---   -25   
19.79   10.12___9:56:32 112     68    44    1.6     +++   -24   
1.11    10.12___9:56:45 113     69    44    1.57    ---   -25   
1       10.12___9:56:55 114     70    44    1.54    ---   -26   
5.28    10.12___9:57:17 115     70    45    1.57    +++   -25   
1.07    10.12___9:57:30 116     71    45    1.54    ---   -26   
3.65    10.12___9:57:49 117     71    46    1.57    +++   -25   
1.89    10.12___9:58:5  118     72    46    1.6     ---   -26   
2.22    10.12___9:58:22 119     72    47    1.63    +++   -25   
1.61    10.12___9:58:37 120     73    47    1.62    ---   -26   
2.34    10.12___9:58:54 121     73    48    1.63    +++   -25   
12.12   10.12___9:59:24 122     73    49    1.63    +++   -24   
13.17   10.12___9:59:54 123     73    50    1.64    +++   -23   
