3.31    10.2___18:0:3   1       0     1     2.08    +++   1     
1.34    10.2___18:0:17  2       1     1     2.02    ---   0     
1.49    10.2___18:0:31  3       2     1     1.97    ---   -1    
4.23    10.2___18:0:52  4       2     2     2.02    +++   0     
3.45    10.2___18:1:12  5       2     3     2.08    +++   1     
23.56   10.2___18:1:49  6       2     4     2.14    +++   2     
1.17    10.2___18:2:2   7       3     4     2.08    ---   1     
2.72    10.2___18:2:20  8       3     5     2.14    +++   2     
1.05    10.2___18:2:32  9       4     5     2.08    ---   1     
1.85    10.2___18:2:48  10      5     5     2.02    ---   0     
1.93    10.2___18:3:4   11      6     5     1.97    ---   -1    
21.9    10.2___18:3:40  12      6     6     2.02    +++   0     
4.17    10.2___18:4:1   13      6     7     2.08    +++   1     
1.01    10.2___18:4:12  14      7     7     2.02    ---   0     
24.34   10.2___18:4:50  15      7     8     2.08    +++   1     
12.09   10.2___18:5:20  16      7     9     2.14    +++   2     
1.1     10.2___18:5:32  17      8     9     2.08    ---   1     
2.03    10.2___18:5:49  18      8     10    2.05    +++   2     
3.92    10.2___18:6:9   19      8     11    2.08    +++   3     
1       10.2___18:6:19  20      9     11    2.05    ---   2     
3.43    10.2___18:6:39  21      9     12    2.08    +++   3     
16.6    10.2___18:7:12  22      9     13    2.14    +++   4     
2.36    10.2___18:7:29  23      9     14    2.2     +++   5     
1.93    10.2___18:7:45  24      10    14    2.14    ---   4     
1.25    10.2___18:7:59  25      11    14    2.08    ---   3     
2.34    10.2___18:8:16  26      11    15    2.14    +++   4     
4.8     10.2___18:8:38  27      11    16    2.2     +++   5     
1       10.2___18:8:48  28      12    16    2.14    ---   4     
2.15    10.2___18:9:5   29      12    17    2.15    +++   5     
1.13    10.2___18:9:17  30      13    17    2.11    ---   4     
1       10.2___18:9:28  31      14    17    2.08    ---   3     
1       10.2___18:9:39  32      15    17    2.05    ---   2     
2.89    10.2___18:9:57  33      15    18    2.08    +++   3     
2.64    10.2___18:10:15 34      15    19    2.11    +++   4     
1.32    10.2___18:10:29 35      16    19    2.08    ---   3     
1.11    10.2___18:10:41 36      17    19    2.05    ---   2     
3.13    10.2___18:11:0  37      17    20    2.08    +++   3     
10.45   10.2___18:11:28 38      17    21    2.11    +++   4     
1.93    10.2___18:11:44 39      18    21    2.08    ---   3     
1.7     10.2___18:12:0  40      19    21    2.05    ---   2     
1.63    10.2___18:12:15 41      20    21    2.02    ---   1     
8.05    10.2___18:12:40 42      20    22    2.05    +++   2     
1.2     10.2___18:12:53 43      21    22    2.02    ---   1     
23.67   10.2___18:13:31 44      21    23    2.05    +++   2     
1       10.2___18:13:42 45      22    23    2.02    ---   1     
1.89    10.2___18:13:58 46      23    23    2       ---   0     
6.92    10.2___18:14:22 47      23    24    2.02    +++   1     
1.68    10.2___18:14:37 48      24    24    2       ---   0     
1.63    10.2___18:14:53 49      25    24    1.97    ---   -1    
1.19    10.2___18:15:6  50      26    24    1.95    ---   -2    
4.83    10.2___18:15:27 51      26    25    1.97    +++   -1    
1.41    10.2___18:15:41 52      27    25    1.95    ---   -2    
3.47    10.2___18:16:1  53      27    26    1.97    +++   -1    
2.09    10.2___18:16:18 54      27    27    2       +++   0     
2.62    10.2___18:16:36 55      27    28    2.02    +++   1     
1.64    10.2___18:16:51 56      28    28    2       ---   0     
1.04    10.2___18:17:2  57      29    28    1.97    ---   -1    
7.38    10.2___18:17:27 58      29    29    2       +++   0     
24.63   10.2___18:18:6  59      29    30    2.02    +++   1     
1.39    10.2___18:18:20 60      30    30    2       ---   0     
1.29    10.2___18:18:33 61      31    30    1.97    ---   -1    
3.11    10.2___18:18:52 62      31    31    2       +++   0     
13.49   10.2___18:19:23 63      31    32    2.02    +++   1     
1.29    10.2___18:19:37 64      32    32    2       ---   0     
2.62    10.2___18:19:55 65      32    33    2.02    +++   1     
1.38    10.2___18:20:9  66      33    33    2       ---   0     
27.43   10.2___18:20:48 67      33    34    2.02    +++   1     
3.43    10.2___18:21:8  68      33    35    2.05    +++   2     
2.03    10.2___18:21:24 69      33    36    2.02    +++   3     
1.27    10.2___18:21:38 70      34    36    2.02    ---   2     
3.21    10.2___18:21:57 71      34    37    2.02    +++   3     
9.84    10.2___18:22:24 72      34    38    2.05    +++   4     
1.27    10.2___18:22:38 73      35    38    2.02    ---   3     
1.14    10.2___18:22:51 74      36    38    2.02    ---   2     
2.74    10.2___18:23:9  75      36    39    2.02    +++   3     
2.65    10.2___18:23:26 76      36    40    2.05    +++   4     
1.25    10.2___18:23:40 77      37    40    2.02    ---   3     
1.12    10.2___18:23:53 78      38    40    2.02    ---   2     
3.03    10.2___18:24:11 79      38    41    2.02    +++   3     
1.45    10.2___18:24:26 80      39    41    2.02    ---   2     
1.05    10.2___18:24:38 81      40    41    2.02    ---   1     
21.45   10.2___18:25:14 82      40    42    2.02    +++   2     
1.02    10.2___18:25:25 83      41    42    2.02    ---   1     
1       10.2___18:25:36 84      42    42    2       ---   0     
1.51    10.2___18:25:51 85      43    42    1.97    ---   -1    
14.63   10.2___18:26:22 86      43    43    2       +++   0     
1.01    10.2___18:26:33 87      44    43    1.97    ---   -1    
1.46    10.2___18:26:48 88      45    43    1.95    ---   -2    
1.3     10.2___18:27:1  89      46    43    1.93    ---   -3    
2.41    10.2___18:27:19 90      46    44    1.95    +++   -2    
4.98    10.2___18:27:41 91      46    45    1.97    +++   -1    
2.05    10.2___18:27:57 92      46    46    2       +++   0     
2.9     10.2___18:28:16 93      46    47    2.02    +++   1     
18.51   10.2___18:28:50 94      46    48    2.02    +++   2     
2.03    10.2___18:29:6  95      46    49    2.02    +++   3     
1       10.2___18:29:17 96      47    49    2.02    ---   2     
5.99    10.2___18:29:40 97      47    50    2.02    +++   3     
2.03    10.2___18:29:57 98      47    51    2.02    +++   4     
1.89    10.2___18:30:13 99      48    51    2.02    ---   3     
23.17   10.2___18:30:50 100     48    52    2.02    +++   4     
1.11    10.2___18:31:2  101     49    52    2.02    ---   3     
21.13   10.2___18:31:38 102     49    53    2.02    +++   4     
1.04    10.2___18:31:50 103     50    53    2.02    ---   3     
1.47    10.2___18:32:5  104     51    53    2.02    ---   2     
2.76    10.2___18:32:23 105     51    54    2.02    +++   3     
1.49    10.2___18:32:37 106     52    54    2.02    ---   2     
1.39    10.2___18:32:52 107     53    54    2.02    ---   1     
2.03    10.2___18:33:8  108     53    55    2.02    +++   2     
1.36    10.2___18:33:22 109     54    55    2.02    ---   1     
8.71    10.2___18:33:49 110     54    56    2.02    +++   2     
5.5     10.2___18:34:11 111     54    57    2.02    +++   3     
5.32    10.2___18:34:34 112     54    58    2.02    +++   4     
2.14    10.2___18:34:50 113     54    59    2.02    +++   5     
1.56    10.2___18:35:5  114     55    59    2.02    ---   4     
2.32    10.2___18:35:22 115     55    60    2.02    +++   5     
1.1     10.2___18:35:35 116     56    60    2.02    ---   4     
1.46    10.2___18:35:49 117     57    60    2.02    ---   3     
1.3     10.2___18:36:3  118     58    60    2.02    ---   2     
5.52    10.2___18:36:26 119     58    61    2.02    +++   3     
34.26   10.2___18:37:9  120     58    62    2.02    +++   4     
5.18    10.2___18:37:31 121     58    63    2.02    +++   5     
9.09    10.2___18:37:58 122     58    64    2.02    +++   6     
1.09    10.2___18:38:10 123     59    64    2.02    ---   5     
1.6     10.2___18:38:25 124     60    64    2.02    ---   4     
1.29    10.2___18:38:39 125     61    64    2.02    ---   3     
22.72   10.2___18:39:16 126     61    65    2.02    +++   4     
1.28    10.2___18:39:30 127     62    65    2.02    ---   3     
7.33    10.2___18:39:55 128     62    66    2.02    +++   4     
5.17    10.2___18:40:17 129     62    67    2.02    +++   5     
1.01    10.2___18:40:28 130     63    67    2.02    ---   4     
1.2     10.2___18:40:41 131     64    67    2.02    ---   3     
1.49    10.2___18:40:56 132     65    67    2.02    ---   2     
1.49    10.2___18:41:10 133     66    67    2.02    ---   1     
1.34    10.2___18:41:24 134     67    67    2       ---   0     
3.9     10.2___18:41:44 135     67    68    2.02    +++   1     
1.09    10.2___18:41:57 136     68    68    2       ---   0     
1.36    10.2___18:42:11 137     69    68    1.97    ---   -1    
1.32    10.2___18:42:25 138     70    68    1.95    ---   -2    
6.69    10.2___18:42:49 139     70    69    1.97    +++   -1    
26.64   10.2___18:48:40 1       0     1     26.64   +++   1     
1.13    10.2___18:48:53 2       1     1     13.88   ---   0     
1.06    10.2___18:49:5  3       2     1     1.12    ---   -1    
8.37    10.2___18:49:31 4       2     2     4.75    +++   0     
1.81    10.2___18:49:46 5       3     2     1.81    ---   -1    
1.04    10.2___18:49:58 6       4     2     1.47    ---   -2    
6.99    10.2___18:50:23 7       4     3     1.81    +++   -1    
22.8    10.2___18:51:0  8       4     4     4.4     +++   0     
1       10.2___18:51:12 9       5     4     1.81    ---   -1    
1.24    10.2___18:51:25 10      6     4     1.52    ---   -2    
1.55    10.2___18:51:40 11      7     4     1.55    ---   -3    
1.8     10.2___18:51:56 12      8     4     1.67    ---   -4    
4.71    10.2___18:52:17 13      8     5     1.8     +++   -3    
1.21    10.2___18:52:30 14      9     5     1.67    ---   -4    
1.14    10.2___18:52:43 15      10    5     1.55    ---   -5    
1.79    10.2___18:52:59 16      11    5     1.67    ---   -6    
1.73    10.2___18:53:14 17      12    5     1.73    ---   -7    
1.27    10.2___18:53:28 18      13    5     1.64    ---   -8    
1.15    10.2___18:53:41 19      14    5     1.55    ---   -9    
2.91    10.2___18:53:59 20      14    6     1.64    +++   -8    
2.19    10.2___18:54:16 21      14    7     1.73    +++   -7    
4.17    10.2___18:54:37 22      14    8     1.76    +++   -6    
1.29    10.2___18:54:50 23      15    8     1.73    ---   -7    
26.96   10.2___18:55:30 24      15    9     1.76    +++   -6    
4.17    10.2___18:55:51 25      15    10    1.79    +++   -5    
2.04    10.2___18:56:7  26      15    11    1.79    +++   -4    
2.35    10.2___18:56:24 27      15    12    1.8     +++   -3    
1.19    10.2___18:56:37 28      16    12    1.79    ---   -4    
1.69    10.2___18:56:53 29      17    12    1.79    ---   -5    
1.93    10.2___18:57:9  30      18    12    1.79    ---   -6    
17.6    10.2___18:57:42 31      18    13    1.8     +++   -5    
1.42    10.2___18:57:57 32      19    13    1.79    ---   -6    
2.01    10.2___18:58:13 33      19    14    1.8     +++   -5    
1.77    10.2___18:58:29 34      20    14    1.79    ---   -6    
1.17    10.2___18:58:41 35      21    14    1.79    ---   -7    
1.24    10.2___18:58:56 36      22    14    1.78    ---   -8    
2.79    10.2___18:59:14 37      22    15    1.79    +++   -7    
1.11    10.2___18:59:26 38      23    15    1.78    ---   -8    
12.09   10.2___18:59:56 39      23    16    1.79    +++   -7    
