2.33    10.2___19:0:13  1       0     1     1.79    +++   1     
1.46    10.2___19:0:27  2       1     1     1.79    ---   0     
1       10.2___19:0:38  3       2     1     1.78    ---   -1    
5.22    10.2___19:1:0   4       2     2     1.79    +++   0     
1.47    10.2___19:1:15  5       3     2     1.78    ---   -1    
1.12    10.2___19:1:27  6       4     2     1.77    ---   -2    
1       10.2___19:1:38  7       5     2     1.75    ---   -3    
1.03    10.2___19:1:49  8       6     2     1.73    ---   -4    
4.93    10.2___19:2:11  9       6     3     1.75    +++   -3    
1.95    10.2___19:2:27  10      7     3     1.77    ---   -4    
2.05    10.2___19:2:44  11      7     4     1.78    +++   -3    
1.02    10.2___19:16:5  1       1     0     1.02    ---   -1    
2.27    10.2___19:16:22 2       1     1     1.64    +++   0     
9.47    10.2___19:16:49 3       1     2     2.27    +++   1     
1.07    10.2___19:17:2  4       2     2     1.67    ---   0     
1.5     10.2___19:17:16 5       3     2     1.5     ---   -1    
1.32    10.2___19:17:30 6       4     2     1.41    ---   -2    
7.24    10.2___19:17:55 1       0     1     7.24    +++   1     
1.07    10.2___19:18:7  2       1     1     4.15    ---   0     
1.25    10.2___19:18:20 3       2     1     1.25    ---   -1    
3.5     10.2___19:18:40 4       2     2     2.37    +++   0     
3.82    10.2___19:19:0  5       2     3     3.5     +++   1     
1.36    10.2___19:19:14 6       3     3     2.43    ---   0     
1.2     10.2___19:19:27 7       4     3     1.36    ---   -1    
1.66    10.2___19:19:42 8       5     3     1.51    ---   -2    
2.52    10.2___19:20:0  9       5     4     1.66    +++   -1    
2.05    10.2___19:20:16 10      5     5     1.85    +++   0     
1.34    10.2___19:20:30 11      6     5     1.66    ---   -1    
1.39    10.2___19:20:44 12      7     5     1.52    ---   -2    
4.75    10.2___19:21:6  13      7     6     1.66    +++   -1    
1.13    10.2___19:21:18 14      8     6     1.52    ---   -2    
3.01    10.2___19:21:37 15      8     7     1.66    +++   -1    
7.41    10.2___19:22:2  16      8     8     1.85    +++   0     
2.58    10.2___19:22:20 17      8     9     2.04    +++   1     
4.03    10.2___19:22:40 18      8     10    2.28    +++   2     
1.61    10.2___19:22:55 19      9     10    2.04    ---   1     
2.03    10.2___19:23:12 20      9     11    2.04    +++   2     
1.28    10.2___19:23:26 21      10    11    2.02    ---   1     
3.48    10.2___19:23:45 22      10    12    2.04    +++   2     
25.73   10.2___19:24:24 23      10    13    2.04    +++   3     
2.43    10.2___19:24:41 24      10    14    2.24    +++   4     
1       10.2___19:24:52 25      11    14    2.04    ---   3     
2.34    10.2___19:25:9  26      11    15    2.19    +++   4     
1.01    10.2___19:25:20 27      12    15    2.04    ---   3     
2.33    10.2___19:25:37 28      12    16    2.19    +++   4     
1.22    10.2___19:25:51 29      13    16    2.04    ---   3     
1.39    10.2___19:26:5  30      14    16    2.04    ---   2     
1.72    10.2___19:26:20 31      15    16    2.02    ---   1     
4.15    10.2___19:26:41 32      15    17    2.04    +++   2     
1.64    10.2___19:26:56 33      16    17    2.02    ---   1     
1.1     10.2___19:27:8  34      17    17    1.87    ---   0     
1.47    10.2___19:27:23 35      18    17    1.72    ---   -1    
1.42    10.2___19:27:37 36      19    17    1.69    ---   -2    
3.68    10.2___19:27:57 37      19    18    1.72    +++   -1    
1.6     10.2___19:28:12 38      20    18    1.69    ---   -2    
2.9     10.2___19:28:30 39      20    19    1.72    +++   -1    
1.1     10.2___19:28:43 40      21    19    1.69    ---   -2    
1.66    10.2___19:28:58 41      22    19    1.66    ---   -3    
1.58    10.2___19:29:13 42      23    19    1.66    ---   -4    
11.88   10.2___19:29:42 43      23    20    1.66    +++   -3    
5.57    10.2___19:30:5  44      23    21    1.69    +++   -2    
1.5     10.2___19:30:19 45      24    21    1.66    ---   -3    
1.18    10.2___19:30:32 46      25    21    1.66    ---   -4    
3.72    10.2___19:30:52 47      25    22    1.66    +++   -3    
32.32   10.2___19:31:35 48      25    23    1.69    +++   -2    
1.3     10.2___19:31:48 49      26    23    1.66    ---   -3    
3.28    10.2___19:32:8  50      26    24    1.69    +++   -2    
16.85   10.2___19:32:41 51      26    25    1.72    +++   -1    
3.1     10.2___19:33:0  52      26    26    1.87    +++   0     
1.12    10.2___19:33:12 53      27    26    1.72    ---   -1    
1.57    10.2___19:33:27 54      28    26    1.69    ---   -2    
3.08    10.2___19:33:46 55      28    27    1.72    +++   -1    
1.2     10.2___19:33:59 56      29    27    1.69    ---   -2    
1.14    10.2___19:34:12 57      30    27    1.66    ---   -3    
1.31    10.2___19:34:25 58      31    27    1.66    ---   -4    
2.15    10.2___19:34:42 59      31    28    1.66    +++   -3    
1.5     10.2___19:34:57 60      32    28    1.66    ---   -4    
14.45   10.2___19:35:28 61      32    29    1.66    +++   -3    
9.28    10.2___19:35:55 62      32    30    1.69    +++   -2    
2.53    10.2___19:36:13 63      32    31    1.72    +++   -1    
1.08    10.2___19:36:25 64      33    31    1.69    ---   -2    
21.5    10.2___19:37:1  65      33    32    1.72    +++   -1    
7.99    10.2___19:37:27 66      33    33    1.87    +++   0     
23.92   10.2___19:38:5  67      33    34    2.02    +++   1     
1.13    10.2___19:38:17 68      34    34    1.87    ---   0     
1.36    10.2___19:38:31 69      35    34    1.72    ---   -1    
1.7     10.2___19:38:47 70      36    34    1.71    ---   -2    
2.06    10.2___19:39:3  71      36    35    1.72    +++   -1    
2.34    10.2___19:39:20 72      36    36    1.87    +++   0     
1.03    10.2___19:39:32 73      37    36    1.72    ---   -1    
5.74    10.2___19:39:55 74      37    37    1.87    +++   0     
1.05    10.2___19:40:7  75      38    37    1.72    ---   -1    
1.17    10.2___19:40:20 76      39    37    1.71    ---   -2    
1.4     10.2___19:40:34 77      40    37    1.7     ---   -3    
1.33    10.2___19:40:48 78      41    37    1.68    ---   -4    
2.49    10.2___19:41:5  79      41    38    1.7     +++   -3    
3.22    10.2___19:41:24 80      41    39    1.71    +++   -2    
2.62    10.2___19:41:42 81      41    40    1.72    +++   -1    
1.2     10.2___19:41:55 82      42    40    1.71    ---   -2    
1       10.2___19:42:6  83      43    40    1.7     ---   -3    
1.44    10.2___19:42:20 84      44    40    1.68    ---   -4    
1.92    10.2___19:42:36 85      45    40    1.7     ---   -5    
1.75    10.2___19:42:52 86      46    40    1.71    ---   -6    
2.8     10.2___19:43:10 87      46    41    1.72    +++   -5    
1.75    10.2___19:43:25 88      47    41    1.73    ---   -6    
1.66    10.2___19:43:41 89      48    41    1.72    ---   -7    
3.65    10.2___19:44:0  90      48    42    1.73    +++   -6    
1.18    10.2___19:44:13 91      49    42    1.72    ---   -7    
1.51    10.2___19:44:28 92      50    42    1.71    ---   -8    
21.97   10.2___19:45:5  93      50    43    1.72    +++   -7    
3.2     10.2___19:45:24 94      50    44    1.73    +++   -6    
1.09    10.2___19:45:36 95      51    44    1.72    ---   -7    
22.17   10.2___19:46:13 96      51    45    1.73    +++   -6    
3.04    10.2___19:46:31 97      51    46    1.75    +++   -5    
5.37    10.2___19:46:54 98      51    47    1.75    +++   -4    
7.15    10.2___19:47:18 99      51    48    1.75    +++   -3    
2.42    10.2___19:47:36 100     51    49    1.83    +++   -2    
1.19    10.2___19:47:49 101     52    49    1.75    ---   -3    
1       10.2___19:47:59 102     53    49    1.75    ---   -4    
2.22    10.2___19:48:16 103     53    50    1.75    +++   -3    
1.67    10.2___19:48:32 104     54    50    1.75    ---   -4    
17.47   10.2___19:49:5  105     54    51    1.75    +++   -3    
1.11    10.2___19:49:18 106     55    51    1.75    ---   -4    
3.86    10.2___19:49:38 107     55    52    1.75    +++   -3    
5.35    10.2___19:50:0  108     55    53    1.83    +++   -2    
2.11    10.2___19:50:17 109     55    54    1.92    +++   -1    
1.17    10.2___19:50:30 110     56    54    1.83    ---   -2    
7.53    10.2___19:50:55 111     56    55    1.92    +++   -1    
3.22    10.2___19:51:14 112     56    56    1.97    +++   0     
2.11    10.2___19:51:30 113     56    57    2.02    +++   1     
1.19    10.2___19:51:44 114     57    57    1.97    ---   0     
28.36   10.2___19:52:24 115     57    58    2.02    +++   1     
3.64    10.2___19:52:44 116     57    59    2.04    +++   2     
1.38    10.2___19:52:58 117     58    59    2.02    ---   1     
3.61    10.2___19:53:18 118     58    60    2.04    +++   2     
1.21    10.2___19:53:31 119     59    60    2.02    ---   1     
1.67    10.2___19:53:46 120     60    60    1.97    ---   0     
2.74    10.2___19:54:4  121     60    61    2.02    +++   1     
3.8     10.2___19:54:24 122     60    62    2.04    +++   2     
1.3     10.2___19:54:38 123     61    62    2.02    ---   1     
1.34    10.2___19:54:52 124     62    62    1.97    ---   0     
7.51    10.2___19:55:17 125     62    63    2.02    +++   1     
4.46    10.2___19:55:38 126     62    64    2.04    +++   2     
1.47    10.2___19:55:52 127     63    64    2.02    ---   1     
1.28    10.2___19:56:6  128     64    64    1.97    ---   0     
1.31    10.2___19:56:20 129     65    64    1.92    ---   -1    
4.83    10.2___19:56:42 130     65    65    1.97    +++   0     
1.05    10.2___19:56:53 131     66    65    1.92    ---   -1    
1.42    10.2___19:57:8  132     67    65    1.83    ---   -2    
7.67    10.2___19:57:33 133     67    66    1.92    +++   -1    
1       10.2___19:57:43 134     68    66    1.83    ---   -2    
3.98    10.2___19:58:4  135     68    67    1.92    +++   -1    
1.04    10.2___19:58:16 136     69    67    1.83    ---   -2    
12.7    10.2___19:58:46 137     69    68    1.92    +++   -1    
1.55    10.2___19:59:0  138     70    68    1.83    ---   -2    
1.7     10.2___19:59:16 139     71    68    1.75    ---   -3    
1.93    10.2___19:59:32 140     72    68    1.83    ---   -4    
1.38    10.2___19:59:47 141     73    68    1.75    ---   -5    
