4.79    10.2___20:0:8   1       0     1     1.83    +++   1     
1.4     10.2___20:0:22  2       1     1     1.75    ---   0     
1.15    10.2___20:0:35  3       2     1     1.75    ---   -1    
2.78    10.2___20:0:53  4       2     2     1.75    +++   0     
4.23    10.2___20:1:14  5       2     3     1.83    +++   1     
26.78   10.2___20:1:54  6       2     4     1.92    +++   2     
7.54    10.2___20:2:19  7       2     5     1.92    +++   3     
3.73    10.2___20:2:39  8       2     6     1.93    +++   4     
2.65    10.2___20:2:57  9       2     7     1.98    +++   5     
12.4    10.2___20:3:26  10      2     8     2.02    +++   6     
1.45    10.2___20:3:41  11      3     8     1.98    ---   5     
1.87    10.2___20:3:57  12      4     8     1.93    ---   4     
2.55    10.2___20:4:14  13      4     9     1.98    +++   5     
1.23    10.2___20:4:28  14      5     9     1.93    ---   4     
4.45    10.2___20:4:49  15      5     10    1.98    +++   5     
2.76    10.2___20:5:7   16      5     11    2.02    +++   6     
2.37    10.2___20:5:24  17      5     12    2.04    +++   7     
1.02    10.2___20:5:36  18      6     12    2.02    ---   6     
1.01    10.2___20:5:47  19      7     12    1.98    ---   5     
2.77    10.2___20:6:5   20      7     13    2.02    +++   6     
1.17    10.2___20:6:18  21      8     13    1.98    ---   5     
12.39   10.2___20:6:48  22      8     14    2.02    +++   6     
27.33   10.2___20:7:27  23      8     15    2.04    +++   7     
1.62    10.2___20:7:42  24      9     15    2.02    ---   6     
1.07    10.2___20:7:55  25      10    15    1.98    ---   5     
1.73    10.2___20:8:10  26      11    15    1.93    ---   4     
2.42    10.2___20:8:27  27      11    16    1.98    +++   5     
1.98    10.2___20:8:44  28      12    16    1.98    ---   4     
24.68   10.2___20:9:22  29      12    17    2       +++   5     
2.72    10.2___20:9:40  30      12    18    2.02    +++   6     
2.51    10.2___20:9:58  31      12    19    2.04    +++   7     
2.17    10.2___20:10:14 32      12    20    2.04    +++   8     
2.38    10.2___20:10:32 33      12    21    2.05    +++   9     
1.5     10.2___20:10:46 34      13    21    2.04    ---   8     
20.58   10.2___20:11:22 35      13    22    2.05    +++   9     
1.8     10.2___20:11:38 36      14    22    2.04    ---   8     
11.01   10.2___20:12:6  37      14    23    2.05    +++   9     
1.39    10.2___20:12:21 38      15    23    2.04    ---   8     
1.12    10.2___20:12:33 39      16    23    2.04    ---   7     
2.26    10.2___20:12:50 40      16    24    2.04    +++   8     
2       10.2___20:13:6  41      16    25    2.04    +++   9     
1.44    10.2___20:13:21 42      17    25    2.02    ---   8     
4.9     10.2___20:13:43 43      17    26    2.04    +++   9     
1.04    10.2___20:13:54 44      18    26    2.02    ---   8     
1.92    10.2___20:14:10 45      19    26    2.01    ---   7     
2.02    10.2___20:14:27 46      19    27    2.02    +++   8     
1.76    10.2___20:14:42 47      20    27    2       ---   7     
2.67    10.2___20:15:0  48      20    28    2.02    +++   8     
1.16    10.2___20:15:13 49      21    28    2       ---   7     
1.73    10.2___20:15:29 50      22    28    2       ---   6     
2.72    10.2___20:15:47 51      22    29    2       +++   7     
4.38    10.2___20:16:8  52      22    30    2.02    +++   8     
4.92    10.2___20:16:29 53      22    31    2.02    +++   9     
1.22    10.2___20:16:43 54      23    31    2.02    ---   8     
1.06    10.2___20:16:55 55      24    31    2       ---   7     
10.85   10.2___20:17:23 56      24    32    2.02    +++   8     
1.71    10.2___20:17:38 57      25    32    2       ---   7     
6.36    10.2___20:18:2  58      25    33    2.02    +++   8     
1       10.2___20:18:13 59      26    33    2       ---   7     
1.26    10.2___20:18:26 60      27    33    2       ---   6     
13.68   10.2___20:18:57 61      27    34    2       +++   7     
2.16    10.2___20:19:14 62      27    35    2.02    +++   8     
1.47    10.2___20:19:28 63      28    35    2       ---   7     
1.06    10.2___20:19:40 64      29    35    2       ---   6     
2.91    10.2___20:19:59 65      29    36    2       +++   7     
3.69    10.2___20:20:19 66      29    37    2.02    +++   8     
4.44    10.2___20:20:40 67      29    38    2.02    +++   9     
2.24    10.2___20:20:57 68      29    39    2.02    +++   10    
2.14    10.2___20:21:14 69      29    40    2.04    +++   11    
1.33    10.2___20:21:28 70      30    40    2.02    ---   10    
21.77   10.2___20:22:4  71      30    41    2.04    +++   11    
1.47    10.2___20:22:19 72      31    41    2.02    ---   10    
4.23    10.2___20:22:40 73      31    42    2.04    +++   11    
1       10.2___20:22:50 74      32    42    2.02    ---   10    
1       10.2___20:23:1  75      33    42    2.02    ---   9     
4.6     10.2___20:23:22 76      33    43    2.02    +++   10    
1.47    10.2___20:23:37 77      34    43    2.02    ---   9     
1.68    10.2___20:23:52 78      35    43    2.02    ---   8     
3.92    10.2___20:24:12 79      35    44    2.02    +++   9     
3       10.2___20:24:31 80      35    45    2.02    +++   10    
3.79    10.2___20:24:51 81      35    46    2.04    +++   11    
1.97    10.2___20:25:7  82      36    46    2.02    ---   10    
4.34    10.2___20:25:28 83      36    47    2.04    +++   11    
1.52    10.2___20:25:43 84      37    47    2.02    ---   10    
1.66    10.2___20:25:58 85      38    47    2.02    ---   9     
2.15    10.2___20:26:15 86      38    48    2.02    +++   10    
1.38    10.2___20:26:29 87      39    48    2.02    ---   9     
1.79    10.2___20:26:45 88      40    48    2.02    ---   8     
3.21    10.2___20:27:4  89      40    49    2.02    +++   9     
1.09    10.2___20:27:16 90      41    49    2.02    ---   8     
