1.62    10.8___11:0:6   1       1     0     1.62    ---   -1    
2.64    10.8___11:0:24  2       1     1     2.13    +++   0     
1.86    10.8___11:0:40  3       2     1     1.86    ---   -1    
1.42    10.8___11:0:54  4       3     1     1.74    ---   -2    
3.85    10.8___11:1:14  5       3     2     1.86    +++   -1    
2.06    10.8___11:1:31  6       3     3     1.96    +++   0     
2.19    10.8___11:1:47  7       3     4     2.06    +++   1     
1.6     10.8___11:2:3   8       4     4     1.96    ---   0     
1.28    10.8___11:2:16  9       5     4     1.86    ---   -1    
1.18    10.8___11:2:29  10      6     4     1.74    ---   -2    
1.19    10.8___11:2:42  11      7     4     1.62    ---   -3    
5.51    10.8___11:3:5   12      7     5     1.74    +++   -2    
1.08    10.8___11:3:17  13      8     5     1.62    ---   -3    
2.56    10.8___11:3:35  14      8     6     1.74    +++   -2    
1.11    10.8___11:3:47  15      9     6     1.62    ---   -3    
1.2     10.8___11:4:0   16      10    6     1.61    ---   -4    
2.51    10.8___11:4:18  17      10    7     1.62    +++   -3    
2.19    10.8___11:4:34  18      10    8     1.74    +++   -2    
2.75    10.8___11:4:52  19      10    9     1.86    +++   -1    
1       10.8___11:5:3   20      11    9     1.74    ---   -2    
2.97    10.8___11:10:49 1       0     1     2.97    +++   1     
1.93    10.8___11:11:5  2       1     1     2.45    ---   0     
21.49   10.8___11:11:41 3       1     2     2.97    +++   1     
3.7     10.8___11:12:1  4       1     3     3.33    +++   2     
5.45    10.8___11:12:23 5       1     4     3.7     +++   3     
4       10.8___11:12:44 6       1     5     3.85    +++   4     
1.42    10.8___11:12:58 7       2     5     3.7     ---   3     
2.96    10.8___11:13:17 8       2     6     3.33    +++   4     
1.48    10.8___11:13:31 9       3     6     2.97    ---   3     
1.09    10.8___11:13:43 10      4     6     2.96    ---   2     
1.41    10.8___11:13:57 11      5     6     2.96    ---   1     
1.57    10.8___11:14:12 12      6     6     2.44    ---   0     
1       10.8___11:14:23 13      7     6     1.93    ---   -1    
1.38    10.8___11:14:37 14      8     6     1.75    ---   -2    
2.86    10.8___11:14:55 15      8     7     1.93    +++   -1    
1.85    10.8___11:15:11 16      9     7     1.89    ---   -2    
2.72    10.8___11:15:29 17      9     8     1.93    +++   -1    
1.32    10.8___11:15:43 18      10    8     1.89    ---   -2    
5.69    10.8___11:16:6  19      10    9     1.93    +++   -1    
2.3     10.8___11:16:23 20      10    10    2.11    +++   0     
1       10.8___11:16:33 21      11    10    1.93    ---   -1    
1.04    10.8___11:16:45 22      12    10    1.89    ---   -2    
2.88    10.8___11:17:3  23      12    11    1.93    +++   -1    
14.87   10.8___11:17:35 24      12    12    2.11    +++   0     
12.24   10.8___11:18:5  25      12    13    2.29    +++   1     
4.66    10.8___11:18:26 26      12    14    2.5     +++   2     
1.08    10.8___11:18:39 27      13    14    2.29    ---   1     
1.48    10.8___11:18:53 28      14    14    2.11    ---   0     
1.87    10.8___11:19:9  29      15    14    1.93    ---   -1    
20.84   10.8___11:19:45 30      15    15    2.11    +++   0     
3.04    10.8___11:20:3  31      15    16    2.29    +++   1     
1.32    10.8___11:20:17 32      16    16    2.11    ---   0     
4.8     10.8___11:20:39 33      16    17    2.29    +++   1     
11.02   10.8___11:21:7  34      16    18    2.5     +++   2     
1.78    10.8___11:21:23 35      17    18    2.29    ---   1     
1.23    10.8___11:21:36 36      18    18    2.11    ---   0     
2.86    10.8___11:21:55 37      18    19    2.29    +++   1     
4.59    10.8___11:22:16 38      18    20    2.5     +++   2     
1.53    10.8___11:22:31 39      19    20    2.29    ---   1     
2.25    10.8___11:22:48 40      19    21    2.27    +++   2     
2.17    10.8___11:23:4  41      19    22    2.25    +++   3     
2.67    10.8___11:23:22 42      19    23    2.27    +++   4     
1.45    10.8___11:23:37 43      20    23    2.25    ---   3     
4.72    10.8___11:23:58 44      20    24    2.27    +++   4     
9.82    10.8___11:24:26 45      20    25    2.29    +++   5     
4.09    10.8___11:24:46 46      20    26    2.48    +++   6     
1.45    10.8___11:25:0  47      21    26    2.29    ---   5     
33.86   10.8___11:25:44 48      21    27    2.48    +++   6     
3.43    10.8___11:26:3  49      21    28    2.67    +++   7     
1.41    10.8___11:26:17 50      22    28    2.48    ---   6     
1.39    10.8___11:26:31 51      23    28    2.29    ---   5     
1.89    10.8___11:26:47 52      24    28    2.27    ---   4     
1.19    10.8___11:27:0  53      25    28    2.25    ---   3     
1.64    10.8___11:27:16 54      26    28    2.21    ---   2     
2.59    10.8___11:27:33 55      26    29    2.25    +++   3     
8.71    10.8___11:28:0  56      26    30    2.27    +++   4     
1.4     10.8___11:28:14 57      27    30    2.25    ---   3     
1.06    10.8___11:28:26 58      28    30    2.21    ---   2     
1.81    10.8___11:28:41 59      29    30    2.17    ---   1     
1.12    10.8___11:28:54 60      30    30    2.04    ---   0     
4.11    10.8___11:29:15 61      30    31    2.17    +++   1     
1.25    10.8___11:29:28 62      31    31    2.04    ---   0     
1.25    10.8___11:29:41 63      32    31    1.93    ---   -1    
2.55    10.8___11:29:59 64      32    32    2.04    +++   0     
19.75   10.8___11:30:34 65      32    33    2.17    +++   1     
5.57    10.8___11:30:57 66      32    34    2.21    +++   2     
1.01    10.8___11:31:8  67      33    34    2.17    ---   1     
7.03    10.8___11:31:33 68      33    35    2.21    +++   2     
1.01    10.8___11:31:44 69      34    35    2.17    ---   1     
1.45    10.8___11:31:58 70      35    35    2.04    ---   0     
1       10.8___11:32:9  71      36    35    1.93    ---   -1    
1.17    10.8___11:32:22 72      37    35    1.91    ---   -2    
1.04    10.8___11:32:33 73      38    35    1.89    ---   -3    
1.99    10.8___11:32:50 74      39    35    1.91    ---   -4    
2.48    10.8___11:33:7  75      39    36    1.93    +++   -3    
9.03    10.8___11:33:34 76      39    37    1.96    +++   -2    
1.65    10.8___11:33:49 77      40    37    1.93    ---   -3    
1.82    10.8___11:34:5  78      41    37    1.91    ---   -4    
20.32   10.8___11:34:40 79      41    38    1.93    +++   -3    
2.96    10.8___11:34:59 80      41    39    1.96    +++   -2    
1.46    10.8___11:35:13 81      42    39    1.93    ---   -3    
19.33   10.8___11:35:48 82      42    40    1.96    +++   -2    
3.52    10.8___11:36:8  83      42    41    1.99    +++   -1    
1.58    10.8___11:36:22 84      43    41    1.96    ---   -2    
4.57    10.8___11:36:44 85      43    42    1.99    +++   -1    
4.08    10.8___11:37:4  86      43    43    2.08    +++   0     
7.94    10.8___11:37:30 87      43    44    2.17    +++   1     
8.82    10.8___11:37:56 88      43    45    2.21    +++   2     
1.44    10.8___11:38:11 89      44    45    2.17    ---   1     
1.34    10.8___11:38:25 90      45    45    2.08    ---   0     
1.33    10.8___11:38:38 91      46    45    1.99    ---   -1    
3.51    10.8___11:38:58 92      46    46    2.08    +++   0     
13.04   10.8___11:39:28 93      46    47    2.17    +++   1     
1.02    10.8___11:39:40 94      47    47    2.08    ---   0     
1.75    10.8___11:39:55 95      48    47    1.99    ---   -1    
5.28    10.8___11:40:17 96      48    48    2.08    +++   0     
1.15    10.8___11:40:30 97      49    48    1.99    ---   -1    
1.61    10.8___11:40:45 98      50    48    1.96    ---   -2    
2.15    10.8___11:41:2  99      50    49    1.99    +++   -1    
1.05    10.8___11:41:14 100     51    49    1.96    ---   -2    
5.45    10.8___11:41:36 101     51    50    1.99    +++   -1    
1.2     10.8___11:41:49 102     52    50    1.96    ---   -2    
3.91    10.8___11:42:10 103     52    51    1.99    +++   -1    
1.21    10.8___11:42:23 104     53    51    1.96    ---   -2    
1.02    10.8___11:42:34 105     54    51    1.93    ---   -3    
1.4     10.8___11:42:48 106     55    51    1.91    ---   -4    
4.05    10.8___11:43:9  107     55    52    1.93    +++   -3    
1.1     10.8___11:43:21 108     56    52    1.91    ---   -4    
9.12    10.8___11:43:48 109     56    53    1.93    +++   -3    
1.97    10.8___11:44:4  110     57    53    1.95    ---   -4    
19.58   10.8___11:44:39 111     57    54    1.97    +++   -3    
1.18    10.8___11:44:52 112     58    54    1.95    ---   -4    
2.21    10.8___11:45:9  113     58    55    1.97    +++   -3    
3.76    10.8___11:45:29 114     58    56    1.98    +++   -2    
1.12    10.8___11:45:41 115     59    56    1.97    ---   -3    
1.54    10.8___11:45:56 116     60    56    1.95    ---   -4    
1.29    10.8___11:46:10 117     61    56    1.93    ---   -5    
2.17    10.8___11:46:27 118     61    57    1.95    +++   -4    
1.21    10.8___11:46:40 119     62    57    1.93    ---   -5    
1.28    10.8___11:46:53 120     63    57    1.91    ---   -6    
1.24    10.8___11:47:7  121     64    57    1.89    ---   -7    
1.92    10.8___11:47:23 122     65    57    1.9     ---   -8    
3.38    10.8___11:47:42 123     65    58    1.92    +++   -7    
1.34    10.8___11:47:56 124     66    58    1.9     ---   -8    
15.59   10.8___11:48:28 125     66    59    1.92    +++   -7    
11.18   10.8___11:48:57 126     66    60    1.92    +++   -6    
1.37    10.8___11:49:11 127     67    60    1.92    ---   -7    
1.72    10.8___11:49:26 128     68    60    1.9     ---   -8    
1.29    10.8___11:49:40 129     69    60    1.89    ---   -9    
2.14    10.8___11:49:57 130     69    61    1.9     +++   -8    
1.1     10.8___11:50:9  131     70    61    1.89    ---   -9    
1.56    10.8___11:50:24 132     71    61    1.88    ---   -10   
6.06    10.8___11:50:47 133     71    62    1.89    +++   -9    
1.05    10.8___11:50:59 134     72    62    1.88    ---   -10   
2.77    10.8___11:51:17 135     72    63    1.89    +++   -9    
1.32    10.8___11:51:31 136     73    63    1.88    ---   -10   
1.5     10.8___11:51:45 137     74    63    1.87    ---   -11   
8.35    10.8___11:52:11 138     74    64    1.88    +++   -10   
1.88    10.8___11:52:27 139     75    64    1.88    ---   -11   
2.66    10.8___11:52:45 140     75    65    1.88    +++   -10   
2.05    10.8___11:53:2  141     75    66    1.89    +++   -9    
1       10.8___11:53:12 142     76    66    1.88    ---   -10   
8.6     10.8___11:53:38 143     76    67    1.89    +++   -9    
1.05    10.8___11:53:50 144     77    67    1.88    ---   -10   
1       10.8___11:54:1  145     78    67    1.88    ---   -11   
1.01    10.8___11:54:12 146     79    67    1.87    ---   -12   
2.05    10.8___11:54:28 147     79    68    1.88    +++   -11   
1.1     10.8___11:54:41 148     80    68    1.87    ---   -12   
1.41    10.8___11:54:55 149     81    68    1.87    ---   -13   
1.02    10.8___11:55:6  150     82    68    1.86    ---   -14   
1.8     10.8___11:55:22 151     83    68    1.85    ---   -15   
2.05    10.8___11:55:38 152     83    69    1.86    +++   -14   
2.77    10.8___11:55:56 153     83    70    1.87    +++   -13   
1.9     10.8___11:56:12 154     84    70    1.87    ---   -14   
3.29    10.8___11:56:31 155     84    71    1.88    +++   -13   
1.53    10.8___11:56:46 156     85    71    1.87    ---   -14   
1.01    10.8___11:56:57 157     86    71    1.87    ---   -15   
2.19    10.8___11:57:14 158     86    72    1.87    +++   -14   
1.29    10.8___11:57:28 159     87    72    1.87    ---   -15   
1.42    10.8___11:57:42 160     88    72    1.86    ---   -16   
1.22    10.8___11:57:55 161     89    72    1.85    ---   -17   
3.6     10.8___11:58:15 162     89    73    1.86    +++   -16   
1.48    10.8___11:58:29 163     90    73    1.85    ---   -17   
1.49    10.8___11:58:44 164     91    73    1.83    ---   -18   
1.1     10.8___11:58:56 165     92    73    1.82    ---   -19   
2.17    10.8___11:59:13 166     92    74    1.83    +++   -18   
1.25    10.8___11:59:26 167     93    74    1.82    ---   -19   
1.09    10.8___11:59:39 168     94    74    1.81    ---   -20   
1.06    10.8___11:59:51 169     95    74    1.81    ---   -21   
