2.63    10.8___12:0:8   1       0     1     1.81    +++   1     
1.24    10.8___12:0:22  2       1     1     1.81    ---   0     
1.29    10.8___12:0:35  3       2     1     1.8     ---   -1    
2.3     10.8___12:0:52  4       2     2     1.81    +++   0     
1.12    10.8___12:1:5   5       3     2     1.8     ---   -1    
2.45    10.8___12:1:22  6       3     3     1.81    +++   0     
2.97    10.8___12:1:41  7       3     4     1.81    +++   1     
3.08    10.8___12:2:0   8       3     5     1.82    +++   2     
1.21    10.8___12:2:13  9       4     5     1.81    ---   1     
1.87    10.8___12:2:29  10      5     5     1.82    ---   0     
1.02    10.8___12:2:40  11      6     5     1.81    ---   -1    
3.93    10.8___12:3:0   12      6     6     1.82    +++   0     
1.4     10.8___12:3:14  13      7     6     1.81    ---   -1    
5.21    10.8___12:3:37  14      7     7     1.82    +++   0     
1.85    10.8___12:3:52  15      8     7     1.83    ---   -1    
1.64    10.8___12:4:7   16      9     7     1.82    ---   -2    
2.77    10.8___12:4:26  17      9     8     1.83    +++   -1    
1.08    10.8___12:4:38  18      10    8     1.82    ---   -2    
1.2     10.8___12:4:51  19      11    8     1.81    ---   -3    
1.03    10.8___12:5:2   20      12    8     1.81    ---   -4    
1.18    10.8___12:5:15  21      13    8     1.8     ---   -5    
1.26    10.8___12:5:29  22      14    8     1.8     ---   -6    
27.3    10.8___12:6:9   23      14    9     1.8     +++   -5    
1.53    10.8___12:6:23  24      15    9     1.8     ---   -6    
1.12    10.8___12:6:36  25      16    9     1.79    ---   -7    
1.68    10.8___12:6:51  26      17    9     1.78    ---   -8    
1.33    10.8___12:7:5   27      18    9     1.76    ---   -9    
3.23    10.8___12:7:24  28      18    10    1.78    +++   -8    
2.02    10.8___12:7:40  29      18    11    1.79    +++   -7    
1.19    10.8___12:7:53  30      19    11    1.78    ---   -8    
23.43   10.8___12:8:31  31      19    12    1.79    +++   -7    
1.13    10.8___12:8:43  32      20    12    1.78    ---   -8    
1.02    10.8___12:8:55  33      21    12    1.76    ---   -9    
3.91    10.8___12:9:15  34      21    13    1.78    +++   -8    
2.49    10.8___12:9:32  35      21    14    1.79    +++   -7    
1.99    10.8___12:9:49  36      22    14    1.8     ---   -8    
20.57   10.8___12:10:24 37      22    15    1.8     +++   -7    
34.77   10.8___12:11:8  38      22    16    1.81    +++   -6    
1.09    10.8___12:11:20 39      23    16    1.8     ---   -7    
2.55    10.8___12:11:38 40      23    17    1.81    +++   -6    
1.03    10.8___12:11:50 41      24    17    1.8     ---   -7    
1.67    10.8___12:12:5  42      25    17    1.8     ---   -8    
1.74    10.8___12:12:20 43      26    17    1.79    ---   -9    
1.1     10.8___12:12:33 44      27    17    1.78    ---   -10   
1.11    10.8___12:12:45 45      28    17    1.76    ---   -11   
1       10.8___12:12:55 46      29    17    1.75    ---   -12   
1.48    10.8___12:13:10 47      30    17    1.74    ---   -13   
1.76    10.8___12:13:26 48      31    17    1.75    ---   -14   
1.93    10.8___12:13:42 49      32    17    1.75    ---   -15   
1.58    10.8___12:13:56 50      33    17    1.75    ---   -16   
7.08    10.8___12:14:21 51      33    18    1.75    +++   -15   
4.35    10.8___12:14:42 52      33    19    1.76    +++   -14   
2.9     10.8___12:15:0  53      33    20    1.77    +++   -13   
1.21    10.8___12:15:14 54      34    20    1.76    ---   -14   
1.09    10.8___12:15:26 55      35    20    1.75    ---   -15   
8.44    10.8___12:15:52 56      35    21    1.76    +++   -14   
1.4     10.8___12:16:6  57      36    21    1.75    ---   -15   
1.4     10.8___12:16:20 58      37    21    1.75    ---   -16   
1.33    10.8___12:16:34 59      38    21    1.74    ---   -17   
1.35    10.8___12:16:48 60      39    21    1.74    ---   -18   
1.49    10.8___12:17:2  61      40    21    1.73    ---   -19   
28.3    10.8___12:17:43 62      40    22    1.74    +++   -18   
1.1     10.8___12:17:55 63      41    22    1.73    ---   -19   
2.68    10.8___12:18:13 64      41    23    1.74    +++   -18   
1.67    10.8___12:18:28 65      42    23    1.73    ---   -19   
1.99    10.8___12:18:44 66      43    23    1.74    ---   -20   
1.27    10.8___12:18:58 67      44    23    1.73    ---   -21   
4.16    10.8___12:19:19 68      44    24    1.74    +++   -20   
6.43    10.8___12:19:42 69      44    25    1.74    +++   -19   
1       10.8___12:19:53 70      45    25    1.74    ---   -20   
7.95    10.8___12:20:19 71      45    26    1.74    +++   -19   
1.16    10.8___12:20:32 72      46    26    1.74    ---   -20   
10.86   10.8___12:21:0  73      46    27    1.74    +++   -19   
2.4     10.8___12:21:17 74      46    28    1.75    +++   -18   
1       10.8___12:21:28 75      47    28    1.74    ---   -19   
2.57    10.8___12:21:45 76      47    29    1.75    +++   -18   
1.95    10.8___12:22:2  77      48    29    1.75    ---   -19   
1.18    10.8___12:22:15 78      49    29    1.75    ---   -20   
1.68    10.8___12:22:30 79      50    29    1.74    ---   -21   
2.15    10.8___12:22:46 80      50    30    1.75    +++   -20   
1.47    10.8___12:23:1  81      51    30    1.74    ---   -21   
8.22    10.8___12:23:27 82      51    31    1.75    +++   -20   
21.04   10.8___12:24:3  83      51    32    1.75    +++   -19   
1.31    10.8___12:24:16 84      52    32    1.75    ---   -20   
1.9     10.8___12:24:32 85      53    32    1.75    ---   -21   
3.25    10.8___12:24:52 86      53    33    1.76    +++   -20   
1.19    10.8___12:25:5  87      54    33    1.75    ---   -21   
2.39    10.8___12:25:22 88      54    34    1.76    +++   -20   
2.92    10.8___12:25:40 89      54    35    1.77    +++   -19   
1.09    10.8___12:25:53 90      55    35    1.76    ---   -20   
1.98    10.8___12:26:9  91      56    35    1.77    ---   -21   
1.3     10.8___12:26:22 92      57    35    1.76    ---   -22   
1.75    10.8___12:26:38 93      58    35    1.75    ---   -23   
1.09    10.8___12:26:50 94      59    35    1.75    ---   -24   
1.55    10.8___12:27:5  95      60    35    1.75    ---   -25   
7.28    10.8___12:27:30 96      60    36    1.75    +++   -24   
32.71   10.8___12:28:12 97      60    37    1.75    +++   -23   
1.04    10.8___12:28:24 98      61    37    1.75    ---   -24   
1.21    10.8___12:28:37 99      62    37    1.75    ---   -25   
1.07    10.8___12:28:49 100     63    37    1.75    ---   -26   
1       10.8___12:29:0  101     64    37    1.74    ---   -27   
3.94    10.8___12:29:20 102     64    38    1.75    +++   -26   
1.79    10.8___12:29:36 103     65    38    1.75    ---   -27   
24.37   10.8___12:30:14 104     65    39    1.75    +++   -26   
12.8    10.8___12:30:44 105     65    40    1.75    +++   -25   
8.73    10.8___12:31:10 106     65    41    1.76    +++   -24   
7.28    10.8___12:31:35 107     65    42    1.77    +++   -23   
1.42    10.8___12:31:49 108     66    42    1.76    ---   -24   
4.41    10.8___12:32:10 109     66    43    1.77    +++   -23   
4.83    10.8___12:32:32 110     66    44    1.78    +++   -22   
3.17    10.8___12:32:51 111     66    45    1.78    +++   -21   
9.74    10.8___12:33:18 112     66    46    1.79    +++   -20   
4.27    10.8___12:33:39 113     66    47    1.79    +++   -19   
27.02   10.8___12:34:19 114     66    48    1.8     +++   -18   
1.74    10.8___12:34:34 115     67    48    1.79    ---   -19   
3.69    10.8___12:34:54 116     67    49    1.8     +++   -18   
1.29    10.8___12:35:8  117     68    49    1.79    ---   -19   
1.07    10.8___12:35:20 118     69    49    1.79    ---   -20   
1.02    10.8___12:35:31 119     70    49    1.78    ---   -21   
1.61    10.8___12:35:46 120     71    49    1.78    ---   -22   
20.84   10.8___12:36:22 121     71    50    1.78    +++   -21   
3.61    10.8___12:36:42 122     71    51    1.79    +++   -20   
11.75   10.8___12:37:11 123     71    52    1.79    +++   -19   
1.02    10.8___12:37:22 124     72    52    1.79    ---   -20   
1.03    10.8___12:37:34 125     73    52    1.78    ---   -21   
9.87    10.8___12:38:1  126     73    53    1.79    +++   -20   
9.57    10.8___12:38:29 127     73    54    1.79    +++   -19   
1.31    10.8___12:38:42 128     74    54    1.79    ---   -20   
4.42    10.8___12:39:3  129     74    55    1.79    +++   -19   
1.04    10.8___12:39:15 130     75    55    1.79    ---   -20   
1       10.8___12:39:26 131     76    55    1.78    ---   -21   
2.7     10.8___12:39:44 132     76    56    1.79    +++   -20   
2.83    10.8___12:40:2  133     76    57    1.79    +++   -19   
3.04    10.8___12:40:21 134     76    58    1.8     +++   -18   
2.67    10.8___12:40:39 135     76    59    1.8     +++   -17   
2.75    10.8___12:40:57 136     76    60    1.81    +++   -16   
1       10.8___12:41:7  137     77    60    1.8     ---   -17   
1.52    10.8___12:41:22 138     78    60    1.8     ---   -18   
2.32    10.8___12:41:39 139     78    61    1.8     +++   -17   
1.26    10.8___12:41:52 140     79    61    1.8     ---   -18   
6.01    10.8___12:42:16 141     79    62    1.8     +++   -17   
5.93    10.8___12:42:39 142     79    63    1.81    +++   -16   
13.44   10.8___12:43:10 143     79    64    1.81    +++   -15   
2.87    10.8___12:43:28 144     79    65    1.82    +++   -14   
2.21    10.8___12:43:45 145     79    66    1.83    +++   -13   
1.22    10.8___12:43:58 146     80    66    1.82    ---   -14   
1.89    10.8___12:44:14 147     81    66    1.83    ---   -15   
8.25    10.8___12:44:40 148     81    67    1.85    +++   -14   
1.11    10.8___12:44:52 149     82    67    1.83    ---   -15   
4.52    10.8___12:45:13 150     82    68    1.85    +++   -14   
1.51    10.8___12:45:28 151     83    68    1.83    ---   -15   
2.07    10.8___12:45:45 152     83    69    1.85    +++   -14   
3.22    10.8___12:46:4  153     83    70    1.85    +++   -13   
10.05   10.8___12:46:31 154     83    71    1.85    +++   -12   
1.48    10.8___12:46:46 155     84    71    1.85    ---   -13   
2.82    10.8___12:47:4  156     84    72    1.85    +++   -12   
1.49    10.8___12:47:19 157     85    72    1.85    ---   -13   
7.2     10.8___12:47:43 158     85    73    1.85    +++   -12   
1.09    10.8___12:47:56 159     86    73    1.85    ---   -13   
1       10.8___12:48:7  160     87    73    1.85    ---   -14   
6.95    10.8___12:48:31 161     87    74    1.85    +++   -13   
2.21    10.8___12:48:47 162     87    75    1.85    +++   -12   
1       10.8___12:48:58 163     88    75    1.85    ---   -13   
1.02    10.8___12:49:9  164     89    75    1.85    ---   -14   
1.03    10.8___12:49:21 165     90    75    1.83    ---   -15   
1.52    10.8___12:49:36 166     91    75    1.82    ---   -16   
1.63    10.8___12:49:51 167     92    75    1.81    ---   -17   
1       10.8___12:50:1  168     93    75    1.81    ---   -18   
2.56    10.8___12:50:19 169     93    76    1.81    +++   -17   
2.32    10.8___12:50:36 170     93    77    1.82    +++   -16   
10.25   10.8___12:51:4  171     93    78    1.83    +++   -15   
1.01    10.8___12:51:15 172     94    78    1.82    ---   -16   
1.27    10.8___12:51:28 173     95    78    1.81    ---   -17   
4.26    10.8___12:51:49 174     95    79    1.82    +++   -16   
1.51    10.8___12:52:4  175     96    79    1.81    ---   -17   
20.12   10.8___12:52:39 176     96    80    1.82    +++   -16   
1.47    10.8___12:52:54 177     97    80    1.81    ---   -17   
1       10.8___12:53:4  178     98    80    1.81    ---   -18   
1.03    10.8___12:53:16 179     99    80    1.8     ---   -19   
1.93    10.8___12:53:32 180     100   80    1.81    ---   -20   
1.77    10.8___12:53:48 181     101   80    1.8     ---   -21   
4.01    10.8___12:54:8  182     101   81    1.81    +++   -20   
5.19    10.8___12:54:30 183     101   82    1.81    +++   -19   
6.29    10.8___12:54:54 184     101   83    1.82    +++   -18   
4.27    10.8___12:55:15 185     101   84    1.83    +++   -17   
3.11    10.8___12:55:34 186     101   85    1.85    +++   -16   
8.19    10.8___12:55:59 187     101   86    1.85    +++   -15   
1.22    10.8___12:56:13 188     102   86    1.85    ---   -16   
1.82    10.8___12:56:28 189     103   86    1.83    ---   -17   
1.09    10.8___12:56:41 190     104   86    1.82    ---   -18   
22.99   10.8___12:57:18 191     104   87    1.83    +++   -17   
1       10.8___12:57:28 192     105   87    1.82    ---   -18   
2.86    10.8___12:57:47 193     105   88    1.83    +++   -17   
1.77    10.8___12:58:2  194     106   88    1.82    ---   -18   
1.58    10.8___12:58:17 195     107   88    1.82    ---   -19   
10.64   10.8___12:58:46 196     107   89    1.82    +++   -18   
1.55    10.8___12:59:0  197     108   89    1.82    ---   -19   
1.28    10.8___12:59:14 198     109   89    1.82    ---   -20   
7.77    10.8___12:59:39 199     109   90    1.82    +++   -19   
2.25    10.8___12:59:56 200     109   91    1.82    +++   -18   
