1.07    10.8___13:0:8   1       1     0     1.82    ---   -1    
5.94    10.8___13:0:31  2       1     1     1.82    +++   0     
1.12    10.8___13:0:44  3       2     1     1.82    ---   -1    
1.29    10.8___13:0:58  4       3     1     1.82    ---   -2    
2.02    10.8___13:1:14  5       3     2     1.82    +++   -1    
4.07    10.8___13:1:34  6       3     3     1.82    +++   0     
1.36    10.8___13:1:48  7       4     3     1.82    ---   -1    
17.25   10.8___13:2:22  8       4     4     1.82    +++   0     
1.05    10.8___13:2:34  9       5     4     1.82    ---   -1    
1.53    10.8___13:2:48  10      6     4     1.82    ---   -2    
1.38    10.8___13:3:3   11      7     4     1.81    ---   -3    
2.56    10.8___13:3:20  12      7     5     1.82    +++   -2    
1.71    10.8___13:3:36  13      8     5     1.81    ---   -3    
1.24    10.8___13:3:49  14      9     5     1.81    ---   -4    
2.34    10.8___13:4:6   15      9     6     1.81    +++   -3    
1.07    10.8___13:4:18  16      10    6     1.81    ---   -4    
1.76    10.8___13:4:34  17      11    6     1.8     ---   -5    
11.52   10.8___13:5:3   18      11    7     1.81    +++   -4    
1.66    10.8___13:5:18  19      12    7     1.8     ---   -5    
1.07    10.8___13:5:30  20      13    7     1.8     ---   -6    
20.16   10.8___13:6:5   21      13    8     1.8     +++   -5    
1.52    10.8___13:6:20  22      14    8     1.8     ---   -6    
1.12    10.8___13:6:33  23      15    8     1.79    ---   -7    
1.72    10.8___13:6:48  24      16    8     1.79    ---   -8    
1.42    10.8___13:12:20 1       1     0     1.42    ---   -1    
1.13    10.8___13:12:32 2       2     0     1.27    ---   -2    
1       10.8___13:12:43 3       3     0     1.12    ---   -3    
2.52    10.8___13:13:0  4       3     1     1.27    +++   -2    
2.59    10.8___13:13:18 5       3     2     1.42    +++   -1    
16.54   10.8___13:13:51 6       3     3     1.97    +++   0     
1.37    10.8___13:14:5  7       4     3     1.42    ---   -1    
1.17    10.8___13:14:18 8       5     3     1.39    ---   -2    
1.01    10.8___13:14:29 9       6     3     1.37    ---   -3    
3.2     10.8___13:14:48 10      6     4     1.39    +++   -2    
1.24    10.8___13:15:2  11      7     4     1.37    ---   -3    
1.75    10.8___13:15:17 12      8     4     1.39    ---   -4    
1.44    10.8___13:15:31 13      9     4     1.42    ---   -5    
1.45    10.8___13:15:46 14      10    4     1.43    ---   -6    
4.4     10.8___13:16:7  15      10    5     1.44    +++   -5    
1.2     10.8___13:16:20 16      11    5     1.43    ---   -6    
1.69    10.8___13:16:35 17      12    5     1.44    ---   -7    
5.73    10.8___13:16:58 18      12    6     1.44    +++   -6    
3.21    10.8___13:17:17 19      12    7     1.45    +++   -5    
4.11    10.8___13:17:38 20      12    8     1.56    +++   -4    
5.94    10.8___13:18:1  21      12    9     1.69    +++   -3    
1.65    10.8___13:18:16 22      13    9     1.67    ---   -4    
9.97    10.8___13:18:44 23      13    10    1.69    +++   -3    
1.88    10.8___13:19:0  24      14    10    1.72    ---   -4    
7.08    10.8___13:19:24 25      14    11    1.75    +++   -3    
1.68    10.8___13:19:39 26      15    11    1.72    ---   -4    
8.29    10.8___13:20:5  27      15    12    1.75    +++   -3    
1.54    10.8___13:20:20 28      16    12    1.72    ---   -4    
3.95    10.8___13:20:40 29      16    13    1.75    +++   -3    
1.39    10.8___13:20:55 30      17    13    1.72    ---   -4    
3.93    10.8___13:21:15 31      17    14    1.75    +++   -3    
1.47    10.8___13:21:29 32      18    14    1.72    ---   -4    
1.66    10.8___13:21:45 33      19    14    1.69    ---   -5    
1.02    10.8___13:21:56 34      20    14    1.68    ---   -6    
1.02    10.8___13:22:7  35      21    14    1.68    ---   -7    
2.18    10.8___13:22:24 36      21    15    1.68    +++   -6    
1.46    10.8___13:22:39 37      22    15    1.68    ---   -7    
6.22    10.8___13:23:2  38      22    16    1.68    +++   -6    
1.86    10.8___13:23:18 39      23    16    1.69    ---   -7    
2.3     10.8___13:23:35 40      23    17    1.72    +++   -6    
9.46    10.8___13:24:2  41      23    18    1.75    +++   -5    
2.43    10.8___13:38:14 1       0     1     2.43    +++   1     
1       10.8___13:38:25 2       1     1     1.71    ---   0     
33.04   10.8___13:39:8  3       1     2     2.43    +++   1     
4.26    10.8___13:39:28 4       1     3     3.34    +++   2     
3.08    10.8___13:39:47 5       1     4     3.08    +++   3     
1.07    10.8___13:39:59 6       2     4     2.75    ---   2     
2.67    10.8___13:40:17 7       2     5     2.67    +++   3     
2.36    10.8___13:40:34 8       2     6     2.54    +++   4     
1.08    10.8___13:40:47 9       3     6     2.43    ---   3     
1.65    10.8___13:41:2  10      4     6     2.39    ---   2     
3.67    10.8___13:41:22 11      4     7     2.43    +++   3     
3.09    10.8___13:41:40 12      4     8     2.54    +++   4     
1.19    10.8___13:41:54 13      5     8     2.43    ---   3     
2.94    10.8___13:42:12 14      5     9     2.54    +++   4     
2.79    10.8___13:42:30 15      5     10    2.67    +++   5     
1.21    10.8___13:42:43 16      6     10    2.54    ---   4     
1.11    10.8___13:42:56 17      7     10    2.43    ---   3     
7.21    10.8___13:43:21 18      7     11    2.54    +++   4     
1.6     10.8___13:43:36 19      8     11    2.43    ---   3     
1.35    10.8___13:43:50 20      9     11    2.39    ---   2     
1.33    10.8___13:44:3  21      10    11    2.36    ---   1     
1.29    10.8___13:44:17 22      11    11    2       ---   0     
1.05    10.8___13:44:29 23      12    11    1.65    ---   -1    
1.41    10.8___13:44:43 24      13    11    1.62    ---   -2    
1.29    10.8___13:44:57 25      14    11    1.6     ---   -3    
1.09    10.8___13:45:9  26      15    11    1.5     ---   -4    
1.2     10.8___13:45:22 27      16    11    1.41    ---   -5    
1.01    10.8___13:45:33 28      17    11    1.38    ---   -6    
1.26    10.8___13:45:47 29      18    11    1.35    ---   -7    
1.79    10.8___13:46:2  30      19    11    1.38    ---   -8    
2.32    10.8___13:46:19 31      19    12    1.41    +++   -7    
2.65    10.8___13:46:37 32      19    13    1.5     +++   -6    
3.64    10.8___13:46:57 33      19    14    1.6     +++   -5    
1       10.8___13:47:8  34      20    14    1.5     ---   -6    
1.65    10.8___13:47:23 35      21    14    1.6     ---   -7    
1.01    10.8___13:47:34 36      22    14    1.5     ---   -8    
1.15    10.8___13:47:47 37      23    14    1.41    ---   -9    
1.76    10.8___13:48:2  38      24    14    1.5     ---   -10   
1.24    10.8___13:48:16 39      25    14    1.41    ---   -11   
1.4     10.8___13:48:30 40      26    14    1.4     ---   -12   
1.51    10.8___13:48:44 41      27    14    1.41    ---   -13   
4.21    10.8___13:49:5  42      27    15    1.46    +++   -12   
1.92    10.8___13:49:21 43      28    15    1.51    ---   -13   
1.11    10.8___13:49:34 44      29    15    1.46    ---   -14   
1.81    10.8___13:49:49 45      30    15    1.51    ---   -15   
21.81   10.8___13:50:26 46      30    16    1.55    +++   -14   
1.05    10.8___13:50:38 47      31    16    1.51    ---   -15   
1.24    10.8___13:50:51 48      32    16    1.46    ---   -16   
1.03    10.8___13:51:3  49      33    16    1.41    ---   -17   
2       10.8___13:51:19 50      33    17    1.46    +++   -16   
2.47    10.8___13:51:36 51      33    18    1.51    +++   -15   
1.28    10.8___13:51:50 52      34    18    1.46    ---   -16   
2.67    10.8___13:52:8  53      34    19    1.51    +++   -15   
22.78   10.8___13:52:45 54      34    20    1.55    +++   -14   
1.73    10.8___13:53:0  55      35    20    1.6     ---   -15   
1.2     10.8___13:53:13 56      36    20    1.55    ---   -16   
1.89    10.8___13:53:29 57      37    20    1.6     ---   -17   
8.79    10.8___13:53:56 58      37    21    1.62    +++   -16   
8.31    10.8___13:54:22 59      37    22    1.65    +++   -15   
1.3     10.8___13:54:35 60      38    22    1.62    ---   -16   
1.62    10.8___13:54:50 61      39    22    1.62    ---   -17   
4.24    10.8___13:55:11 62      39    23    1.63    +++   -16   
2.18    10.8___13:55:28 63      39    24    1.65    +++   -15   
1.05    10.8___13:55:40 64      40    24    1.63    ---   -16   
1.19    10.8___13:55:53 65      41    24    1.62    ---   -17   
1.29    10.8___13:56:7  66      42    24    1.61    ---   -18   
1.14    10.8___13:56:19 67      43    24    1.6     ---   -19   
2.36    10.8___13:56:36 68      43    25    1.61    +++   -18   
4.4     10.8___13:56:57 69      43    26    1.62    +++   -17   
1.14    10.8___13:57:10 70      44    26    1.61    ---   -18   
3.39    10.8___13:57:30 71      44    27    1.62    +++   -17   
14.03   10.8___13:58:1  72      44    28    1.63    +++   -16   
1.15    10.8___13:58:13 73      45    28    1.62    ---   -17   
3.41    10.8___13:58:33 74      45    29    1.63    +++   -16   
5.3     10.8___13:58:55 75      45    30    1.65    +++   -15   
2.16    10.8___13:59:12 76      45    31    1.65    +++   -14   
1.33    10.8___13:59:26 77      46    31    1.65    ---   -15   
1.16    10.8___13:59:39 78      47    31    1.63    ---   -16   
1.08    10.8___13:59:51 79      48    31    1.62    ---   -17   
