3.19    10.8___14:0:10  1       0     1     1.63    +++   1     
1.47    10.8___14:0:24  2       1     1     1.62    ---   0     
26.69   10.8___14:1:4   3       1     2     1.63    +++   1     
6.22    10.8___14:1:27  4       1     3     1.65    +++   2     
22.59   10.8___14:2:4   5       1     4     1.65    +++   3     
3.1     10.8___14:2:23  6       1     5     1.65    +++   4     
2.48    10.8___14:2:40  7       1     6     1.69    +++   5     
1.06    10.8___14:2:52  8       2     6     1.65    ---   4     
1.53    10.8___14:3:7   9       3     6     1.65    ---   3     
2.63    10.8___14:3:25  10      3     7     1.65    +++   4     
1.38    10.8___14:3:39  11      4     7     1.65    ---   3     
2.73    10.8___14:3:57  12      4     8     1.65    +++   4     
2.1     10.8___14:4:14  13      4     9     1.69    +++   5     
1       10.8___14:4:24  14      5     9     1.65    ---   4     
1.03    10.8___14:4:36  15      6     9     1.65    ---   3     
3.56    10.8___14:4:55  16      6     10    1.65    +++   4     
1.2     10.8___14:5:9   17      7     10    1.65    ---   3     
1.42    10.8___14:5:23  18      8     10    1.65    ---   2     
1.15    10.8___14:5:36  19      9     10    1.63    ---   1     
1.41    10.8___14:5:50  20      10    10    1.62    ---   0     
3.45    10.8___14:6:9   21      10    11    1.63    +++   1     
1.17    10.8___14:6:22  22      11    11    1.62    ---   0     
1.08    10.8___14:6:34  23      12    11    1.61    ---   -1    
2.54    10.8___14:6:52  24      12    12    1.62    +++   0     
1.15    10.8___14:7:5   25      13    12    1.61    ---   -1    
1.46    10.8___14:7:19  26      14    12    1.6     ---   -2    
1       10.8___14:7:30  27      15    12    1.56    ---   -3    
1.26    10.8___14:7:43  28      16    12    1.53    ---   -4    
1.29    10.8___14:7:57  29      17    12    1.52    ---   -5    
16.86   10.8___14:8:30  30      17    13    1.53    +++   -4    
3.77    10.8___14:8:50  31      17    14    1.56    +++   -3    
1.91    10.8___14:9:6   32      18    14    1.6     ---   -4    
2.62    10.8___14:9:24  33      18    15    1.61    +++   -3    
2.84    10.8___14:9:42  34      18    16    1.62    +++   -2    
1.55    10.8___14:9:57  35      19    16    1.61    ---   -3    
1       10.8___14:10:7  36      20    16    1.6     ---   -4    
1.74    10.8___14:10:23 37      21    16    1.61    ---   -5    
1.17    10.8___14:10:36 38      22    16    1.6     ---   -6    
1.77    10.8___14:10:51 39      23    16    1.61    ---   -7    
1.14    10.8___14:11:4  40      24    16    1.6     ---   -8    
2.23    10.8___14:11:21 41      24    17    1.61    +++   -7    
1.22    10.8___14:11:34 42      25    17    1.6     ---   -8    
3.65    10.8___14:11:54 43      25    18    1.61    +++   -7    
1.33    10.8___14:12:8  44      26    18    1.6     ---   -8    
1.33    10.8___14:12:22 45      27    18    1.57    ---   -9    
1.27    10.8___14:12:35 46      28    18    1.55    ---   -10   
24.55   10.8___14:13:13 47      28    19    1.57    +++   -9    
2.12    10.8___14:13:30 48      28    20    1.6     +++   -8    
2.51    10.8___14:13:48 49      28    21    1.61    +++   -7    
10.07   10.8___14:14:15 50      28    22    1.62    +++   -6    
21.54   10.8___14:14:52 51      28    23    1.63    +++   -5    
7.08    10.8___14:15:16 52      28    24    1.65    +++   -4    
1.1     10.8___14:15:28 53      29    24    1.63    ---   -5    
3.72    10.8___14:15:48 54      29    25    1.65    +++   -4    
1.01    10.8___14:16:0  55      30    25    1.63    ---   -5    
1.92    10.8___14:16:16 56      31    25    1.65    ---   -6    
1.5     10.8___14:16:30 57      32    25    1.63    ---   -7    
3.34    10.8___14:16:49 58      32    26    1.65    +++   -6    
1.5     10.8___14:17:4  59      33    26    1.63    ---   -7    
1.01    10.8___14:17:15 60      34    26    1.62    ---   -8    
1.74    10.8___14:17:31 61      35    26    1.63    ---   -9    
1.95    10.8___14:17:47 62      36    26    1.65    ---   -10   
1.17    10.8___14:18:0  63      37    26    1.63    ---   -11   
2.33    10.8___14:18:17 64      37    27    1.65    +++   -10   
1       10.8___14:18:27 65      38    27    1.63    ---   -11   
1.39    10.8___14:18:41 66      39    27    1.62    ---   -12   
1.28    10.8___14:18:55 67      40    27    1.61    ---   -13   
5.51    10.8___14:19:18 68      40    28    1.62    +++   -12   
2.3     10.8___14:19:35 69      40    29    1.63    +++   -11   
2.08    10.8___14:19:51 70      40    30    1.65    +++   -10   
2.94    10.8___14:20:10 71      40    31    1.65    +++   -9    
14.81   10.8___14:20:41 72      40    32    1.65    +++   -8    
1.25    10.8___14:20:55 73      41    32    1.65    ---   -9    
23.84   10.8___14:21:32 74      41    33    1.65    +++   -8    
1       10.8___14:21:43 75      42    33    1.65    ---   -9    
1.1     10.8___14:21:55 76      43    33    1.65    ---   -10   
1.09    10.8___14:22:8  77      44    33    1.63    ---   -11   
1.67    10.8___14:22:23 78      45    33    1.65    ---   -12   
3.63    10.8___14:22:43 79      45    34    1.65    +++   -11   
16.95   10.8___14:23:16 80      45    35    1.65    +++   -10   
2.49    10.8___14:23:33 81      45    36    1.66    +++   -9    
3.63    10.8___14:23:53 82      45    37    1.67    +++   -8    
3.69    10.8___14:24:13 83      45    38    1.7     +++   -7    
3.1     10.8___14:24:32 84      45    39    1.73    +++   -6    
30.41   10.8___14:25:13 85      45    40    1.73    +++   -5    
1.56    10.8___14:25:28 86      46    40    1.73    ---   -6    
1.71    10.8___14:25:43 87      47    40    1.72    ---   -7    
2.63    10.8___14:26:1  88      47    41    1.73    +++   -6    
22.97   10.8___14:26:38 89      47    42    1.73    +++   -5    
1.94    10.8___14:26:55 90      48    42    1.74    ---   -6    
3.08    10.8___14:27:13 91      48    43    1.74    +++   -5    
1.02    10.8___14:27:25 92      49    43    1.74    ---   -6    
1.04    10.8___14:27:36 93      50    43    1.73    ---   -7    
1.7     10.8___14:27:52 94      51    43    1.73    ---   -8    
17.56   10.8___14:28:25 95      51    44    1.73    +++   -7    
1.3     10.8___14:28:39 96      52    44    1.73    ---   -8    
4.27    10.8___14:29:0  97      52    45    1.73    +++   -7    
1.35    10.8___14:29:14 98      53    45    1.73    ---   -8    
1.56    10.8___14:29:29 99      54    45    1.72    ---   -9    
1.71    10.8___14:29:44 100     55    45    1.71    ---   -10   
3.84    10.8___14:30:4  101     55    46    1.72    +++   -9    
1.02    10.8___14:30:16 102     56    46    1.71    ---   -10   
27.49   10.8___14:30:55 103     56    47    1.72    +++   -9    
9.57    10.8___14:31:23 104     56    48    1.73    +++   -8    
2.45    10.8___14:31:40 105     56    49    1.73    +++   -7    
1.01    10.8___14:31:51 106     57    49    1.73    ---   -8    
1.95    10.8___14:32:7  107     58    49    1.73    ---   -9    
1.71    10.8___14:32:23 108     59    49    1.73    ---   -10   
1.64    10.8___14:32:38 109     60    49    1.72    ---   -11   
1.9     10.8___14:32:54 110     61    49    1.73    ---   -12   
2.07    10.8___14:33:10 111     61    50    1.73    +++   -11   
2.14    10.8___14:33:27 112     61    51    1.74    +++   -10   
1       10.8___14:33:37 113     62    51    1.73    ---   -11   
1.55    10.8___14:33:52 114     63    51    1.73    ---   -12   
1.68    10.8___14:34:8  115     64    51    1.72    ---   -13   
1.03    10.8___14:34:19 116     65    51    1.71    ---   -14   
1.96    10.8___14:34:35 117     66    51    1.72    ---   -15   
3.42    10.8___14:34:55 118     66    52    1.73    +++   -14   
1.04    10.8___14:35:6  119     67    52    1.72    ---   -15   
1.6     10.8___14:35:21 120     68    52    1.71    ---   -16   
1.47    10.8___14:35:36 121     69    52    1.71    ---   -17   
16.9    10.8___14:36:9  122     69    53    1.71    +++   -16   
1.19    10.8___14:36:22 123     70    53    1.71    ---   -17   
3.6     10.8___14:36:42 124     70    54    1.71    +++   -16   
2.53    10.8___14:36:59 125     70    55    1.72    +++   -15   
4.26    10.8___14:37:20 126     70    56    1.73    +++   -14   
1.11    10.8___14:37:33 127     71    56    1.72    ---   -15   
1.49    10.8___14:37:47 128     72    56    1.71    ---   -16   
1.12    10.8___14:38:0  129     73    56    1.71    ---   -17   
1       10.8___14:38:10 130     74    56    1.71    ---   -18   
3.97    10.8___14:38:31 131     74    57    1.71    +++   -17   
1       10.8___14:38:41 132     75    57    1.71    ---   -18   
7.09    10.8___14:39:6  133     75    58    1.71    +++   -17   
3.24    10.8___14:39:25 134     75    59    1.71    +++   -16   
2.07    10.8___14:39:41 135     75    60    1.72    +++   -15   
13.03   10.8___14:40:12 136     75    61    1.73    +++   -14   
20.59   10.8___14:40:47 137     75    62    1.73    +++   -13   
2.57    10.8___14:41:5  138     75    63    1.74    +++   -12   
1.8     10.8___14:41:21 139     76    63    1.74    ---   -13   
1.89    10.8___14:41:37 140     77    63    1.74    ---   -14   
4.03    10.8___14:41:57 141     77    64    1.75    +++   -13   
1.84    10.8___14:42:13 142     78    64    1.76    ---   -14   
9.82    10.8___14:42:40 143     78    65    1.76    +++   -13   
5.46    10.8___14:43:3  144     78    66    1.77    +++   -12   
1.46    10.8___14:43:17 145     79    66    1.76    ---   -13   
3.59    10.8___14:43:37 146     79    67    1.77    +++   -12   
1.84    10.8___14:43:53 147     80    67    1.78    ---   -13   
1.11    10.8___14:44:5  148     81    67    1.77    ---   -14   
1.11    10.8___14:44:18 149     82    67    1.76    ---   -15   
1.06    10.8___14:44:30 150     83    67    1.76    ---   -16   
1.22    10.8___14:44:43 151     84    67    1.75    ---   -17   
1.71    10.8___14:44:58 152     85    67    1.74    ---   -18   
8.64    10.8___14:50:5  1       0     1     8.64    +++   1     
5.08    10.8___14:50:27 2       0     2     6.86    +++   2     
2.54    10.8___14:50:45 3       0     3     5.08    +++   3     
1.88    10.8___14:51:1  4       1     3     3.81    ---   2     
3.64    10.8___14:51:21 5       1     4     3.64    +++   3     
3.95    10.8___14:51:41 6       1     5     3.79    +++   4     
1.16    10.8___14:51:54 7       2     5     3.64    ---   3     
1.29    10.8___14:52:8  8       3     5     3.09    ---   2     
4.33    10.8___14:52:29 9       3     6     3.64    +++   3     
1.06    10.8___14:52:40 10      4     6     3.09    ---   2     
6.33    10.8___14:53:4  11      4     7     3.64    +++   3     
2.19    10.8___14:53:21 12      4     8     3.09    +++   4     
1.29    10.8___14:53:35 13      5     8     2.54    ---   3     
25.2    10.8___14:54:13 14      5     9     3.09    +++   4     
4.12    10.8___14:54:34 15      5     10    3.64    +++   5     
5.63    10.8___14:54:57 16      5     11    3.79    +++   6     
1.37    10.8___14:55:11 17      6     11    3.64    ---   5     
2.38    10.8___14:55:28 18      6     12    3.09    +++   6     
