1.24    10.8___16:33:22 1       1     0     1.24    ---   -1    
4.89    10.8___16:33:44 2       1     1     3.06    +++   0     
2.98    10.8___16:34:2  3       1     2     2.98    +++   1     
1.84    10.8___16:34:18 4       2     2     2.41    ---   0     
3.25    10.8___16:34:37 5       2     3     2.98    +++   1     
2.24    10.8___16:34:54 6       2     4     2.61    +++   2     
3.86    10.8___16:35:14 7       2     5     2.98    +++   3     
2.58    10.8___16:35:32 8       2     6     2.78    +++   4     
9.14    10.8___16:35:59 9       2     7     2.98    +++   5     
1.13    10.8___16:36:11 10      3     7     2.78    ---   4     
1.28    10.8___16:36:25 11      4     7     2.58    ---   3     
1.64    10.8___16:36:40 12      5     7     2.41    ---   2     
7.13    10.8___16:37:5  13      5     8     2.58    +++   3     
6.68    10.8___16:37:29 14      5     9     2.78    +++   4     
1.09    10.8___16:37:41 15      6     9     2.58    ---   3     
3.75    10.8___16:38:1  16      6     10    2.78    +++   4     
23.99   10.8___16:38:39 17      6     11    2.98    +++   5     
1.85    10.8___16:38:55 18      7     11    2.78    ---   4     
1.66    10.8___16:39:10 19      8     11    2.58    ---   3     
4.67    10.8___16:39:31 20      8     12    2.78    +++   4     
1.05    10.8___16:39:43 21      9     12    2.58    ---   3     
1.23    10.8___16:39:57 22      10    12    2.41    ---   2     
4.77    10.8___16:40:18 23      10    13    2.58    +++   3     
2.23    10.8___16:40:35 24      10    14    2.41    +++   4     
1.11    10.8___16:40:48 25      11    14    2.24    ---   3     
4.91    10.8___16:41:9  26      11    15    2.41    +++   4     
6.23    10.8___16:41:33 27      11    16    2.58    +++   5     
3.39    10.8___16:41:52 28      11    17    2.78    +++   6     
1.34    10.8___16:42:6  29      12    17    2.58    ---   5     
5.15    10.8___16:42:28 30      12    18    2.78    +++   6     
14.59   10.8___16:43:0  31      12    19    2.98    +++   7     
1.19    10.8___16:43:13 32      13    19    2.78    ---   6     
1.03    10.8___16:43:25 33      14    19    2.58    ---   5     
1.33    10.8___16:43:38 34      15    19    2.41    ---   4     
1.16    10.8___16:43:51 35      16    19    2.24    ---   3     
2.58    10.8___16:44:9  36      16    20    2.41    +++   4     
1.79    10.8___16:44:25 37      17    20    2.24    ---   3     
6.83    10.8___16:44:49 38      17    21    2.41    +++   4     
16.23   10.8___16:45:22 39      17    22    2.58    +++   5     
1.22    10.8___16:45:35 40      18    22    2.41    ---   4     
2.43    10.8___16:45:52 41      18    23    2.43    +++   5     
6.63    10.8___16:46:16 42      18    24    2.5     +++   6     
1.47    10.8___16:46:31 43      19    24    2.43    ---   5     
2.93    10.8___16:46:49 44      19    25    2.5     +++   6     
