6.3     13___15:0:20    1       0     1     6.3     +++   1     
1.09    13___15:0:33    2       1     1     3.69    ---   0     
11.31   13___15:1:3     3       1     2     6.23    +++   1     
1.4     13___15:1:18    4       2     2     5.02    ---   0     
1.26    13___15:1:32    5       3     2     4.27    ---   -1    
1.69    13___15:1:47    6       4     2     3.84    ---   -2    
1.42    13___15:2:2     7       5     2     3.49    ---   -3    
1.19    13___15:2:15    8       6     2     3.2     ---   -4    
3.22    13___15:2:35    9       6     3     3.2     +++   -3    
1       13___15:2:46    10      7     3     2.98    ---   -4    
3.11    13___15:3:6     11      7     4     2.99    +++   -3    
3.98    13___15:3:27    12      7     5     3.08    +++   -2    
4.89    13___15:3:50    13      7     6     3.22    +++   -1    
12.48   13___15:4:22    14      7     7     3.88    +++   0     
1.76    13___15:4:38    15      8     7     3.74    ---   -1    
3.11    13___15:4:58    16      8     8     3.7     +++   0     
4.85    13___15:5:21    17      8     9     3.76    +++   1     
3.2     13___15:5:41    18      8     10    3.73    +++   2     
9.1     13___15:6:9     19      8     11    4.01    +++   3     
1.19    13___15:6:23    20      9     11    3.87    ---   2     
3.08    13___15:6:42    21      9     12    3.83    +++   3     
1.84    13___15:6:59    22      10    12    3.74    ---   2     
1.16    13___15:7:12    23      11    12    3.63    ---   1     
1.15    13___15:7:25    24      12    12    3.53    ---   0     
1.62    13___15:7:40    25      13    12    3.45    ---   -1    
1.05    13___15:7:52    26      14    12    3.36    ---   -2    
2.29    13___15:8:10    27      14    13    3.32    +++   -1    
1.43    13___15:8:25    28      15    13    3.25    ---   -2    
1.09    13___15:8:37    29      16    13    3.18    ---   -3    
1       13___15:8:48    30      17    13    3.1     ---   -4    
1.48    13___15:9:3     31      18    13    3.05    ---   -5    
1.32    13___15:9:17    32      19    13    3       ---   -6    
1.99    13___15:9:34    33      20    13    2.97    ---   -7    
2.21    13___15:9:51    34      20    14    2.94    +++   -6    
1.42    13___15:10:6    35      21    14    2.9     ---   -7    
1.66    13___15:10:22   36      22    14    2.87    ---   -8    
1.26    13___15:10:45   37      23    14    2.82    ---   -9    
1.83    13___15:11:1    38      24    14    2.8     ---   -10   
1.09    13___15:11:14   39      25    14    2.75    ---   -11   
3.04    13___15:11:33   40      25    15    2.76    +++   -10   
6.95    13___15:11:59   41      25    16    2.86    +++   -9    
8.24    13___15:12:27   42      25    17    2.99    +++   -8    
1.75    13___15:12:43   43      26    17    2.96    ---   -9    
1.19    13___15:12:56   44      27    17    2.92    ---   -10   
1.06    13___15:13:8    45      28    17    2.88    ---   -11   
12.3    13___15:13:40   46      28    18    3.08    +++   -10   
2.86    13___15:13:59   47      28    19    3.08    +++   -9    
2.03    13___15:14:16   48      28    20    3.06    +++   -8    
1.2     13___15:14:29   49      29    20    3.02    ---   -9    
1.65    13___15:14:45   50      30    20    2.99    ---   -10   
8.3     13___15:15:13   51      30    21    3.09    +++   -9    
3.95    13___15:15:34   52      30    22    3.11    +++   -8    
1.05    13___15:15:46   53      31    22    3.07    ---   -9    
1       13___15:15:57   54      32    22    3.03    ---   -10   
1.74    13___15:16:13   55      33    22    3.01    ---   -11   
1.24    13___15:16:26   56      34    22    2.98    ---   -12   
5.71    13___15:16:51   57      34    23    3.03    +++   -11   
1.23    13___15:17:4    58      35    23    3       ---   -12   
3.92    13___15:17:26   59      35    24    3.01    +++   -11   
4.54    13___15:17:48   60      35    25    3.04    +++   -10   
2.06    13___15:18:5    61      35    26    3.02    +++   -9    
1.18    13___15:18:18   62      36    26    2.99    ---   -10   
5.99    13___15:18:43   63      36    27    3.04    +++   -9    
2.79    13___15:19:2    64      36    28    3.03    +++   -8    
2.93    13___15:19:21   65      36    29    3.03    +++   -7    
4.96    13___15:19:44   66      36    30    3.06    +++   -6    
3.89    13___15:20:6    67      36    31    3.07    +++   -5    
3.78    13___15:20:27   68      36    32    3.08    +++   -4    
2.13    13___15:20:44   69      36    33    3.07    +++   -3    
1.1     13___15:20:57   70      37    33    3.04    ---   -4    
1.05    13___15:21:9    71      38    33    3.01    ---   -5    
1.41    13___15:21:23   72      39    33    2.99    ---   -6    
17.69   13___15:22:0    73      39    34    3.19    +++   -5    
1.03    13___15:22:11   74      40    34    3.16    ---   -6    
1.1     13___15:22:24   75      41    34    3.14    ---   -7    
1       13___15:22:34   76      42    34    3.11    ---   -8    
1.07    13___15:22:47   77      43    34    3.08    ---   -9    
2.92    13___15:23:6    78      43    35    3.08    +++   -8    
1.65    13___15:23:22   79      44    35    3.06    ---   -9    
3.05    13___15:23:41   80      44    36    3.06    +++   -8    
1.16    13___15:23:54   81      45    36    3.04    ---   -9    
1.41    13___15:24:9    82      46    36    3.02    ---   -10   
1.22    13___15:24:22   83      47    36    3       ---   -11   
1.2     13___15:24:36   84      48    36    2.97    ---   -12   
11.01   13___15:25:6    85      48    37    3.07    +++   -11   
1.86    13___15:25:23   86      49    37    3.05    ---   -12   
27.78   13___15:26:6    87      49    38    3.34    +++   -11   
1.19    13___15:26:19   88      50    38    3.31    ---   -12   
2.63    13___15:26:38   89      50    39    3.31    +++   -11   
6.66    13___15:27:3    90      50    40    3.34    +++   -10   
3.65    13___15:27:24   91      50    41    3.35    +++   -9    
17.31   13___15:28:0    92      50    42    3.5     +++   -8    
2.16    13___15:28:18   93      50    43    3.48    +++   -7    
2.25    13___15:28:35   94      50    44    3.47    +++   -6    
25.02   13___15:29:17   95      50    45    3.7     +++   -5    
29.5    13___15:30:1    96      50    46    3.97    +++   -4    
1.23    13___15:30:15   97      51    46    3.94    ---   -5    
2.55    13___15:30:33   98      51    47    3.92    +++   -4    
7.03    13___15:30:59   99      51    48    3.96    +++   -3    
5.07    13___15:31:22   100     51    49    3.97    +++   -2    
1.43    13___15:31:37   101     52    49    3.94    ---   -3    
1.31    13___15:31:51   102     53    49    3.92    ---   -4    
1.25    13___15:32:5    103     54    49    3.89    ---   -5    
1.92    13___15:32:22   104     55    49    3.87    ---   -6    
7.03    13___15:32:48   105     55    50    3.9     +++   -5    
8.21    13___15:33:15   106     55    51    3.94    +++   -4    
5.01    13___15:33:38   107     55    52    3.95    +++   -3    
1.09    13___15:33:51   108     56    52    3.92    ---   -4    
25.21   13___15:34:32   109     56    53    4.12    +++   -3    
12.38   13___15:35:5    110     56    54    4.19    +++   -2    
7.18    13___15:35:31   111     56    55    4.22    +++   -1    
1.63    13___15:35:46   112     57    55    4.2     ---   -2    
1.6     13___15:36:2    113     58    55    4.18    ---   -3    
18.51   13___15:37:1    114     58    56    4.3     +++   -2    
5.98    13___15:37:25   115     58    57    4.32    +++   -1    
1.33    13___15:37:39   116     59    57    4.29    ---   -2    
6.02    13___15:38:4    117     59    58    4.3     +++   -1    
5.77    13___15:38:28   118     59    59    4.32    +++   0     
9.42    13___15:38:57   119     59    60    4.36    +++   1     
1.28    13___15:39:12   120     60    60    4.33    ---   0     
5.28    13___15:39:35   121     60    61    4.34    +++   1     
1.88    13___15:39:51   122     61    61    4.32    ---   0     
7.82    13___15:40:18   123     61    62    4.35    +++   1     
1.74    13___15:40:34   124     62    62    4.33    ---   0     
5.01    13___15:40:58   125     62    63    4.33    +++   1     
1.48    13___15:41:12   126     63    63    4.31    ---   0     
2.04    13___15:41:29   127     63    64    4.29    +++   1     
1.57    13___15:41:45   128     64    64    4.27    ---   0     
12.96   13___15:42:17   129     64    65    4.34    +++   1     
2.33    13___15:42:35   130     64    66    4.32    +++   2     
1.27    13___15:42:49   131     65    66    4.3     ---   1     
22.97   13___15:43:29   132     65    67    4.44    +++   2     
1.34    13___15:43:43   133     66    67    4.42    ---   1     
1.05    13___15:43:55   134     67    67    4.39    ---   0     
24.16   13___15:44:36   135     67    68    4.54    +++   1     
2.37    13___15:44:54   136     67    69    4.52    +++   2     
1.25    13___15:45:8    137     68    69    4.5     ---   1     
2.85    13___15:45:27   138     68    70    4.49    +++   2     
1.48    13___15:45:42   139     69    70    4.47    ---   1     
1       13___15:45:53   140     70    70    4.44    ---   0     
1.79    13___15:46:9    141     71    70    4.42    ---   -1    
2.36    13___15:46:27   142     71    71    4.41    +++   0     
32.31   13___15:47:13   143     71    72    4.6     +++   1     
1.26    13___15:47:26   144     72    72    4.58    ---   0     
1.45    13___15:47:41   145     73    72    4.56    ---   -1    
1.3     13___15:47:55   146     74    72    4.54    ---   -2    
2.5     13___15:48:13   147     74    73    4.52    +++   -1    
1.08    13___15:48:26   148     75    73    4.5     ---   -2    
1.01    13___15:48:37   149     76    73    4.48    ---   -3    
1.17    13___15:48:50   150     77    73    4.45    ---   -4    
21.89   13___15:49:30   151     77    74    4.57    +++   -3    
1.62    13___15:49:45   152     78    74    4.55    ---   -4    
9.15    13___15:50:14   153     78    75    4.58    +++   -3    
2.64    13___15:50:32   154     78    76    4.57    +++   -2    
1.24    13___15:50:46   155     79    76    4.55    ---   -3    
1.17    13___15:50:59   156     80    76    4.52    ---   -4    
1.88    13___15:51:16   157     81    76    4.51    ---   -5    
2.04    13___15:51:33   158     81    77    4.49    +++   -4    
2.3     13___15:51:50   159     81    78    4.48    +++   -3    
2.25    13___15:52:8    160     81    79    4.46    +++   -2    
2.9     13___15:52:27   161     81    80    4.45    +++   -1    
1.17    13___15:52:41   162     82    80    4.43    ---   -2    
1.28    13___15:52:54   163     83    80    4.41    ---   -3    
4.81    13___15:53:17   164     83    81    4.42    +++   -2    
1.07    13___15:53:30   165     84    81    4.4     ---   -3    
2.82    13___15:53:49   166     84    82    4.39    +++   -2    
19.64   13___15:54:27   167     84    83    4.48    +++   -1    
1.02    13___15:54:38   168     85    83    4.46    ---   -2    
1.55    13___15:54:53   169     86    83    4.44    ---   -3    
2.76    13___15:55:12   170     86    84    4.43    +++   -2    
1.79    13___15:55:28   171     87    84    4.41    ---   -3    
1.13    13___15:55:41   172     88    84    4.4     ---   -4    
1.27    13___15:55:55   173     89    84    4.38    ---   -5    
1.14    13___15:56:8    174     90    84    4.36    ---   -6    
1       13___15:56:18   175     91    84    4.34    ---   -7    
2.93    13___15:56:38   176     91    85    4.33    +++   -6    
1.21    13___15:56:51   177     92    85    4.31    ---   -7    
1.31    13___15:57:5    178     93    85    4.3     ---   -8    
1.2     13___15:57:19   179     94    85    4.28    ---   -9    
1.64    13___15:57:34   180     95    85    4.26    ---   -10   
1.22    13___15:57:48   181     96    85    4.25    ---   -11   
1.18    13___15:58:1    182     97    85    4.23    ---   -12   
9.54    13___15:58:30   183     97    86    4.26    +++   -11   
28.53   13___15:59:14   184     97    87    4.39    +++   -10   
1.4     13___15:59:28   185     98    87    4.38    ---   -11   
10.84   13___15:59:59   186     98    88    4.41    +++   -10   
