1.2     13___14:0:9     1       1     0     1.2     ---   -1    
3.07    13___14:0:29    2       1     1     2.13    +++   0     
1.81    13___14:0:45    3       2     1     2.02    ---   -1    
1.98    13___14:1:2     4       3     1     2.01    ---   -2    
8.71    13___14:1:30    5       3     2     3.35    +++   -1    
1.79    13___14:1:46    6       4     2     3.09    ---   -2    
1.14    13___14:1:59    7       5     2     2.81    ---   -3    
1.83    13___14:2:15    8       6     2     2.69    ---   -4    
1.63    13___14:2:31    9       7     2     2.57    ---   -5    
4.76    13___14:2:54    10      7     3     2.79    +++   -4    
1.25    13___14:3:7     11      8     3     2.65    ---   -5    
2.75    13___14:3:26    12      8     4     2.66    +++   -4    
1.61    13___14:3:42    13      9     4     2.57    ---   -5    
3.15    13___14:4:2     14      9     5     2.62    +++   -4    
3.14    13___14:4:21    15      9     6     2.65    +++   -3    
7.93    13___14:4:49    16      9     7     2.98    +++   -2    
4.77    13___14:5:11    17      9     8     3.08    +++   -1    
1.02    13___14:5:23    18      10    8     2.97    ---   -2    
1.23    13___14:5:36    19      11    8     2.88    ---   -3    
6.06    13___14:6:1     20      11    9     3.04    +++   -2    
1.3     13___14:6:15    21      12    9     2.95    ---   -3    
3.44    13___14:6:36    22      12    10    2.98    +++   -2    
1.63    13___14:6:51    23      13    10    2.92    ---   -3    
1.29    13___14:7:5     24      14    10    2.85    ---   -4    
2.72    13___14:7:24    25      14    11    2.84    +++   -3    
2.12    13___14:7:41    26      14    12    2.82    +++   -2    
1.22    13___14:7:55    27      15    12    2.76    ---   -3    
1.06    13___14:8:7     28      16    12    2.7     ---   -4    
1.73    13___14:8:23    29      17    12    2.66    ---   -5    
1.32    13___14:8:37    30      18    12    2.62    ---   -6    
1.19    13___14:8:50    31      19    12    2.57    ---   -7    
1.02    13___14:9:2     32      20    12    2.52    ---   -8    
14.62   13___14:9:36    33      20    13    2.89    +++   -7    
1.28    13___14:9:50    34      21    13    2.84    ---   -8    
1.35    13___14:10:4    35      22    13    2.8     ---   -9    
1.76    13___14:10:20   36      23    13    2.77    ---   -10   
4.58    13___14:10:42   37      23    14    2.82    +++   -9    
1       13___14:10:53   38      24    14    2.77    ---   -10   
4.76    13___14:11:16   39      24    15    2.82    +++   -9    
2.73    13___14:11:35   40      24    16    2.82    +++   -8    
6.03    13___14:11:59   41      24    17    2.9     +++   -7    
1.67    13___14:12:15   42      25    17    2.87    ---   -8    
1.28    13___14:12:29   43      26    17    2.83    ---   -9    
3.61    13___14:12:50   44      26    18    2.85    +++   -8    
8.19    13___14:13:17   45      26    19    2.97    +++   -7    
1.18    13___14:13:31   46      27    19    2.93    ---   -8    
20.84   13___14:14:9    47      27    20    3.31    +++   -7    
4.85    13___14:14:32   48      27    21    3.34    +++   -6    
2.2     13___14:14:50   49      27    22    3.32    +++   -5    
1.11    13___14:15:2    50      28    22    3.27    ---   -6    
1.59    13___14:15:18   51      29    22    3.24    ---   -7    
1.06    13___14:15:30   52      30    22    3.2     ---   -8    
2.11    13___14:15:47   53      30    23    3.18    +++   -7    
1.85    13___14:16:4    54      31    23    3.15    ---   -8    
3.14    13___14:16:23   55      31    24    3.15    +++   -7    
5.34    13___14:16:47   56      31    25    3.19    +++   -6    
1.66    13___14:17:3    57      32    25    3.16    ---   -7    
2.62    13___14:17:21   58      32    26    3.16    +++   -6    
4.58    13___14:17:44   59      32    27    3.18    +++   -5    
1.28    13___14:17:58   60      33    27    3.15    ---   -6    
3.71    13___14:18:19   61      33    28    3.16    +++   -5    
1.1     13___14:18:31   62      34    28    3.12    ---   -6    
21.04   13___14:19:10   63      34    29    3.41    +++   -5    
1.79    13___14:19:26   64      35    29    3.38    ---   -6    
1.94    13___14:19:43   65      36    29    3.36    ---   -7    
3.91    13___14:20:4    66      36    30    3.37    +++   -6    
1       13___14:20:15   67      37    30    3.33    ---   -7    
3.42    13___14:20:35   68      37    31    3.33    +++   -6    
1.42    13___14:20:50   69      38    31    3.31    ---   -7    
2.02    13___14:21:7    70      38    32    3.29    +++   -6    
1.38    13___14:21:21   71      39    32    3.26    ---   -7    
1.64    13___14:21:37   72      40    32    3.24    ---   -8    
1.04    13___14:21:49   73      41    32    3.21    ---   -9    
29.44   13___14:22:33   74      41    33    3.56    +++   -8    
1.83    13___14:22:49   75      42    33    3.54    ---   -9    
1.45    13___14:23:4    76      43    33    3.51    ---   -10   
1.22    13___14:23:18   77      44    33    3.48    ---   -11   
1.04    13___14:23:29   78      45    33    3.45    ---   -12   
1.59    13___14:23:45   79      46    33    3.43    ---   -13   
2.42    13___14:24:3    80      46    34    3.41    +++   -12   
2.06    13___14:24:20   81      46    35    3.4     +++   -11   
1       13___14:24:31   82      47    35    3.37    ---   -12   
1.33    13___14:24:45   83      48    35    3.34    ---   -13   
2.6     13___14:25:3    84      48    36    3.33    +++   -12   
1.33    13___14:25:18   85      49    36    3.31    ---   -13   
9.56    13___14:25:47   86      49    37    3.38    +++   -12   
1.08    13___14:25:59   87      50    37    3.36    ---   -13   
1.02    13___14:26:10   88      51    37    3.33    ---   -14   
1       13___14:26:21   89      52    37    3.3     ---   -15   
23.25   13___14:27:1    90      52    38    3.53    +++   -14   
1       13___14:27:12   91      53    38    3.5     ---   -15   
1.87    13___14:27:28   92      54    38    3.48    ---   -16   
1.69    13___14:27:44   93      55    38    3.46    ---   -17   
3.04    13___14:28:4    94      55    39    3.46    +++   -16   
1.84    13___14:28:20   95      56    39    3.44    ---   -17   
1.82    13___14:28:36   96      57    39    3.42    ---   -18   
5.37    13___14:29:0    97      57    40    3.44    +++   -17   
3.15    13___14:29:20   98      57    41    3.44    +++   -16   
20.22   13___14:29:58   99      57    42    3.61    +++   -15   
1.33    13___14:30:12   100     58    42    3.59    ---   -16   
1.03    13___14:30:24   101     59    42    3.56    ---   -17   
3.05    13___14:30:44   102     59    43    3.56    +++   -16   
1.37    13___14:30:58   103     60    43    3.53    ---   -17   
1.17    13___14:31:11   104     61    43    3.51    ---   -18   
2.09    13___14:31:28   105     61    44    3.5     +++   -17   
1.06    13___14:31:41   106     62    44    3.47    ---   -18   
1.9     13___14:31:57   107     63    44    3.46    ---   -19   
2.58    13___14:32:16   108     63    45    3.45    +++   -18   
1.48    13___14:32:31   109     64    45    3.43    ---   -19   
3.43    13___14:32:51   110     64    46    3.43    +++   -18   
1.9     13___14:33:7    111     65    46    3.42    ---   -19   
2.71    13___14:33:26   112     65    47    3.41    +++   -18   
2.35    13___14:33:44   113     65    48    3.4     +++   -17   
1       13___14:33:55   114     66    48    3.38    ---   -18   
16.62   13___14:34:30   115     66    49    3.5     +++   -17   
1.38    13___14:34:45   116     67    49    3.48    ---   -18   
1.61    13___14:35:0    117     68    49    3.46    ---   -19   
1.07    13___14:35:12   118     69    49    3.44    ---   -20   
1.93    13___14:35:29   119     70    49    3.43    ---   -21   
1.29    13___14:35:43   120     71    49    3.41    ---   -22   
8.62    13___14:36:11   121     71    50    3.46    +++   -21   
1.23    13___14:36:25   122     72    50    3.44    ---   -22   
1.41    13___14:36:39   123     73    50    3.42    ---   -23   
9.26    13___14:37:8    124     73    51    3.47    +++   -22   
3.93    13___14:37:29   125     73    52    3.47    +++   -21   
1.27    13___14:37:43   126     74    52    3.45    ---   -22   
1.77    13___14:37:59   127     75    52    3.44    ---   -23   
1.38    13___14:38:14   128     76    52    3.42    ---   -24   
1.11    13___14:38:26   129     77    52    3.41    ---   -25   
1.71    13___14:38:42   130     78    52    3.39    ---   -26   
1.76    13___14:38:58   131     79    52    3.38    ---   -27   
1.55    13___14:39:13   132     80    52    3.37    ---   -28   
1.48    13___14:39:28   133     81    52    3.35    ---   -29   
3.71    13___14:39:49   134     81    53    3.36    +++   -28   
1.05    13___14:40:1    135     82    53    3.34    ---   -29   
3.02    13___14:40:21   136     82    54    3.34    +++   -28   
2.22    13___14:40:38   137     82    55    3.33    +++   -27   
1.06    13___14:40:50   138     83    55    3.31    ---   -28   
2.37    13___14:41:8    139     83    56    3.3     +++   -27   
3.32    13___14:41:29   140     83    57    3.3     +++   -26   
3.94    13___14:41:50   141     83    58    3.31    +++   -25   
2.03    13___14:42:7    142     83    59    3.3     +++   -24   
1.97    13___14:42:24   143     84    59    3.29    ---   -25   
8.29    13___14:42:51   144     84    60    3.33    +++   -24   
2.94    13___14:43:11   145     84    61    3.32    +++   -23   
1.1     13___14:43:23   146     85    61    3.31    ---   -24   
2.53    13___14:43:42   147     85    62    3.3     +++   -23   
1.72    13___14:43:57   148     86    62    3.29    ---   -24   
2.94    13___14:44:17   149     86    63    3.29    +++   -23   
1.24    13___14:44:30   150     87    63    3.28    ---   -24   
1.52    13___14:44:46   151     88    63    3.26    ---   -25   
3.83    13___14:45:7    152     88    64    3.27    +++   -24   
1.13    13___14:45:19   153     89    64    3.25    ---   -25   
1.33    13___14:45:34   154     90    64    3.24    ---   -26   
4.07    13___14:45:55   155     90    65    3.25    +++   -25   
1.57    13___14:46:11   156     91    65    3.24    ---   -26   
8.21    13___14:46:38   157     91    66    3.27    +++   -25   
5.19    13___14:47:2    158     91    67    3.28    +++   -24   
10.23   13___14:47:31   159     91    68    3.32    +++   -23   
2.26    13___14:47:49   160     91    69    3.32    +++   -22   
1       13___14:48:0    161     92    69    3.3     ---   -23   
21.43   13___14:48:39   162     92    70    3.41    +++   -22   
1.02    13___14:48:50   163     93    70    3.4     ---   -23   
14.15   13___14:49:24   164     93    71    3.46    +++   -22   
6.75    13___14:49:49   165     93    72    3.48    +++   -21   
1.45    13___14:50:4    166     94    72    3.47    ---   -22   
7.48    13___14:50:31   167     94    73    3.5     +++   -21   
2.06    13___14:50:48   168     94    74    3.49    +++   -20   
2.73    13___14:51:7    169     94    75    3.48    +++   -19   
4.18    13___14:51:28   170     94    76    3.49    +++   -18   
10.02   13___14:51:58   171     94    77    3.53    +++   -17   
5.53    13___14:52:22   172     94    78    3.54    +++   -16   
4.51    13___14:52:44   173     94    79    3.54    +++   -15   
3.42    13___14:53:5    174     94    80    3.54    +++   -14   
1.42    13___14:53:19   175     95    80    3.53    ---   -15   
2.55    13___14:53:38   176     95    81    3.52    +++   -14   
1.8     13___14:53:54   177     96    81    3.51    ---   -15   
1.95    13___14:54:11   178     97    81    3.51    ---   -16   
1.79    13___14:54:27   179     98    81    3.5     ---   -17   
4.16    13___14:54:49   180     98    82    3.5     +++   -16   
5.38    13___14:55:12   181     98    83    3.51    +++   -15   
2.13    13___14:55:30   182     98    84    3.5     +++   -14   
1.08    13___14:55:42   183     99    84    3.49    ---   -15   
2.31    13___14:56:0    184     99    85    3.48    +++   -14   
1.51    13___14:56:15   185     100   85    3.47    ---   -15   
2.49    13___14:56:33   186     100   86    3.47    +++   -14   
1.78    13___14:56:49   187     101   86    3.46    ---   -15   
32      13___14:57:35   188     101   87    3.61    +++   -14   
3.79    13___14:57:56   189     101   88    3.61    +++   -13   
1.15    13___14:58:9    190     102   88    3.6     ---   -14   
2.49    13___14:58:27   191     102   89    3.59    +++   -13   
1.18    13___14:58:41   192     103   89    3.58    ---   -14   
1       13___14:58:51   193     104   89    3.57    ---   -15   
2.39    13___14:59:9    194     104   90    3.56    +++   -14   
2.06    13___14:59:26   195     104   91    3.55    +++   -13   
1.34    13___14:59:41   196     105   91    3.54    ---   -14   
1.38    13___14:59:55   197     106   91    3.53    ---   -15   
