6.33    13___10:0:18    1       0     1     6.33    +++   1     
1.5     13___10:0:33    2       1     1     3.91    ---   0     
1.87    13___10:0:50    3       2     1     3.23    ---   -1    
1.21    13___10:1:3     4       3     1     2.72    ---   -2    
1.33    13___10:1:17    5       4     1     2.44    ---   -3    
1       13___10:1:28    6       5     1     2.2     ---   -4    
1.66    13___10:1:44    7       6     1     2.12    ---   -5    
21.77   13___10:2:23    8       6     2     4.58    +++   -4    
1.24    13___10:2:37    9       7     2     4.21    ---   -5    
4.66    13___10:2:59    10      7     3     4.25    +++   -4    
1.63    13___10:3:15    11      8     3     4.01    ---   -5    
1.23    13___10:3:28    12      9     3     3.78    ---   -6    
1.09    13___10:3:41    13      10    3     3.57    ---   -7    
2.23    13___10:3:58    14      10    4     3.48    +++   -6    
1.69    13___10:4:14    15      11    4     3.36    ---   -7    
1.09    13___10:4:27    16      12    4     3.22    ---   -8    
5.09    13___10:4:50    17      12    5     3.33    +++   -7    
1.85    13___10:5:6     18      13    5     3.24    ---   -8    
1.56    13___10:5:22    19      14    5     3.15    ---   -9    
1.25    13___10:5:35    20      15    5     3.06    ---   -10   
1.44    13___10:5:50    21      16    5     2.98    ---   -11   
3.33    13___10:6:10    22      16    6     3       +++   -10   
1.97    13___10:6:27    23      17    6     2.95    ---   -11   
1.47    13___10:6:42    24      18    6     2.89    ---   -12   
1.1     13___10:6:54    25      19    6     2.82    ---   -13   
1.42    13___10:7:9     26      20    6     2.76    ---   -14   
13.22   13___10:7:42    27      20    7     3.15    +++   -13   
17.92   13___10:8:18    28      20    8     3.68    +++   -12   
2.09    13___10:8:35    29      20    9     3.62    +++   -11   
2.99    13___10:8:55    30      20    10    3.6     +++   -10   
2.78    13___10:9:14    31      20    11    3.58    +++   -9    
1.17    13___10:9:27    32      21    11    3.5     ---   -10   
6.02    13___10:9:52    33      21    12    3.58    +++   -9    
1.46    13___10:10:7    34      22    12    3.51    ---   -10   
2.06    13___10:10:24   35      22    13    3.47    +++   -9    
34.17   13___10:11:11   36      22    14    4.33    +++   -8    
1.62    13___10:11:26   37      23    14    4.25    ---   -9    
1.24    13___10:11:40   38      24    14    4.17    ---   -10   
34.94   13___10:12:27   39      24    15    4.96    +++   -9    
1       13___10:12:38   40      25    15    4.86    ---   -10   
1.07    13___10:12:50   41      26    15    4.77    ---   -11   
2.89    13___10:13:9    42      26    16    4.72    +++   -10   
1.22    13___10:13:23   43      27    16    4.64    ---   -11   
1.33    13___10:13:37   44      28    16    4.57    ---   -12   
2.64    13___10:13:56   45      28    17    4.52    +++   -11   
3.49    13___10:14:16   46      28    18    4.5     +++   -10   
1.26    13___10:14:30   47      29    18    4.43    ---   -11   
1.51    13___10:14:45   48      30    18    4.37    ---   -12   
1.41    13___10:14:59   49      31    18    4.31    ---   -13   
1.24    13___10:15:13   50      32    18    4.25    ---   -14   
1.21    13___10:15:27   51      33    18    4.19    ---   -15   
1.23    13___10:15:40   52      34    18    4.13    ---   -16   
1.97    13___10:15:57   53      35    18    4.09    ---   -17   
1.22    13___10:16:10   54      36    18    4.04    ---   -18   
5.87    13___10:16:35   55      36    19    4.07    +++   -17   
1.14    13___10:16:48   56      37    19    4.02    ---   -18   
2.04    13___10:17:5    57      37    20    3.98    +++   -17   
1.09    13___10:17:17   58      38    20    3.93    ---   -18   
5.33    13___10:17:41   59      38    21    3.96    +++   -17   
7.87    13___10:18:8    60      38    22    4.02    +++   -16   
1.19    13___10:18:21   61      39    22    3.98    ---   -17   
2.8     13___10:18:40   62      39    23    3.96    +++   -16   
1.12    13___10:18:53   63      40    23    3.91    ---   -17   
1.2     13___10:19:7    64      41    23    3.87    ---   -18   
2.03    13___10:19:23   65      41    24    3.84    +++   -17   
3.95    13___10:19:45   66      41    25    3.84    +++   -16   
3.31    13___10:20:5    67      41    26    3.84    +++   -15   
1.39    13___10:20:20   68      42    26    3.8     ---   -16   
1.01    13___10:20:31   69      43    26    3.76    ---   -17   
1.06    13___10:20:43   70      44    26    3.72    ---   -18   
4.14    13___10:21:5    71      44    27    3.73    +++   -17   
1.09    13___10:21:17   72      45    27    3.69    ---   -18   
1.46    13___10:21:32   73      46    27    3.66    ---   -19   
1.77    13___10:21:48   74      47    27    3.63    ---   -20   
3.45    13___10:22:8    75      47    28    3.63    +++   -19   
2.09    13___10:22:25   76      47    29    3.61    +++   -18   
2.25    13___10:22:43   77      47    30    3.59    +++   -17   
1.17    13___10:22:56   78      48    30    3.56    ---   -18   
4.44    13___10:23:19   79      48    31    3.57    +++   -17   
1.03    13___10:23:30   80      49    31    3.54    ---   -18   
27.32   13___10:24:13   81      49    32    3.83    +++   -17   
2.79    13___10:24:32   82      49    33    3.82    +++   -16   
1.12    13___10:24:45   83      50    33    3.79    ---   -17   
2.77    13___10:25:4    84      50    34    3.78    +++   -16   
12.3    13___10:25:36   85      50    35    3.88    +++   -15   
7.57    13___10:26:2    86      50    36    3.92    +++   -14   
1.19    13___10:26:16   87      51    36    3.89    ---   -15   
22.45   13___10:26:56   88      51    37    4.1     +++   -14   
2.58    13___10:27:14   89      51    38    4.08    +++   -13   
15.99   13___10:27:49   90      51    39    4.21    +++   -12   
1.51    13___10:28:4    91      52    39    4.18    ---   -13   
5.46    13___10:28:28   92      52    40    4.2     +++   -12   
2.13    13___10:28:45   93      52    41    4.18    +++   -11   
2.41    13___10:29:3    94      52    42    4.16    +++   -10   
4.84    13___10:29:26   95      52    43    4.16    +++   -9    
1.22    13___10:29:40   96      53    43    4.13    ---   -10   
1.75    13___10:29:56   97      54    43    4.11    ---   -11   
4.24    13___10:30:18   98      54    44    4.11    +++   -10   
1.01    13___10:30:29   99      55    44    4.08    ---   -11   
5.22    13___10:30:52   100     55    45    4.09    +++   -10   
6.3     13___10:31:18   101     55    46    4.11    +++   -9    
1.47    13___10:31:32   102     56    46    4.09    ---   -10   
1.16    13___10:31:45   103     57    46    4.06    ---   -11   
2.95    13___10:32:5    104     57    47    4.05    +++   -10   
1.93    13___10:32:21   105     58    47    4.03    ---   -11   
2.41    13___10:32:40   106     58    48    4.01    +++   -10   
8.04    13___10:33:7    107     58    49    4.05    +++   -9    
1.25    13___10:33:21   108     59    49    4.02    ---   -10   
3.22    13___10:33:41   109     59    50    4.02    +++   -9    
9.32    13___10:34:9    110     59    51    4.06    +++   -8    
1.19    13___10:34:23   111     60    51    4.04    ---   -9    
1.02    13___10:34:34   112     61    51    4.01    ---   -10   
1.76    13___10:34:50   113     62    51    3.99    ---   -11   
1.7     13___10:35:6    114     63    51    3.97    ---   -12   
3.74    13___10:35:27   115     63    52    3.97    +++   -11   
2.04    13___10:35:44   116     63    53    3.95    +++   -10   
1.38    13___10:35:58   117     64    53    3.93    ---   -11   
5.46    13___10:36:22   118     64    54    3.94    +++   -10   
14.57   13___10:36:56   119     64    55    4.03    +++   -9    
1.44    13___10:37:11   120     65    55    4.01    ---   -10   
2.78    13___10:37:30   121     65    56    4       +++   -9    
3.29    13___10:37:50   122     65    57    3.99    +++   -8    
1.31    13___10:38:4    123     66    57    3.97    ---   -9    
1.36    13___10:38:18   124     67    57    3.95    ---   -10   
1.98    13___10:38:35   125     68    57    3.94    ---   -11   
5.16    13___10:38:59   126     68    58    3.95    +++   -10   
1       13___10:39:9    127     69    58    3.92    ---   -11   
1.4     13___10:39:24   128     70    58    3.9     ---   -12   
4.58    13___10:39:46   129     70    59    3.91    +++   -11   
7.2     13___10:40:13   130     70    60    3.93    +++   -10   
22.88   13___10:40:53   131     70    61    4.08    +++   -9    
7.23    13___10:41:19   132     70    62    4.1     +++   -8    
1.67    13___10:41:35   133     71    62    4.08    ---   -9    
1.78    13___10:41:51   134     72    62    4.07    ---   -10   
2.26    13___10:42:8    135     72    63    4.05    +++   -9    
3.03    13___10:42:28   136     72    64    4.04    +++   -8    
1.49    13___10:42:43   137     73    64    4.03    ---   -9    
2.38    13___10:43:1    138     73    65    4.01    +++   -8    
5.91    13___10:43:26   139     73    66    4.03    +++   -7    
9.79    13___10:43:55   140     73    67    4.07    +++   -6    
1       13___10:44:5    141     74    67    4.05    ---   -7    
14.74   13___10:44:39   142     74    68    4.12    +++   -6    
3.27    13___10:44:59   143     74    69    4.12    +++   -5    
2.8     13___10:45:19   144     74    70    4.11    +++   -4    
1.67    13___10:45:34   145     75    70    4.09    ---   -5    
1.1     13___10:45:47   146     76    70    4.07    ---   -6    
2.25    13___10:46:4    147     76    71    4.06    +++   -5    
1.3     13___10:46:18   148     77    71    4.04    ---   -6    
1       13___10:46:29   149     78    71    4.02    ---   -7    
1.1     13___10:46:41   150     79    71    4       ---   -8    
3.38    13___10:47:2    151     79    72    3.99    +++   -7    
1.04    13___10:47:14   152     80    72    3.98    ---   -8    
7.27    13___10:47:40   153     80    73    4       +++   -7    
1.11    13___10:47:53   154     81    73    3.98    ---   -8    
1.42    13___10:48:7    155     82    73    3.96    ---   -9    
1.08    13___10:48:20   156     83    73    3.94    ---   -10   
1.57    13___10:48:35   157     84    73    3.93    ---   -11   
1.33    13___10:48:49   158     85    73    3.91    ---   -12   
1.33    13___10:49:3    159     86    73    3.9     ---   -13   
2.88    13___10:49:23   160     86    74    3.89    +++   -12   
3.32    13___10:49:43   161     86    75    3.89    +++   -11   
1.49    13___10:49:58   162     87    75    3.87    ---   -12   
1.39    13___10:50:12   163     88    75    3.86    ---   -13   
11.4    13___10:50:43   164     88    76    3.9     +++   -12   
4.77    13___10:51:6    165     88    77    3.91    +++   -11   
1.53    13___10:51:21   166     89    77    3.89    ---   -12   
1.47    13___10:51:36   167     90    77    3.88    ---   -13   
1.6     13___10:51:51   168     91    77    3.86    ---   -14   
1.39    13___10:52:6    169     92    77    3.85    ---   -15   
3.21    13___10:52:26   170     92    78    3.85    +++   -14   
1.72    13___10:52:42   171     93    78    3.83    ---   -15   
1.63    13___10:52:57   172     94    78    3.82    ---   -16   
3.79    13___10:53:19   173     94    79    3.82    +++   -15   
1.23    13___10:53:32   174     95    79    3.81    ---   -16   
1.18    13___10:53:45   175     96    79    3.79    ---   -17   
2.15    13___10:54:3    176     96    80    3.78    +++   -16   
1.9     13___10:54:19   177     97    80    3.77    ---   -17   
1.28    13___10:54:33   178     98    80    3.76    ---   -18   
1.42    13___10:54:48   179     99    80    3.74    ---   -19   
1.06    13___10:55:0    180     100   80    3.73    ---   -20   
1.22    13___10:55:13   181     101   80    3.71    ---   -21   
6.53    13___10:55:39   182     101   81    3.73    +++   -20   
1.87    13___10:55:55   183     102   81    3.72    ---   -21   
1.51    13___10:56:10   184     103   81    3.71    ---   -22   
1.11    13___10:56:23   185     104   81    3.69    ---   -23   
2.36    13___10:56:41   186     104   82    3.69    +++   -22   
2.02    13___10:56:58   187     104   83    3.68    +++   -21   
1.14    13___10:57:11   188     105   83    3.66    ---   -22   
1.34    13___10:57:25   189     106   83    3.65    ---   -23   
2.27    13___10:57:42   190     106   84    3.64    +++   -22   
1.47    13___10:57:57   191     107   84    3.63    ---   -23   
11.3    13___10:58:28   192     107   85    3.67    +++   -22   
2.72    13___10:58:47   193     107   86    3.67    +++   -21   
1.04    13___10:58:59   194     108   86    3.65    ---   -22   
1.63    13___10:59:14   195     109   86    3.64    ---   -23   
4.33    13___10:59:36   196     109   87    3.65    +++   -22   
4.79    13___10:59:59   197     109   88    3.65    +++   -21   
