1.21    13___16:0:12    1       1     0     1.21    ---   -1    
1.69    13___16:0:28    2       2     0     1.45    ---   -2    
4.31    13___16:0:50    3       2     1     2.4     +++   -1    
2.67    13___16:1:9     4       2     2     2.46    +++   0     
1.81    13___16:1:25    5       3     2     2.33    ---   -1    
1.11    13___16:1:38    6       4     2     2.13    ---   -2    
16.75   13___16:2:13    7       4     3     4.22    +++   -1    
1.24    13___16:2:27    8       5     3     3.84    ---   -2    
4.66    13___16:2:49    9       5     4     3.93    +++   -1    
6.68    13___16:3:15    10      5     5     4.21    +++   0     
3.11    13___16:3:35    11      5     6     4.11    +++   1     
2.46    13___16:3:53    12      5     7     3.97    +++   2     
1.51    13___16:4:8     13      6     7     3.78    ---   1     
6.2     13___16:4:33    14      6     8     3.95    +++   2     
2.82    13___16:4:52    15      6     9     3.88    +++   3     
1.18    13___16:5:5     16      7     9     3.71    ---   2     
1.11    13___16:5:18    17      8     9     3.55    ---   1     
1.58    13___16:5:33    18      9     9     3.45    ---   0     
1.82    13___16:5:50    19      10    9     3.36    ---   -1    
4.65    13___16:6:12    20      10    10    3.42    +++   0     
1.32    13___16:6:26    21      11    10    3.32    ---   -1    
1.17    13___16:6:39    22      12    10    3.22    ---   -2    
3.5     13___16:7:0     23      12    11    3.24    +++   -1    
1.01    13___16:7:11    24      13    11    3.14    ---   -2    
10.82   13___16:7:42    25      13    12    3.45    +++   -1    
9.4     13___16:8:11    26      13    13    3.68    +++   0     
1.86    13___16:8:27    27      14    13    3.61    ---   -1    
1.62    13___16:8:42    28      15    13    3.54    ---   -2    
15.3    13___16:9:17    29      15    14    3.95    +++   -1    
13.1    13___16:9:49    30      15    15    4.25    +++   0     
15.75   13___16:10:24   31      15    16    4.62    +++   1     
10.25   13___16:10:54   32      15    17    4.8     +++   2     
12.83   13___16:11:26   33      15    18    5.04    +++   3     
21.62   13___16:12:6    34      15    19    5.53    +++   4     
1.25    13___16:12:19   35      16    19    5.41    ---   3     
1.35    13___16:12:34   36      17    19    5.29    ---   2     
1.93    13___16:12:50   37      18    19    5.2     ---   1     
1.34    13___16:13:4    38      19    19    5.1     ---   0     
1.33    13___16:13:19   39      20    19    5       ---   -1    
1.82    13___16:13:35   40      21    19    4.92    ---   -2    
1.27    13___16:13:49   41      22    19    4.83    ---   -3    
1.54    13___16:14:4    42      23    19    4.76    ---   -4    
2.9     13___16:14:23   43      23    20    4.71    +++   -3    
1.95    13___16:14:41   44      24    20    4.65    ---   -4    
2.65    13___16:14:59   45      24    21    4.61    +++   -3    
1.63    13___16:15:14   46      25    21    4.54    ---   -4    
4.07    13___16:15:36   47      25    22    4.53    +++   -3    
1.47    13___16:15:51   48      26    22    4.47    ---   -4    
4.35    13___16:16:13   49      26    23    4.46    +++   -3    
1.07    13___16:16:25   50      27    23    4.4     ---   -4    
2.21    13___16:16:42   51      27    24    4.35    +++   -3    
3.18    13___16:17:2    52      27    25    4.33    +++   -2    
9.73    13___16:17:32   53      27    26    4.43    +++   -1    
1.06    13___16:17:44   54      28    26    4.37    ---   -2    
1.19    13___16:17:57   55      29    26    4.31    ---   -3    
2.94    13___16:18:17   56      29    27    4.29    +++   -2    
4.81    13___16:18:39   57      29    28    4.3     +++   -1    
1.53    13___16:18:54   58      30    28    4.25    ---   -2    
3.57    13___16:19:15   59      30    29    4.24    +++   -1    
24.88   13___16:19:57   60      30    30    4.58    +++   0     
1.25    13___16:20:10   61      31    30    4.53    ---   -1    
20.26   13___16:20:49   62      31    31    4.78    +++   0     
25.29   13___16:21:30   63      31    32    5.11    +++   1     
5.09    13___16:21:54   64      31    33    5.1     +++   2     
3.02    13___16:22:13   65      31    34    5.07    +++   3     
4.87    13___16:22:36   66      31    35    5.07    +++   4     
1.95    13___16:22:53   67      32    35    5.02    ---   3     
1.62    13___16:23:8    68      33    35    4.97    ---   2     
4.21    13___16:23:30   69      33    36    4.96    +++   3     
4.94    13___16:23:53   70      33    37    4.96    +++   4     
1.66    13___16:24:9    71      34    37    4.91    ---   3     
2.23    13___16:24:27   72      34    38    4.88    +++   4     
2.43    13___16:24:45   73      34    39    4.84    +++   5     
3       13___16:25:4    74      34    40    4.82    +++   6     
6.7     13___16:25:30   75      34    41    4.84    +++   7     
1.97    13___16:25:47   76      35    41    4.81    ---   6     
1.07    13___16:25:59   77      36    41    4.76    ---   5     
15.2    13___16:26:33   78      36    42    4.89    +++   6     
1.05    13___16:26:45   79      37    42    4.84    ---   5     
1.18    13___16:26:58   80      38    42    4.8     ---   4     
1.24    13___16:27:12   81      39    42    4.75    ---   3     
12.67   13___16:27:44   82      39    43    4.85    +++   4     
1.42    13___16:27:59   83      40    43    4.81    ---   3     
2.16    13___16:28:16   84      40    44    4.78    +++   4     
2       13___16:28:33   85      40    45    4.74    +++   5     
9.15    13___16:29:2    86      40    46    4.79    +++   6     
1       13___16:29:12   87      41    46    4.75    ---   5     
9.02    13___16:29:41   88      41    47    4.8     +++   6     
4.23    13___16:30:3    89      41    48    4.79    +++   7     
1.11    13___16:30:15   90      42    48    4.75    ---   6     
1.37    13___16:30:30   91      43    48    4.71    ---   5     
14.45   13___16:31:3    92      43    49    4.82    +++   6     
2.04    13___16:31:20   93      43    50    4.79    +++   7     
4.29    13___16:31:43   94      43    51    4.79    +++   8     
1.71    13___16:31:59   95      44    51    4.75    ---   7     
1.58    13___16:32:14   96      45    51    4.72    ---   6     
5.52    13___16:32:38   97      45    52    4.73    +++   7     
2.18    13___16:32:55   98      45    53    4.7     +++   8     
6.76    13___16:33:21   99      45    54    4.72    +++   9     
20.56   13___16:33:59   100     45    55    4.88    +++   10    
1.48    13___16:34:14   101     46    55    4.85    ---   9     
1.55    13___16:34:30   102     47    55    4.81    ---   8     
2.32    13___16:34:47   103     47    56    4.79    +++   9     
2.26    13___16:35:5    104     47    57    4.77    +++   10    
4.62    13___16:35:28   105     47    58    4.76    +++   11    
4.34    13___16:35:50   106     47    59    4.76    +++   12    
2.37    13___16:36:8    107     47    60    4.74    +++   13    
3.4     13___16:36:28   108     47    61    4.73    +++   14    
2.76    13___16:36:47   109     47    62    4.71    +++   15    
1.55    13___16:37:3    110     48    62    4.68    ---   14    
2.36    13___16:37:20   111     48    63    4.66    +++   15    
2.52    13___16:37:38   112     48    64    4.64    +++   16    
1.34    13___16:37:53   113     49    64    4.61    ---   15    
1.19    13___16:38:6    114     50    64    4.58    ---   14    
1.38    13___16:38:21   115     51    64    4.55    ---   13    
1.74    13___16:38:37   116     52    64    4.53    ---   12    
1.36    13___16:38:51   117     53    64    4.5     ---   11    
1.05    13___16:39:3    118     54    64    4.47    ---   10    
2.05    13___16:39:20   119     54    65    4.45    +++   11    
1.21    13___16:39:33   120     55    65    4.42    ---   10    
2.41    13___16:39:51   121     55    66    4.41    +++   11    
4.85    13___16:40:14   122     55    67    4.41    +++   12    
1.07    13___16:40:27   123     56    67    4.38    ---   11    
28.15   13___16:41:10   124     56    68    4.58    +++   12    
5.04    13___16:41:33   125     56    69    4.58    +++   13    
10.43   13___16:42:3    126     56    70    4.63    +++   14    
1.54    13___16:42:19   127     57    70    4.6     ---   13    
1.6     13___16:42:34   128     58    70    4.58    ---   12    
1.22    13___16:42:48   129     59    70    4.55    ---   11    
7.49    13___16:43:14   130     59    71    4.57    +++   12    
2.98    13___16:43:34   131     59    72    4.56    +++   13    
1.58    13___16:43:50   132     60    72    4.54    ---   12    
12.44   13___16:44:21   133     60    73    4.6     +++   13    
10.53   13___16:44:51   134     60    74    4.64    +++   14    
2.39    13___16:45:9    135     60    75    4.63    +++   15    
1.23    13___16:45:23   136     61    75    4.6     ---   14    
3.08    13___16:45:42   137     61    76    4.59    +++   15    
1.55    13___16:45:58   138     62    76    4.57    ---   14    
1.5     13___16:46:13   139     63    76    4.55    ---   13    
3.97    13___16:46:34   140     63    77    4.54    +++   14    
21.46   13___16:47:13   141     63    78    4.66    +++   15    
1.17    13___16:47:26   142     64    78    4.64    ---   14    
10.08   13___16:47:56   143     64    79    4.67    +++   15    
12.4    13___16:48:29   144     64    80    4.73    +++   16    
1.97    13___16:48:45   145     65    80    4.71    ---   15    
2.45    13___16:49:3    146     65    81    4.69    +++   16    
4.69    13___16:49:26   147     65    82    4.69    +++   17    
6.83    13___16:49:51   148     65    83    4.71    +++   18    
4.58    13___16:50:14   149     65    84    4.71    +++   19    
1.83    13___16:50:30   150     66    84    4.69    ---   18    
4.55    13___16:50:53   151     66    85    4.69    +++   19    
1.01    13___16:51:4    152     67    85    4.66    ---   18    
2.03    13___16:51:21   153     67    86    4.65    +++   19    
3.71    13___16:51:42   154     67    87    4.64    +++   20    
1       13___16:51:52   155     68    87    4.62    ---   19    
1.26    13___16:52:6    156     69    87    4.59    ---   18    
1.07    13___16:52:18   157     70    87    4.57    ---   17    
24.11   13___16:52:59   158     70    88    4.7     +++   18    
2.88    13___16:53:19   159     70    89    4.68    +++   19    
1       13___16:53:29   160     71    89    4.66    ---   18    
2.62    13___16:53:48   161     71    90    4.65    +++   19    
1       13___16:53:58   162     72    90    4.63    ---   18    
1.07    13___16:54:11   163     73    90    4.6     ---   17    
1.56    13___16:54:26   164     74    90    4.59    ---   16    
1.85    13___16:54:42   165     75    90    4.57    ---   15    
2.61    13___16:55:1    166     75    91    4.56    +++   16    
1.22    13___16:55:15   167     76    91    4.54    ---   15    
1.03    13___16:55:26   168     77    91    4.52    ---   14    
1.36    13___16:55:41   169     78    91    4.5     ---   13    
1.59    13___16:55:56   170     79    91    4.48    ---   12    
1.48    13___16:56:11   171     80    91    4.46    ---   11    
11.89   13___16:56:42   172     80    92    4.51    +++   12    
25.1    13___16:57:24   173     80    93    4.62    +++   13    
1.05    13___16:57:36   174     81    93    4.6     ---   12    
1.41    13___16:57:51   175     82    93    4.59    ---   11    
2.66    13___16:58:9    176     82    94    4.57    +++   12    
8.99    13___16:58:38   177     82    95    4.6     +++   13    
16.42   13___16:59:13   178     82    96    4.67    +++   14    
1.84    13___16:59:29   179     83    96    4.65    ---   13    
1.39    13___16:59:44   180     84    96    4.63    ---   12    
1.55    13___16:59:59   181     85    96    4.62    ---   11    
