1.4     13___13:47:23   1       1     0     1.4     ---   -1    
6.79    13___13:47:48   2       1     1     4.09    +++   0     
1.33    13___13:48:3    3       2     1     3.17    ---   -1    
1.18    13___13:48:16   4       3     1     2.67    ---   -2    
1.06    13___13:48:28   5       4     1     2.35    ---   -3    
3.26    13___13:48:48   6       4     2     2.5     +++   -2    
4.34    13___13:49:10   7       4     3     2.76    +++   -1    
2.41    13___13:49:28   8       4     4     2.72    +++   0     
1.38    13___13:49:43   9       5     4     2.57    ---   -1    
1.14    13___13:49:55   10      6     4     2.42    ---   -2    
1.07    13___13:50:8    11      7     4     2.3     ---   -3    
32.82   13___13:50:54   12      7     5     4.84    +++   -2    
1.24    13___13:51:8    13      8     5     4.57    ---   -3    
1.22    13___13:51:21   14      9     5     4.33    ---   -4    
5.37    13___13:51:45   15      9     6     4.4     +++   -3    
9.15    13___13:52:13   16      9     7     4.69    +++   -2    
2.84    13___13:52:33   17      9     8     4.58    +++   -1    
1.18    13___13:52:46   18      10    8     4.39    ---   -2    
1.39    13___13:53:0    19      11    8     4.24    ---   -3    
20.1    13___13:53:38   20      11    9     5.03    +++   -2    
13.44   13___13:54:11   21      11    10    5.43    +++   -1    
3.58    13___13:54:32   22      11    11    5.34    +++   0     
1.16    13___13:54:45   23      12    11    5.16    ---   -1    
1.16    13___13:54:58   24      13    11    5       ---   -2    
1.26    13___13:55:12   25      14    11    4.85    ---   -3    
3.34    13___13:55:32   26      14    12    4.79    +++   -2    
1.08    13___13:55:44   27      15    12    4.65    ---   -3    
3.67    13___13:56:5    28      15    13    4.62    +++   -2    
1.3     13___13:56:19   29      16    13    4.5     ---   -3    
1.21    13___13:56:33   30      17    13    4.39    ---   -4    
3.94    13___13:56:54   31      17    14    4.38    +++   -3    
6.89    13___13:57:20   32      17    15    4.45    +++   -2    
4.13    13___13:57:42   33      17    16    4.44    +++   -1    
1.4     13___13:57:56   34      18    16    4.35    ---   -2    
3.24    13___13:58:16   35      18    17    4.32    +++   -1    
1.15    13___13:58:30   36      19    17    4.23    ---   -2    
1.69    13___13:58:45   37      20    17    4.17    ---   -3    
3.05    13___13:59:5    38      20    18    4.14    +++   -2    
1.6     13___13:59:20   39      21    18    4.07    ---   -3    
1.34    13___13:59:35   40      22    18    4       ---   -4    
3.76    13___13:59:56   41      22    19    4       +++   -3    
