1.09    13___11:0:12    1       1     0     1.09    ---   -1    
6.09    13___11:0:37    2       1     1     3.59    +++   0     
1.09    13___11:0:49    3       2     1     2.75    ---   -1    
3.05    13___11:1:9     4       2     2     2.83    +++   0     
1.23    13___11:1:22    5       3     2     2.51    ---   -1    
1.11    13___11:1:35    6       4     2     2.27    ---   -2    
1.09    13___11:1:47    7       5     2     2.1     ---   -3    
1.92    13___11:2:4     8       6     2     2.08    ---   -4    
1.41    13___11:2:18    9       7     2     2       ---   -5    
1.52    13___11:2:34    10      8     2     1.96    ---   -6    
1.27    13___11:2:47    11      9     2     1.89    ---   -7    
2.05    13___11:3:4     12      9     3     1.91    +++   -6    
1.2     13___11:3:18    13      10    3     1.85    ---   -7    
6.19    13___11:3:43    14      10    4     2.16    +++   -6    
2.31    13___11:4:0     15      10    5     2.17    +++   -5    
5.27    13___11:4:24    16      10    6     2.36    +++   -4    
2.96    13___11:4:43    17      10    7     2.4     +++   -3    
1.79    13___11:5:0     18      11    7     2.36    ---   -4    
3.37    13___11:5:20    19      11    8     2.42    +++   -3    
2.82    13___11:5:39    20      11    9     2.44    +++   -2    
2.01    13___11:5:56    21      11    10    2.42    +++   -1    
1.48    13___11:6:11    22      12    10    2.37    ---   -2    
5.03    13___11:6:34    23      12    11    2.49    +++   -1    
1.93    13___11:6:51    24      13    11    2.46    ---   -2    
3.04    13___11:7:10    25      13    12    2.49    +++   -1    
3.05    13___11:7:30    26      13    13    2.51    +++   0     
5.71    13___11:7:54    27      13    14    2.63    +++   1     
2.53    13___11:8:12    28      13    15    2.62    +++   2     
1.43    13___11:8:27    29      14    15    2.58    ---   1     
1.36    13___11:8:41    30      15    15    2.54    ---   0     
5.36    13___11:9:5     31      15    16    2.63    +++   1     
1.09    13___11:9:18    32      16    16    2.58    ---   0     
1.3     13___11:9:32    33      17    16    2.54    ---   -1    
1.28    13___11:9:46    34      18    16    2.51    ---   -2    
1.07    13___11:9:58    35      19    16    2.47    ---   -3    
2.12    13___11:10:15   36      19    17    2.46    +++   -2    
1.47    13___11:10:30   37      20    17    2.43    ---   -3    
1.27    13___11:10:44   38      21    17    2.4     ---   -4    
3.19    13___11:11:4    39      21    18    2.42    +++   -3    
1.26    13___11:11:17   40      22    18    2.39    ---   -4    
1.91    13___11:11:34   41      23    18    2.38    ---   -5    
3.85    13___11:11:55   42      23    19    2.41    +++   -4    
1.3     13___11:12:9    43      24    19    2.39    ---   -5    
2.71    13___11:12:28   44      24    20    2.39    +++   -4    
1.01    13___11:12:39   45      25    20    2.36    ---   -5    
3.82    13___11:13:0    46      25    21    2.4     +++   -4    
9.81    13___11:13:30   47      25    22    2.55    +++   -3    
9.77    13___11:13:59   48      25    23    2.7     +++   -2    
