1.85    13___18:0:11    1       1     0     1.85    ---   -1    
1.07    13___18:0:23    2       2     0     1.46    ---   -2    
1       13___18:0:34    3       3     0     1.3     ---   -3    
1.54    13___18:0:49    4       4     0     1.36    ---   -4    
1.42    13___18:1:4     5       5     0     1.37    ---   -5    
6.78    13___18:1:29    6       5     1     2.27    +++   -4    
2.45    13___18:1:48    7       5     2     2.3     +++   -3    
1.61    13___18:2:3     8       6     2     2.21    ---   -4    
3.91    13___18:2:24    9       6     3     2.4     +++   -3    
1.03    13___18:2:36    10      7     3     2.26    ---   -4    
1.44    13___18:2:51    11      8     3     2.19    ---   -5    
2.44    13___18:3:9     12      8     4     2.21    +++   -4    
1.19    13___18:3:22    13      9     4     2.13    ---   -5    
1.65    13___18:3:38    14      10    4     2.09    ---   -6    
12.28   13___18:4:10    15      10    5     2.77    +++   -5    
