4.47    13___17:0:21    1       0     1     4.47    +++   1     
1.07    13___17:0:34    2       1     1     2.77    ---   0     
2.28    13___17:0:51    3       1     2     2.6     +++   1     
1.64    13___17:1:7     4       2     2     2.36    ---   0     
3.15    13___17:1:27    5       2     3     2.52    +++   1     
27.22   13___17:2:10    6       2     4     6.63    +++   2     
1.51    13___17:2:25    7       3     4     5.9     ---   1     
7.5     13___17:2:52    8       3     5     6.1     +++   2     
9       13___17:3:20    9       3     6     6.42    +++   3     
1.06    13___17:3:32    10      4     6     5.89    ---   2     
1.41    13___17:3:47    11      5     6     5.48    ---   1     
1.59    13___17:4:2     12      6     6     5.15    ---   0     
10.04   13___17:4:32    13      6     7     5.53    +++   1     
1.48    13___17:4:47    14      7     7     5.24    ---   0     
6.08    13___17:5:11    15      7     8     5.3     +++   1     
1.51    13___17:5:26    16      8     8     5.06    ---   0     
4.93    13___17:5:50    17      8     9     5.05    +++   1     
3.05    13___17:6:9     18      8     10    4.94    +++   2     
1.85    13___17:6:26    19      9     10    4.78    ---   1     
9.84    13___17:6:55    20      9     11    5.03    +++   2     
4.8     13___17:7:18    21      9     12    5.02    +++   3     
2.14    13___17:7:35    22      9     13    4.89    +++   4     
1       13___17:7:46    23      10    13    4.72    ---   3     
1.91    13___17:8:2     24      11    13    4.6     ---   2     
1.63    13___17:8:18    25      12    13    4.48    ---   1     
1.11    13___17:8:31    26      13    13    4.35    ---   0     
20.17   13___17:9:9     27      13    14    4.94    +++   1     
2.1     13___17:9:26    28      13    15    4.84    +++   2     
12.34   13___17:9:58    29      13    16    5.09    +++   3     
1.19    13___17:10:11   30      14    16    4.96    ---   2     
1.54    13___17:10:26   31      15    16    4.85    ---   1     
1       13___17:10:37   32      16    16    4.73    ---   0     
2.18    13___17:10:54   33      16    17    4.66    +++   1     
1.06    13___17:11:7    34      17    17    4.55    ---   0     
4.3     13___17:11:29   35      17    18    4.54    +++   1     
2.42    13___17:11:47   36      17    19    4.48    +++   2     
3.05    13___17:12:6    37      17    20    4.44    +++   3     
2.33    13___17:12:24   38      17    21    4.39    +++   4     
2.62    13___17:12:43   39      17    22    4.34    +++   5     
24.24   13___17:13:24   40      17    23    4.84    +++   6     
5.14    13___17:13:48   41      17    24    4.85    +++   7     
3.98    13___17:14:9    42      17    25    4.83    +++   8     
2.03    13___17:14:26   43      17    26    4.76    +++   9     
1.11    13___17:14:38   44      18    26    4.68    ---   8     
1.36    13___17:14:53   45      19    26    4.6     ---   7     
4.19    13___17:15:14   46      19    27    4.6     +++   8     
4.33    13___17:15:37   47      19    28    4.59    +++   9     
1.82    13___17:15:53   48      20    28    4.53    ---   8     
1.83    13___17:16:9    49      21    28    4.48    ---   7     
1.61    13___17:16:25   50      22    28    4.42    ---   6     
1       13___17:16:35   51      23    28    4.35    ---   5     
16.55   13___17:17:11   52      23    29    4.59    +++   6     
4.37    13___17:17:33   53      23    30    4.58    +++   7     
4.88    13___17:17:56   54      23    31    4.59    +++   8     
1.23    13___17:18:10   55      24    31    4.53    ---   7     
2.32    13___17:18:27   56      24    32    4.49    +++   8     
2.3     13___17:18:45   57      24    33    4.45    +++   9     
5.8     13___17:19:10   58      24    34    4.47    +++   10    
7.35    13___17:19:36   59      24    35    4.52    +++   11    
33.32   13___17:20:23   60      24    36    5       +++   12    
4.17    13___17:20:44   61      24    37    4.99    +++   13    
1.48    13___17:20:59   62      25    37    4.93    ---   12    
27.13   13___17:21:42   63      25    38    5.28    +++   13    
2.81    13___17:22:1    64      25    39    5.24    +++   14    
8.09    13___17:22:29   65      25    40    5.29    +++   15    
9.65    13___17:22:58   66      25    41    5.35    +++   16    
25.74   13___17:23:40   67      25    42    5.66    +++   17    
2.71    13___17:23:59   68      25    43    5.61    +++   18    
1.03    13___17:24:10   69      26    43    5.55    ---   17    
2.24    13___17:24:28   70      26    44    5.5     +++   18    
4.4     13___17:24:50   71      26    45    5.48    +++   19    
2.25    13___17:25:8    72      26    46    5.44    +++   20    
1.39    13___17:25:22   73      27    46    5.38    ---   19    
22.76   13___17:26:2    74      27    47    5.62    +++   20    
1.37    13___17:26:17   75      28    47    5.56    ---   19    
7.65    13___17:26:44   76      28    48    5.59    +++   20    
9.45    13___17:27:12   77      28    49    5.64    +++   21    
2.86    13___17:27:32   78      28    50    5.6     +++   22    
3.37    13___17:27:52   79      28    51    5.58    +++   23    
2.4     13___17:28:10   80      28    52    5.54    +++   24    
2.33    13___17:28:28   81      28    53    5.5     +++   25    
2.03    13___17:28:45   82      28    54    5.45    +++   26    
2.95    13___17:29:4    83      28    55    5.42    +++   27    
7.84    13___17:29:32   84      28    56    5.45    +++   28    
14.54   13___17:30:5    85      28    57    5.56    +++   29    
2.11    13___17:30:23   86      28    58    5.52    +++   30    
2.88    13___17:30:42   87      28    59    5.49    +++   31    
1.06    13___17:30:54   88      29    59    5.44    ---   30    
2.02    13___17:31:11   89      29    60    5.4     +++   31    
2.41    13___17:31:29   90      29    61    5.37    +++   32    
2.69    13___17:31:48   91      29    62    5.34    +++   33    
20.11   13___17:32:26   92      29    63    5.5     +++   34    
7.81    13___17:32:53   93      29    64    5.52    +++   35    
2.58    13___17:33:12   94      29    65    5.49    +++   36    
3.63    13___17:33:32   95      29    66    5.47    +++   37    
1.16    13___17:33:45   96      30    66    5.43    ---   36    
1.18    13___17:33:59   97      31    66    5.38    ---   35    
2.12    13___17:34:16   98      31    67    5.35    +++   36    
1.42    13___17:34:31   99      32    67    5.31    ---   35    
1       13___17:34:41   100     33    67    5.27    ---   34    
2.09    13___17:34:58   101     33    68    5.23    +++   35    
1.33    13___17:35:13   102     34    68    5.2     ---   34    
1.17    13___17:35:26   103     35    68    5.16    ---   33    
1.2     13___17:35:39   104     36    68    5.12    ---   32    
3.36    13___17:36:0    105     36    69    5.1     +++   33    
1       13___17:36:10   106     37    69    5.06    ---   32    
1.3     13___17:36:24   107     38    69    5.03    ---   31    
1.17    13___17:36:37   108     39    69    4.99    ---   30    
4.13    13___17:36:59   109     39    70    4.98    +++   31    
5.44    13___17:37:23   110     39    71    4.99    +++   32    
1.38    13___17:37:37   111     40    71    4.96    ---   31    
2.04    13___17:37:55   112     40    72    4.93    +++   32    
1.12    13___17:38:7    113     41    72    4.9     ---   31    
1.97    13___17:38:24   114     42    72    4.87    ---   30    
2.32    13___17:38:42   115     42    73    4.85    +++   31    
1.25    13___17:38:56   116     43    73    4.82    ---   30    
1.3     13___17:39:10   117     44    73    4.79    ---   29    
13.71   13___17:39:43   118     44    74    4.86    +++   30    
1.04    13___17:39:55   119     45    74    4.83    ---   29    
11.33   13___17:40:26   120     45    75    4.88    +++   30    
1.44    13___17:40:40   121     46    75    4.86    ---   29    
3.19    13___17:41:0    122     46    76    4.84    +++   30    
1.65    13___17:41:16   123     47    76    4.82    ---   29    
2.37    13___17:41:34   124     47    77    4.8     +++   30    
1.19    13___17:41:47   125     48    77    4.77    ---   29    
1.27    13___17:42:1    126     49    77    4.74    ---   28    
1.19    13___17:42:14   127     50    77    4.71    ---   27    
1.34    13___17:42:29   128     51    77    4.69    ---   26    
2.08    13___17:42:46   129     51    78    4.67    +++   27    
1.17    13___17:42:59   130     52    78    4.64    ---   26    
1       13___17:43:10   131     53    78    4.61    ---   25    
1.41    13___17:43:24   132     54    78    4.59    ---   24    
1.4     13___17:43:39   133     55    78    4.56    ---   23    
1.15    13___17:43:52   134     56    78    4.54    ---   22    
2.93    13___17:44:11   135     56    79    4.53    +++   23    
3.38    13___17:44:31   136     56    80    4.52    +++   24    
1.17    13___17:44:44   137     57    80    4.49    ---   23    
1.94    13___17:45:2    138     58    80    4.47    ---   22    
1.18    13___17:45:15   139     59    80    4.45    ---   21    
1.93    13___17:45:31   140     60    80    4.43    ---   20    
1.39    13___17:45:46   141     61    80    4.41    ---   19    
1.34    13___17:46:0    142     62    80    4.39    ---   18    
1.28    13___17:46:15   143     63    80    4.37    ---   17    
20.25   13___17:46:52   144     63    81    4.48    +++   18    
2.46    13___17:47:10   145     63    82    4.46    +++   19    
2.13    13___17:47:28   146     63    83    4.45    +++   20    
2.17    13___17:47:45   147     63    84    4.43    +++   21    
1.16    13___17:47:58   148     64    84    4.41    ---   20    
2.26    13___17:48:16   149     64    85    4.4     +++   21    
27.15   13___17:48:58   150     64    86    4.55    +++   22    
1.52    13___17:49:14   151     65    86    4.53    ---   21    
4.23    13___17:49:35   152     65    87    4.52    +++   22    
3.32    13___17:49:56   153     65    88    4.52    +++   23    
4.17    13___17:50:17   154     65    89    4.51    +++   24    
3.74    13___17:50:38   155     65    90    4.51    +++   25    
3.4     13___17:50:59   156     65    91    4.5     +++   26    
1.33    13___17:51:13   157     66    91    4.48    ---   25    
16.34   13___17:51:48   158     66    92    4.56    +++   26    
1.02    13___17:52:0    159     67    92    4.53    ---   25    
1.16    13___17:52:13   160     68    92    4.51    ---   24    
1.22    13___17:52:26   161     69    92    4.49    ---   23    
1.11    13___17:52:39   162     70    92    4.47    ---   22    
1.99    13___17:52:56   163     71    92    4.46    ---   21    
1.63    13___17:53:11   164     72    92    4.44    ---   20    
1.09    13___17:53:24   165     73    92    4.42    ---   19    
3.6     13___17:53:45   166     73    93    4.41    +++   20    
1.05    13___17:53:57   167     74    93    4.39    ---   19    
1.1     13___17:54:9    168     75    93    4.37    ---   18    
5.05    13___17:54:33   169     75    94    4.38    +++   19    
1.43    13___17:54:47   170     76    94    4.36    ---   18    
10.53   13___17:55:17   171     76    95    4.4     +++   19    
1.09    13___17:55:30   172     77    95    4.38    ---   18    
1.44    13___17:55:44   173     78    95    4.36    ---   17    
1.16    13___17:55:58   174     79    95    4.34    ---   16    
1.64    13___17:56:13   175     80    95    4.33    ---   15    
2.09    13___17:56:30   176     80    96    4.31    +++   16    
1.13    13___17:56:43   177     81    96    4.3     ---   15    
2.11    13___17:57:0    178     81    97    4.28    +++   16    
1.75    13___17:57:16   179     82    97    4.27    ---   15    
1.28    13___17:57:30   180     83    97    4.25    ---   14    
2.53    13___17:57:49   181     83    98    4.24    +++   15    
1.32    13___17:58:3    182     84    98    4.23    ---   14    
21.51   13___17:58:42   183     84    99    4.32    +++   15    
2.46    13___17:59:0    184     84    100   4.31    +++   16    
2.1     13___17:59:17   185     84    101   4.3     +++   17    
1.96    13___17:59:34   186     85    101   4.29    ---   16    
3.45    13___17:59:55   187     85    102   4.28    +++   17    
