7.77    13:9:28:56      1       0     1     7.77    +++   1     
1.13    13:9:29:9       2       1     1     4.44    ---   0     
1.95    13:9:29:26      3       2     1     3.61    ---   -1    
1.87    13:9:29:42      4       3     1     3.18    ---   -2    
6.12    13:9:30:7       5       3     2     3.76    +++   -1    
2.44    13:9:30:25      6       3     3     3.54    +++   0     
1.71    13___9:30:53    1       1     0     1.71    ---   -1    
1.24    13___9:31:6     2       2     0     1.47    ---   -2    
1.41    13___9:31:21    3       3     0     1.45    ---   -3    
1.3     13___9:31:35    4       4     0     1.41    ---   -4    
13.13   13___9:32:8     5       4     1     3.75    +++   -3    
