1.77    15___12:0:7     1       1     0     1.77    ---   -1    
1       15___12:0:17    2       2     0     1.38    ---   -2    
4.66    15___12:0:40    3       2     1     2.47    +++   -1    
3.27    15___12:1:0     4       2     2     2.67    +++   0     
12.28   15___12:1:32    5       2     3     4.59    +++   1     
3.52    15___12:1:52    6       2     4     4.41    +++   2     
1.35    15___12:2:7     7       3     4     3.97    ---   1     
2.01    15___12:2:23    8       3     5     3.73    +++   2     
4.26    15___12:2:45    9       3     6     3.79    +++   3     
1.29    15___12:2:59    10      4     6     3.54    ---   2     
1.73    15___12:3:15    11      5     6     3.37    ---   1     
1.5     15___12:3:30    12      6     6     3.21    ---   0     
1.85    15___12:3:47    13      7     6     3.11    ---   -1    
2.46    15___12:4:5     14      7     7     3.06    +++   0     
4.77    15___12:4:28    15      7     8     3.18    +++   1     
1.11    15___12:4:40    16      8     8     3.05    ---   0     
3.91    15___12:5:2     17      8     9     3.1     +++   1     
1.2     15___12:5:15    18      9     9     2.99    ---   0     
26.49   15___12:5:58    19      9     10    4.23    +++   1     
10.25   15___12:6:27    20      9     11    4.53    +++   2     
2.87    15___12:6:46    21      9     12    4.45    +++   3     
1.22    15___12:7:0     22      10    12    4.3     ---   2     
1       15___12:7:11    23      11    12    4.16    ---   1     
28.95   15___12:7:55    24      11    13    5.19    +++   2     
1.24    15___12:8:8     25      12    13    5.03    ---   1     
1       15___12:8:19    26      13    13    4.88    ---   0     
1.03    15___12:8:30    27      14    13    4.74    ---   -1    
1.73    15___12:8:46    28      15    13    4.63    ---   -2    
1.7     15___12:9:2     29      16    13    4.53    ---   -3    
1.1     15___12:9:15    30      17    13    4.41    ---   -4    
7.52    15___12:9:41    31      17    14    4.51    +++   -3    
18.34   15___12:10:18   32      17    15    4.94    +++   -2    
1.09    15___12:10:31   33      18    15    4.83    ---   -3    
1.03    15___12:10:42   34      19    15    4.72    ---   -4    
20.05   15___12:11:21   35      19    16    5.15    +++   -3    
1.19    15___12:11:34   36      20    16    5.04    ---   -4    
3.09    15___12:11:54   37      20    17    4.99    +++   -3    
24.6    15___12:12:35   38      20    18    5.51    +++   -2    
4.14    15___12:12:57   39      20    19    5.47    +++   -1    
6.11    15___12:13:21   40      20    20    5.49    +++   0     
1.33    15___12:13:36   41      21    20    5.39    ---   -1    
3.16    15___12:13:55   42      21    21    5.33    +++   0     
1.46    15___12:14:10   43      22    21    5.24    ---   -1    
2.69    15___12:14:29   44      22    22    5.18    +++   0     
2.8     15___12:14:48   45      22    23    5.13    +++   1     
16.83   15___12:15:24   46      22    24    5.39    +++   2     
2.37    15___12:15:42   47      22    25    5.32    +++   3     
1.92    15___12:15:58   48      23    25    5.25    ---   2     
1.15    15___12:16:11   49      24    25    5.17    ---   1     
7.02    15___12:16:37   50      24    26    5.2     +++   2     
2.54    15___12:16:56   51      24    27    5.15    +++   3     
5.91    15___12:17:20   52      24    28    5.17    +++   4     
1.2     15___12:17:34   53      25    28    5.09    ---   3     
1.39    15___12:17:48   54      26    28    5.02    ---   2     
9.8     15___12:18:17   55      26    29    5.11    +++   3     
1.47    15___12:18:32   56      27    29    5.04    ---   2     
1.34    15___12:18:47   57      28    29    4.98    ---   1     
1.53    15___12:19:2    58      29    29    4.92    ---   0     
8.64    15___12:19:30   59      29    30    4.98    +++   1     
1.72    15___12:19:46   60      30    30    4.93    ---   0     
1.63    15___12:20:1    61      31    30    4.87    ---   -1    
4.19    15___12:20:23   62      31    31    4.86    +++   0     
15.28   15___12:20:58   63      31    32    5.03    +++   1     
8.09    15___12:21:25   64      31    33    5.08    +++   2     
7.12    15___12:21:51   65      31    34    5.11    +++   3     
5.79    15___12:22:16   66      31    35    5.12    +++   4     
14.54   15___12:22:49   67      31    36    5.26    +++   5     
1.02    15___12:23:1    68      32    36    5.2     ---   4     
1.5     15___12:23:16   69      33    36    5.14    ---   3     
2.99    15___12:23:35   70      33    37    5.11    +++   4     
12.95   15___12:24:8    71      33    38    5.22    +++   5     
3.36    15___12:24:28   72      33    39    5.2     +++   6     
16.74   15___12:25:4    73      33    40    5.35    +++   7     
1.33    15___12:25:18   74      34    40    5.3     ---   6     
1.43    15___12:25:32   75      35    40    5.25    ---   5     
4.91    15___12:25:56   76      35    41    5.24    +++   6     
4.81    15___12:26:18   77      35    42    5.24    +++   7     
1       15___12:26:29   78      36    42    5.18    ---   6     
1.6     15___12:26:44   79      37    42    5.14    ---   5     
20.83   15___12:27:23   80      37    43    5.33    +++   6     
4.05    15___12:27:45   81      37    44    5.32    +++   7     
18.05   15___12:28:21   82      37    45    5.47    +++   8     
1.1     15___12:28:34   83      38    45    5.42    ---   7     
1.82    15___12:28:50   84      39    45    5.38    ---   6     
3.44    15___12:29:11   85      39    46    5.35    +++   7     
1.53    15___12:29:26   86      40    46    5.31    ---   6     
6.22    15___12:29:51   87      40    47    5.32    +++   7     
1.18    15___12:30:4    88      41    47    5.27    ---   6     
3.63    15___12:30:25   89      41    48    5.25    +++   7     
1.3     15___12:30:39   90      42    48    5.21    ---   6     
1.31    15___12:30:53   91      43    48    5.17    ---   5     
1.25    15___12:31:7    92      44    48    5.12    ---   4     
1.08    15___12:31:19   93      45    48    5.08    ---   3     
2.09    15___12:31:36   94      45    49    5.05    +++   4     
12.42   15___12:32:8    95      45    50    5.13    +++   5     
3.12    15___12:32:28   96      45    51    5.11    +++   6     
8.23    15___12:32:55   97      45    52    5.14    +++   7     
1.58    15___12:33:11   98      46    52    5.1     ---   6     
7.66    15___12:33:38   99      46    53    5.13    +++   7     
5.25    15___12:34:1    100     46    54    5.13    +++   8     
6.69    15___12:34:27   101     46    55    5.14    +++   9     
1.6     15___12:34:42   102     47    55    5.11    ---   8     
2.85    15___12:35:2    103     47    56    5.09    +++   9     
1.4     15___12:35:16   104     48    56    5.05    ---   8     
5.87    15___12:35:41   105     48    57    5.06    +++   9     
11.65   15___12:36:12   106     48    58    5.12    +++   10    
1.78    15___12:36:28   107     49    58    5.09    ---   9     
1.06    15___12:36:40   108     50    58    5.05    ---   8     
9.68    15___12:37:9    109     50    59    5.1     +++   9     
4.66    15___12:37:32   110     50    60    5.09    +++   10    
1.1     15___12:37:45   111     51    60    5.06    ---   9     
5.51    15___12:38:8    112     51    61    5.06    +++   10    
1.19    15___12:38:22   113     52    61    5.03    ---   9     
2.19    15___12:38:39   114     52    62    5       +++   10    
1       15___12:38:50   115     53    62    4.97    ---   9     
5.98    15___12:39:14   116     53    63    4.97    +++   10    
2       15___12:39:31   117     53    64    4.95    +++   11    
18.54   15___12:40:8    118     53    65    5.06    +++   12    
2.2     15___12:40:26   119     53    66    5.04    +++   13    
1.15    15___12:40:39   120     54    66    5.01    ---   12    
1       15___12:40:49   121     55    66    4.97    ---   11    
1       15___12:41:0    122     56    66    4.94    ---   10    
3.05    15___12:41:20   123     56    67    4.93    +++   11    
9.82    15___12:41:49   124     56    68    4.97    +++   12    
6.46    15___12:42:14   125     56    69    4.98    +++   13    
1.85    15___12:42:31   126     57    69    4.95    ---   12    
4.58    15___12:42:53   127     57    70    4.95    +++   13    
3.1     15___12:43:13   128     57    71    4.94    +++   14    
1.81    15___12:43:29   129     58    71    4.91    ---   13    
6.92    15___12:43:55   130     58    72    4.93    +++   14    
1.07    15___12:51:25   1       1     0     1.07    ---   -1    
1.16    15___12:51:38   2       2     0     1.11    ---   -2    
26.01   15___12:52:20   3       2     1     9.41    +++   -1    
3.44    15___12:52:40   4       2     2     7.92    +++   0     
20.85   15___12:53:19   5       2     3     10.5    +++   1     
1.2     15___12:53:33   6       3     3     8.95    ---   0     
3       15___12:53:52   7       3     4     8.1     +++   1     
2.81    15___12:54:11   8       3     5     7.44    +++   2     
1.69    15___12:54:27   9       4     5     6.8     ---   1     
1.08    15___12:54:39   10      5     5     6.23    ---   0     
1.18    15___12:54:52   11      6     5     5.77    ---   -1    
9.52    15___12:55:21   12      6     6     6.08    +++   0     
30.19   15___12:56:6    13      6     7     7.93    +++   1     
6.78    15___12:56:32   14      6     8     7.85    +++   2     
1.84    15___12:56:48   15      7     8     7.45    ---   1     
8.97    15___12:57:17   16      7     9     7.54    +++   2     
1.18    15___12:57:30   17      8     9     7.17    ---   1     
1.77    15___12:57:46   18      9     9     6.87    ---   0     
3.46    15___12:58:6    19      9     10    6.69    +++   1     
1.14    15___12:58:19   20      10    10    6.41    ---   0     
2.28    15___12:58:37   21      10    11    6.22    +++   1     
1.85    15___12:58:53   22      11    11    6.02    ---   0     
2.57    15___12:59:12   23      11    12    5.87    +++   1     
3.81    15___12:59:33   24      11    13    5.78    +++   2     
1.38    15___12:59:48   25      12    13    5.6     ---   1     
