7.44    15___11:20:23   1       0     1     7.44    +++   1     
2.5     15___11:20:41   2       0     2     4.97    +++   2     
30.74   15___11:21:26   3       0     3     13.56   +++   3     
1.51    15___11:21:41   4       1     3     10.54   ---   2     
2.25    15___11:21:58   5       1     4     8.88    +++   3     
20.38   15___11:22:37   6       1     5     10.8    +++   4     
2.41    15___11:22:55   7       1     6     9.6     +++   5     
7.68    15___11:23:22   8       1     7     9.36    +++   6     
2.76    15___11:23:41   9       1     8     8.63    +++   7     
1.35    15___11:23:55   10      2     8     7.9     ---   6     
1.38    15___11:24:9    11      3     8     7.3     ---   5     
1       15___11:24:20   12      4     8     6.78    ---   4     
1.13    15___11:24:33   13      5     8     6.34    ---   3     
8.09    15___11:25:0    14      5     9     6.47    +++   4     
1.04    15___11:25:12   15      6     9     6.11    ---   3     
16.03   15___11:25:47   16      6     10    6.73    +++   4     
1.33    15___11:26:1    17      7     10    6.41    ---   3     
1.4     15___11:26:16   18      8     10    6.13    ---   2     
2.62    15___11:26:35   19      8     11    5.94    +++   3     
7.2     15___11:27:1    20      8     12    6.01    +++   4     
6.43    15___11:27:26   21      8     13    6.03    +++   5     
9.69    15___11:27:55   22      8     14    6.19    +++   6     
1.51    15___11:28:10   23      9     14    5.99    ---   5     
1.52    15___11:28:25   24      10    14    5.8     ---   4     
5.56    15___11:28:49   25      10    15    5.79    +++   5     
2.1     15___11:29:7    26      10    16    5.65    +++   6     
1.32    15___11:29:21   27      11    16    5.49    ---   5     
1.29    15___11:29:35   28      12    16    5.34    ---   4     
2.95    15___11:29:54   29      12    17    5.26    +++   5     
4       15___11:30:16   30      12    18    5.22    +++   6     
10.82   15___11:30:46   31      12    19    5.4     +++   7     
1.09    15___11:30:58   32      13    19    5.26    ---   6     
1.97    15___11:31:15   33      14    19    5.16    ---   5     
2.6     15___11:31:34   34      14    20    5.09    +++   6     
1.17    15___11:31:47   35      15    20    4.97    ---   5     
1.48    15___11:32:2    36      16    20    4.88    ---   4     
1.2     15___11:32:15   37      17    20    4.78    ---   3     
3.5     15___11:32:36   38      17    21    4.74    +++   4     
1.02    15___11:32:47   39      18    21    4.65    ---   3     
3.35    15___11:33:7    40      18    22    4.62    +++   4     
4.61    15___11:33:30   41      18    23    4.61    +++   5     
1.63    15___11:33:46   42      19    23    4.54    ---   4     
1.56    15___11:34:1    43      20    23    4.47    ---   3     
8.06    15___11:34:28   44      20    24    4.56    +++   4     
1.22    15___11:34:42   45      21    24    4.48    ---   3     
1       15___11:34:52   46      22    24    4.41    ---   2     
1.26    15___11:35:6    47      23    24    4.34    ---   1     
8.81    15___11:35:34   48      23    25    4.43    +++   2     
1.04    15___11:35:46   49      24    25    4.36    ---   1     
2.85    15___11:36:5    50      24    26    4.33    +++   2     
4.28    15___11:36:27   51      24    27    4.33    +++   3     
1.26    15___11:36:41   52      25    27    4.27    ---   2     
1.23    15___11:36:55   53      26    27    4.21    ---   1     
1.12    15___11:37:7    54      27    27    4.16    ---   0     
1.47    15___11:37:22   55      28    27    4.11    ---   -1    
1.82    15___11:37:38   56      29    27    4.07    ---   -2    
1.82    15___11:37:55   57      30    27    4.03    ---   -3    
2.32    15___11:38:12   58      30    28    4       +++   -2    
22.2    15___11:38:52   59      30    29    4.31    +++   -1    
4.07    15___11:39:14   60      30    30    4.3     +++   0     
2.01    15___11:39:31   61      30    31    4.26    +++   1     
3.28    15___11:39:51   62      30    32    4.25    +++   2     
2.59    15___11:40:9    63      30    33    4.22    +++   3     
1.34    15___11:40:24   64      31    33    4.18    ---   2     
2.03    15___11:40:40   65      31    34    4.14    +++   3     
1.01    15___11:40:52   66      32    34    4.1     ---   2     
1.03    15___11:41:3    67      33    34    4.05    ---   1     
2.93    15___11:41:23   68      33    35    4.03    +++   2     
1.09    15___11:41:35   69      34    35    3.99    ---   1     
1.78    15___11:41:51   70      35    35    3.96    ---   0     
1.78    15___11:42:7    71      36    35    3.93    ---   -1    
1.34    15___11:42:22   72      37    35    3.89    ---   -2    
4.07    15___11:42:43   73      37    36    3.9     +++   -1    
1.05    15___11:42:55   74      38    36    3.86    ---   -2    
1.38    15___11:43:10   75      39    36    3.82    ---   -3    
1.5     15___11:43:25   76      40    36    3.79    ---   -4    
3.11    15___11:43:44   77      40    37    3.78    +++   -3    
8.8     15___11:44:13   78      40    38    3.85    +++   -2    
1.28    15___11:44:26   79      41    38    3.82    ---   -3    
23.17   15___11:45:7    80      41    39    4.06    +++   -2    
1.69    15___11:45:23   81      42    39    4.03    ---   -3    
12.12   15___11:45:54   82      42    40    4.13    +++   -2    
24.33   15___11:46:35   83      42    41    4.37    +++   -1    
2.37    15___11:46:53   84      42    42    4.35    +++   0     
1.27    15___11:47:7    85      43    42    4.31    ---   -1    
1.32    15___11:47:21   86      44    42    4.28    ---   -2    
2.53    15___11:47:39   87      44    43    4.26    +++   -1    
1.09    15___11:47:52   88      45    43    4.22    ---   -2    
2.46    15___11:48:10   89      45    44    4.2     +++   -1    
1.48    15___11:48:25   90      46    44    4.17    ---   -2    
1.16    15___11:48:38   91      47    44    4.14    ---   -3    
1.05    15___11:48:50   92      48    44    4.1     ---   -4    
1.38    15___11:49:5    93      49    44    4.07    ---   -5    
24.55   15___11:49:46   94      49    45    4.29    +++   -4    
23.2    15___11:50:26   95      49    46    4.49    +++   -3    
5.74    15___11:50:50   96      49    47    4.5     +++   -2    
1.46    15___11:51:5    97      50    47    4.47    ---   -3    
1.11    15___11:51:18   98      51    47    4.44    ---   -4    
8.53    15___11:51:46   99      51    48    4.48    +++   -3    
3.19    15___11:52:6    100     51    49    4.47    +++   -2    
11.81   15___11:52:37   101     51    50    4.54    +++   -1    
21.22   15___11:53:16   102     51    51    4.7     +++   0     
5.44    15___11:53:40   103     51    52    4.71    +++   1     
2.34    15___11:53:58   104     51    53    4.69    +++   2     
2.21    15___11:54:15   105     51    54    4.66    +++   3     
1.22    15___11:54:29   106     52    54    4.63    ---   2     
1.26    15___11:54:42   107     53    54    4.6     ---   1     
1.2     15___11:54:56   108     54    54    4.57    ---   0     
1.45    15___11:55:11   109     55    54    4.54    ---   -1    
2.38    15___11:55:29   110     55    55    4.52    +++   0     
3.56    15___11:55:49   111     55    56    4.51    +++   1     
2.36    15___11:56:7    112     55    57    4.49    +++   2     
1.87    15___11:56:24   113     56    57    4.47    ---   1     
1.88    15___11:56:40   114     57    57    4.44    ---   0     
2.78    15___11:56:59   115     57    58    4.43    +++   1     
3.28    15___11:57:19   116     57    59    4.42    +++   2     
3.13    15___11:57:39   117     57    60    4.41    +++   3     
2.23    15___11:57:56   118     57    61    4.39    +++   4     
28.79   15___11:58:40   119     57    62    4.6     +++   5     
1.47    15___11:58:55   120     58    62    4.57    ---   4     
3.96    15___11:59:17   121     58    63    4.56    +++   5     
3.92    15___11:59:38   122     58    64    4.56    +++   6     
1.09    15___11:59:50   123     59    64    4.53    ---   5     
