2.09    15___17:0:4     1       0     1     2.09    +++   1     
11.03   15___17:0:35    2       0     2     6.56    +++   2     
1.6     15___17:0:50    3       1     2     4.9     ---   1     
1.21    15___17:1:4     4       2     2     3.98    ---   0     
1.33    15___17:1:18    5       3     2     3.45    ---   -1    
2.68    15___17:1:37    6       3     3     3.32    +++   0     
2.01    15___17:1:54    7       3     4     3.13    +++   1     
2.19    15___17:2:11    8       3     5     3.01    +++   2     
2.11    15___17:2:29    9       3     6     2.91    +++   3     
1.06    15___17:2:41    10      4     6     2.73    ---   2     
16.32   15___17:3:16    11      4     7     3.96    +++   3     
1.49    15___17:3:31    12      5     7     3.76    ---   2     
1.51    15___17:3:46    13      6     7     3.58    ---   1     
1.53    15___17:4:1     14      7     7     3.44    ---   0     
1.69    15___17:4:17    15      8     7     3.32    ---   -1    
4.38    15___17:4:39    16      8     8     3.38    +++   0     
3.66    15___17:5:0     17      8     9     3.4     +++   1     
3.13    15___17:5:20    18      8     10    3.39    +++   2     
24.08   15___17:6:1     19      8     11    4.47    +++   3     
2.06    15___17:6:18    20      8     12    4.35    +++   4     
2.82    15___17:6:37    21      8     13    4.28    +++   5     
1.54    15___17:6:52    22      9     13    4.16    ---   4     
3.15    15___17:7:12    23      9     14    4.11    +++   5     
1.38    15___17:7:26    24      10    14    4       ---   4     
1.43    15___17:7:41    25      11    14    3.89    ---   3     
1.84    15___17:7:58    26      12    14    3.82    ---   2     
22.16   15___17:8:37    27      12    15    4.49    +++   3     
4.22    15___17:8:59    28      12    16    4.48    +++   4     
6.27    15___17:9:24    29      12    17    4.55    +++   5     
6.8     15___17:9:50    30      12    18    4.62    +++   6     
14.82   15___17:10:24   31      12    19    4.95    +++   7     
3.44    15___17:10:44   32      12    20    4.9     +++   8     
1.73    15___17:11:0    33      13    20    4.81    ---   7     
4.23    15___17:11:22   34      13    21    4.79    +++   8     
1.08    15___17:11:35   35      14    21    4.68    ---   7     
3.73    15___17:11:56   36      14    22    4.66    +++   8     
1.05    15___17:12:8    37      15    22    4.56    ---   7     
1.02    15___17:12:19   38      16    22    4.47    ---   6     
1.7     15___17:12:35   39      17    22    4.39    ---   5     
5.08    15___17:12:58   40      17    23    4.41    +++   6     
2.39    15___17:13:16   41      17    24    4.36    +++   7     
3.09    15___17:13:36   42      17    25    4.33    +++   8     
1.3     15___17:13:50   43      18    25    4.26    ---   7     
1.87    15___17:14:6    44      19    25    4.21    ---   6     
1.57    15___17:14:22   45      20    25    4.15    ---   5     
1.4     15___17:14:36   46      21    25    4.09    ---   4     
1.72    15___17:14:52   47      22    25    4.04    ---   3     
5.96    15___17:15:17   48      22    26    4.08    +++   4     
4.59    15___17:15:40   49      22    27    4.09    +++   5     
1.47    15___17:15:55   50      23    27    4.04    ---   4     
5.47    15___17:16:18   51      23    28    4.06    +++   5     
1.24    15___17:16:32   52      24    28    4.01    ---   4     
2.21    15___17:16:50   53      24    29    3.97    +++   5     
1.16    15___17:17:3    54      25    29    3.92    ---   4     
1.94    15___17:17:19   55      26    29    3.89    ---   3     
1.13    15___17:17:32   56      27    29    3.84    ---   2     
4.22    15___17:17:54   57      27    30    3.84    +++   3     
1.96    15___17:18:11   58      28    30    3.81    ---   2     
11.12   15___17:18:42   59      28    31    3.94    +++   3     
1       15___17:18:52   60      29    31    3.89    ---   2     
4.38    15___17:19:14   61      29    32    3.89    +++   3     
1.27    15___17:19:28   62      30    32    3.85    ---   2     
2.1     15___17:19:45   63      30    33    3.82    +++   3     
1.96    15___17:20:2    64      31    33    3.79    ---   2     
3.92    15___17:20:24   65      31    34    3.8     +++   3     
1.12    15___17:20:36   66      32    34    3.76    ---   2     
6.42    15___17:21:2    67      32    35    3.8     +++   3     
1.47    15___17:21:17   68      33    35    3.76    ---   2     
1.97    15___17:21:33   69      34    35    3.74    ---   1     
1.72    15___17:21:49   70      35    35    3.71    ---   0     
1.12    15___17:22:2    71      36    35    3.67    ---   -1    
1.23    15___17:22:16   72      37    35    3.64    ---   -2    
1       15___17:22:26   73      38    35    3.6     ---   -3    
2.85    15___17:22:45   74      38    36    3.59    +++   -2    
1.58    15___17:23:1    75      39    36    3.56    ---   -3    
1.11    15___17:23:13   76      40    36    3.53    ---   -4    
13.88   15___17:23:47   77      40    37    3.66    +++   -3    
2.46    15___17:24:5    78      40    38    3.65    +++   -2    
1.88    15___17:24:22   79      41    38    3.63    ---   -3    
1.86    15___17:24:38   80      42    38    3.6     ---   -4    
3.6     15___17:24:59   81      42    39    3.6     +++   -3    
9.99    15___17:25:28   82      42    40    3.68    +++   -2    
1.89    15___17:25:45   83      43    40    3.66    ---   -3    
5.84    15___17:26:9    84      43    41    3.69    +++   -2    
1.41    15___17:26:24   85      44    41    3.66    ---   -3    
2.34    15___17:26:42   86      44    42    3.64    +++   -2    
9.05    15___17:27:10   87      44    43    3.71    +++   -1    
1.05    15___17:27:22   88      45    43    3.68    ---   -2    
2.23    15___17:27:40   89      45    44    3.66    +++   -1    
1.03    15___17:27:51   90      46    44    3.63    ---   -2    
1.51    15___17:28:6    91      47    44    3.61    ---   -3    
1.43    15___17:28:22   92      48    44    3.58    ---   -4    
1.5     15___17:28:37   93      49    44    3.56    ---   -5    
30.87   15___17:29:22   94      49    45    3.85    +++   -4    
6.94    15___17:29:48   95      49    46    3.88    +++   -3    
1.96    15___17:30:5    96      50    46    3.86    ---   -4    
2.14    15___17:30:22   97      50    47    3.85    +++   -3    
1.11    15___17:30:35   98      51    47    3.82    ---   -4    
1.24    15___17:30:48   99      52    47    3.79    ---   -5    
1       15___17:30:59   100     53    47    3.76    ---   -6    
1.02    15___17:31:10   101     54    47    3.74    ---   -7    
16.86   15___17:31:46   102     54    48    3.87    +++   -6    
1.25    15___17:32:0    103     55    48    3.84    ---   -7    
1.82    15___17:32:16   104     56    48    3.82    ---   -8    
1.16    15___17:32:29   105     57    48    3.8     ---   -9    
1.09    15___17:32:42   106     58    48    3.77    ---   -10   
1.11    15___17:32:54   107     59    48    3.74    ---   -11   
1.73    15___17:33:10   108     60    48    3.73    ---   -12   
1.42    15___17:33:25   109     61    48    3.7     ---   -13   
1.99    15___17:33:42   110     62    48    3.69    ---   -14   
1.04    15___17:33:54   111     63    48    3.67    ---   -15   
1.13    15___17:34:7    112     64    48    3.64    ---   -16   
1.06    15___17:34:19   113     65    48    3.62    ---   -17   
1.65    15___17:34:34   114     66    48    3.6     ---   -18   
6.37    15___17:34:59   115     66    49    3.63    +++   -17   
1.27    15___17:35:13   116     67    49    3.61    ---   -18   
1.32    15___17:35:28   117     68    49    3.59    ---   -19   
2.49    15___17:35:46   118     68    50    3.58    +++   -18   
1.25    15___17:36:0    119     69    50    3.56    ---   -19   
1.52    15___17:36:15   120     70    50    3.54    ---   -20   
3.34    15___17:36:35   121     70    51    3.54    +++   -19   
4.12    15___17:36:57   122     70    52    3.54    +++   -18   
1.51    15___17:37:12   123     71    52    3.53    ---   -19   
1       15___17:37:22   124     72    52    3.51    ---   -20   
1.99    15___17:37:39   125     73    52    3.49    ---   -21   
1.79    15___17:37:55   126     74    52    3.48    ---   -22   
8.66    15___17:38:23   127     74    53    3.52    +++   -21   
2.63    15___17:38:42   128     74    54    3.51    +++   -20   
30.28   15___17:39:27   129     74    55    3.72    +++   -19   
11.71   15___17:39:58   130     74    56    3.78    +++   -18   
2.36    15___17:40:16   131     74    57    3.77    +++   -17   
11.56   15___17:40:47   132     74    58    3.83    +++   -16   
1.75    15___17:41:3    133     75    58    3.82    ---   -17   
5.23    15___17:41:27   134     75    59    3.83    +++   -16   
1.51    15___17:41:42   135     76    59    3.81    ---   -17   
1.18    15___17:41:55   136     77    59    3.79    ---   -18   
1.62    15___17:42:10   137     78    59    3.77    ---   -19   
1.17    15___17:42:24   138     79    59    3.75    ---   -20   
3.76    15___17:42:45   139     79    60    3.75    +++   -19   
1.18    15___17:42:58   140     80    60    3.74    ---   -20   
2.55    15___17:43:16   141     80    61    3.73    +++   -19   
1.68    15___17:43:32   142     81    61    3.71    ---   -20   
1.85    15___17:43:48   143     82    61    3.7     ---   -21   
1.46    15___17:44:3    144     83    61    3.68    ---   -22   
1       15___17:44:14   145     84    61    3.67    ---   -23   
1.37    15___17:44:28   146     85    61    3.65    ---   -24   
3.4     15___17:44:49   147     85    62    3.65    +++   -23   
1.31    15___17:45:3    148     86    62    3.63    ---   -24   
1.1     15___17:45:15   149     87    62    3.62    ---   -25   
1.78    15___17:45:31   150     88    62    3.6     ---   -26   
1.1     15___17:45:44   151     89    62    3.59    ---   -27   
1.46    15___17:45:59   152     90    62    3.57    ---   -28   
3.14    15___17:46:19   153     90    63    3.57    +++   -27   
1.28    15___17:46:32   154     91    63    3.56    ---   -28   
4.22    15___17:46:54   155     91    64    3.56    +++   -27   
1.05    15___17:47:6    156     92    64    3.54    ---   -28   
2.45    15___17:47:24   157     92    65    3.54    +++   -27   
1.15    15___17:47:37   158     93    65    3.52    ---   -28   
3.28    15___17:47:58   159     93    66    3.52    +++   -27   
1.16    15___17:48:11   160     94    66    3.5     ---   -28   
1.18    15___17:48:24   161     95    66    3.49    ---   -29   
5.63    15___17:48:48   162     95    67    3.5     +++   -28   
19.31   15___17:49:26   163     95    68    3.6     +++   -27   
1.15    15___17:49:39   164     96    68    3.59    ---   -28   
2.03    15___17:49:56   165     96    69    3.58    +++   -27   
1.67    15___17:50:11   166     97    69    3.56    ---   -28   
1.27    15___17:50:25   167     98    69    3.55    ---   -29   
12.83   15___17:50:58   168     98    70    3.61    +++   -28   
1.06    15___17:51:10   169     99    70    3.59    ---   -29   
2.13    15___17:51:27   170     99    71    3.58    +++   -28   
1.05    15___17:51:39   171     100   71    3.57    ---   -29   
3.47    15___17:51:59   172     100   72    3.57    +++   -28   
26.75   15___17:52:43   173     100   73    3.7     +++   -27   
3.73    15___17:53:3    174     100   74    3.7     +++   -26   
2.34    15___17:53:21   175     100   75    3.69    +++   -25   
1.17    15___17:53:45   176     101   75    3.68    ---   -26   
1.07    15___17:53:46   177     102   75    3.66    ---   -27   
1.46    15___17:54:2    178     103   75    3.65    ---   -28   
1.75    15___17:54:17   179     104   75    3.64    ---   -29   
3.36    15___17:54:38   180     104   76    3.64    +++   -28   
1.63    15___17:54:53   181     105   76    3.63    ---   -29   
2.77    15___17:55:12   182     105   77    3.62    +++   -28   
2.18    15___17:55:30   183     105   78    3.62    +++   -27   
2.33    15___17:55:47   184     105   79    3.61    +++   -26   
1.97    15___17:56:4    185     106   79    3.6     ---   -27   
1.05    15___17:56:17   186     107   79    3.59    ---   -28   
1.29    15___17:56:30   187     108   79    3.57    ---   -29   
1.44    15___17:56:45   188     109   79    3.56    ---   -30   
2.23    15___17:57:2    189     109   80    3.56    +++   -29   
