2.25    15___14:0:15    1       0     1     2.25    +++   1     
1.18    15___14:0:29    2       1     1     1.71    ---   0     
3.3     15___14:0:49    3       1     2     2.24    +++   1     
2.79    15___14:1:8     4       1     3     2.38    +++   2     
1.16    15___14:1:21    5       2     3     2.13    ---   1     
2.19    15___14:1:39    6       2     4     2.14    +++   2     
1.03    15___14:1:50    7       3     4     1.98    ---   1     
6.22    15___14:2:15    8       3     5     2.51    +++   2     
10.08   15___14:2:45    9       3     6     3.35    +++   3     
1.01    15___14:2:56    10      4     6     3.12    ---   2     
12.06   15___14:3:29    11      4     7     3.93    +++   3     
7.04    15___14:4:19    12      4     8     4.19    +++   4     
2.48    15___14:4:19    13      4     9     4.06    +++   5     
1.57    15___14:4:27    14      5     9     3.88    ---   4     
21.81   15___14:5:7     15      5     10    5.07    +++   5     
1.78    15___14:5:23    16      6     10    4.87    ---   4     
1.23    15___14:5:36    17      7     10    4.65    ---   3     
1.11    15___14:5:49    18      8     10    4.46    ---   2     
11.87   15___14:6:20    19      8     11    4.85    +++   3     
4.01    15___14:6:42    20      8     12    4.8     +++   4     
7.1     15___14:7:8     21      8     13    4.91    +++   5     
26.53   15___14:7:51    22      8     14    5.9     +++   6     
1.15    15___14:8:4     23      9     14    5.69    ---   5     
11.4    15___14:8:35    24      9     15    5.93    +++   6     
1.65    15___14:8:50    25      10    15    5.76    ---   5     
2.71    15___14:9:10    26      10    16    5.64    +++   6     
1.33    15___14:9:23    27      11    16    5.48    ---   5     
1.82    15___14:9:40    28      12    16    5.35    ---   4     
1.83    15___14:9:56    29      13    16    5.23    ---   3     
3.78    15___14:10:17   30      13    17    5.18    +++   4     
2.43    15___14:10:35   31      13    18    5.09    +++   5     
3.36    15___14:10:56   32      13    19    5.03    +++   6     
4.59    15___14:11:18   33      13    20    5.02    +++   7     
1.43    15___14:11:33   34      14    20    4.92    ---   6     
1       15___14:11:43   35      15    20    4.8     ---   5     
1.11    15___14:11:56   36      16    20    4.7     ---   4     
3.53    15___14:12:17   37      16    21    4.67    +++   5     
1.85    15___14:12:33   38      17    21    4.59    ---   4     
1.54    15___14:12:49   39      18    21    4.52    ---   3     
1.37    15___14:13:3    40      19    21    4.44    ---   2     
16.47   15___14:13:38   41      19    22    4.73    +++   3     
1.6     15___14:13:53   42      20    22    4.66    ---   2     
1.61    15___14:14:9    43      21    22    4.58    ---   1     
1.44    15___14:14:24   44      22    22    4.51    ---   0     
32.74   15___14:15:10   45      22    23    5.14    +++   1     
9.36    15___14:15:39   46      22    24    5.23    +++   2     
1.43    15___14:15:54   47      23    24    5.15    ---   1     
1.12    15___14:16:6    48      24    24    5.07    ---   0     
1.47    15___14:16:21   49      25    24    4.99    ---   -1    
3.15    15___14:16:41   50      25    25    4.96    +++   0     
2.07    15___14:16:58   51      25    26    4.9     +++   1     
4.29    15___14:17:20   52      25    27    4.89    +++   2     
5.14    15___14:17:44   53      25    28    4.89    +++   3     
3.73    15___14:18:6    54      25    29    4.87    +++   4     
2.32    15___14:18:22   55      25    30    4.82    +++   5     
3.23    15___14:18:42   56      25    31    4.8     +++   6     
1.1     15___14:18:55   57      26    31    4.73    ---   5     
1.06    15___14:19:7    58      27    31    4.67    ---   4     
1.47    15___14:19:22   59      28    31    4.61    ---   3     
2.08    15___14:19:39   60      28    32    4.57    +++   4     
2.14    15___14:19:56   61      28    33    4.53    +++   5     
1.99    15___14:20:13   62      29    33    4.49    ---   4     
3.38    15___14:20:33   63      29    34    4.47    +++   5     
3.2     15___14:20:53   64      29    35    4.45    +++   6     
30.1    15___14:21:40   65      29    36    4.85    +++   7     
2.76    15___14:21:57   66      29    37    4.82    +++   8     
1.31    15___14:22:11   67      30    37    4.76    ---   7     
2.2     15___14:22:29   68      30    38    4.73    +++   8     
13.33   15___14:23:1    69      30    39    4.85    +++   9     
5.43    15___14:23:25   70      30    40    4.86    +++   10    
1.18    15___14:23:38   71      31    40    4.81    ---   9     
4.77    15___14:24:2    72      31    41    4.81    +++   10    
10.35   15___14:24:31   73      31    42    4.88    +++   11    
1.76    15___14:24:47   74      32    42    4.84    ---   10    
1.12    15___14:25:1    75      33    42    4.79    ---   9     
1.03    15___14:25:12   76      34    42    4.74    ---   8     
3.89    15___14:25:33   77      34    43    4.73    +++   9     
3.95    15___14:25:55   78      34    44    4.72    +++   10    
5.21    15___14:26:18   79      34    45    4.72    +++   11    
1.69    15___14:26:34   80      35    45    4.69    ---   10    
1.89    15___14:26:50   81      36    45    4.65    ---   9     
2.61    15___14:27:9    82      36    46    4.63    +++   10    
6.29    15___14:27:34   83      36    47    4.65    +++   11    
1       15___14:27:44   84      37    47    4.6     ---   10    
19.56   15___14:28:22   85      37    48    4.78    +++   11    
1.5     15___14:28:37   86      38    48    4.74    ---   10    
1.43    15___14:28:52   87      39    48    4.7     ---   9     
23.27   15___14:29:33   88      39    49    4.91    +++   10    
3.37    15___14:29:53   89      39    50    4.9     +++   11    
1.16    15___14:30:7    90      40    50    4.86    ---   10    
4.06    15___14:30:28   91      40    51    4.85    +++   11    
1.05    15___14:30:39   92      41    51    4.81    ---   10    
1.05    15___14:30:52   93      42    51    4.76    ---   9     
3.04    15___14:31:11   94      42    52    4.75    +++   10    
1.65    15___14:31:27   95      43    52    4.71    ---   9     
2.03    15___14:31:44   96      43    53    4.69    +++   10    
1.55    15___14:31:59   97      44    53    4.65    ---   9     
1.67    15___14:32:15   98      45    53    4.62    ---   8     
2.26    15___14:32:34   99      45    54    4.6     +++   9     
1.46    15___14:32:47   100     46    54    4.57    ---   8     
26.53   15___14:33:30   101     46    55    4.78    +++   9     
1.9     15___14:33:46   102     47    55    4.76    ---   8     
5.34    15___14:34:10   103     47    56    4.76    +++   9     
3.05    15___14:34:30   104     47    57    4.75    +++   10    
3.4     15___14:34:50   105     47    58    4.73    +++   11    
1.75    15___14:35:6    106     48    58    4.7     ---   10    
1.09    15___14:35:19   107     49    58    4.67    ---   9     
3.84    15___14:35:40   108     49    59    4.66    +++   10    
1.52    15___14:35:55   109     50    59    4.63    ---   9     
15.71   15___14:36:30   110     50    60    4.73    +++   10    
1.25    15___14:36:43   111     51    60    4.7     ---   9     
2.17    15___14:37:1    112     51    61    4.68    +++   10    
1.14    15___14:37:14   113     52    61    4.65    ---   9     
17.37   15___14:37:50   114     52    62    4.76    +++   10    
1.36    15___14:38:4    115     53    62    4.73    ---   9     
20.74   15___14:38:43   116     53    63    4.87    +++   10    
16.04   15___14:39:18   117     53    64    4.96    +++   11    
7.32    15___14:39:44   118     53    65    4.98    +++   12    
1.29    15___14:39:58   119     54    65    4.95    ---   11    
1.12    15___14:40:11   120     55    65    4.92    ---   10    
6.19    15___14:40:36   121     55    66    4.93    +++   11    
1.28    15___14:40:50   122     56    66    4.9     ---   10    
1.57    15___14:41:5    123     57    66    4.87    ---   9     
1.39    15___14:41:20   124     58    66    4.85    ---   8     
4.58    15___14:41:42   125     58    67    4.84    +++   9     
32.74   15___14:42:29   126     58    68    5.07    +++   10    
1.19    15___14:42:42   127     59    68    5.04    ---   9     
2.54    15___14:43:0    128     59    69    5.02    +++   10    
3.11    15___14:43:20   129     59    70    5       +++   11    
1.25    15___14:43:34   130     60    70    4.97    ---   10    
2.73    15___14:43:53   131     60    71    4.95    +++   11    
11.18   15___14:44:23   132     60    72    5       +++   12    
2.15    15___14:44:41   133     60    73    4.98    +++   13    
1.54    15___14:44:56   134     61    73    4.95    ---   12    
5.46    15___14:45:20   135     61    74    4.96    +++   13    
1.16    15___14:45:33   136     62    74    4.93    ---   12    
1.54    15___14:45:48   137     63    74    4.91    ---   11    
2.65    15___14:46:7    138     63    75    4.89    +++   12    
1.22    15___14:46:20   139     64    75    4.86    ---   11    
1.58    15___14:46:36   140     65    75    4.84    ---   10    
1.99    15___14:46:53   141     66    75    4.82    ---   9     
1.07    15___14:47:5    142     67    75    4.79    ---   8     
2.16    15___14:47:22   143     67    76    4.77    +++   9     
4.68    15___14:47:45   144     67    77    4.77    +++   10    
1.02    15___14:47:56   145     68    77    4.75    ---   9     
2.16    15___14:48:14   146     68    78    4.73    +++   10    
1.24    15___14:48:27   147     69    78    4.71    ---   9     
1.92    15___14:48:44   148     70    78    4.69    ---   8     
1.78    15___14:49:0    149     71    78    4.67    ---   7     
20.5    15___14:49:39   150     71    79    4.77    +++   8     
1       15___14:49:49   151     72    79    4.75    ---   7     
1.11    15___14:50:2    152     73    79    4.72    ---   6     
1.46    15___14:50:17   153     74    79    4.7     ---   5     
2.05    15___14:50:34   154     74    80    4.69    +++   6     
10.88   15___14:51:4    155     74    81    4.73    +++   7     
23.47   15___14:51:45   156     74    82    4.85    +++   8     
6.76    15___14:52:11   157     74    83    4.86    +++   9     
1.49    15___14:52:26   158     75    83    4.84    ---   8     
1.37    15___14:52:40   159     76    83    4.81    ---   7     
1.39    15___14:52:54   160     77    83    4.79    ---   6     
1.6     15___14:53:10   161     78    83    4.77    ---   5     
3.88    15___14:53:31   162     78    84    4.77    +++   6     
2.55    15___14:53:50   163     78    85    4.75    +++   7     
2.7     15___14:54:8    164     78    86    4.74    +++   8     
1.06    15___14:54:20   165     79    86    4.72    ---   7     
6.28    15___14:54:46   166     79    87    4.73    +++   8     
26.47   15___14:55:28   167     79    88    4.86    +++   9     
7.94    15___14:55:55   168     79    89    4.88    +++   10    
1.04    15___14:56:7    169     80    89    4.85    ---   9     
1.37    15___14:56:21   170     81    89    4.83    ---   8     
2.92    15___14:56:41   171     81    90    4.82    +++   9     
1.63    15___14:56:56   172     82    90    4.8     ---   8     
2.34    15___14:57:14   173     82    91    4.79    +++   9     
1.91    15___14:57:31   174     83    91    4.77    ---   8     
1.72    15___14:57:47   175     84    91    4.76    ---   7     
33.8    15___14:58:33   176     84    92    4.92    +++   8     
1.11    15___14:58:46   177     85    92    4.9     ---   7     
1.71    15___14:59:2    178     86    92    4.88    ---   6     
20.3    15___14:59:40   179     86    93    4.97    +++   7     
