1       15___16:0:0     1       1     0     1       ---   -1    
5.77    15___16:0:25    2       1     1     3.38    +++   0     
1.74    15___16:0:41    3       2     1     2.83    ---   -1    
5.17    15___16:1:4     4       2     2     3.42    +++   0     
2.08    15___16:1:21    5       2     3     3.15    +++   1     
19.92   15___16:1:59    6       2     4     5.94    +++   2     
2.47    15___16:2:18    7       2     5     5.45    +++   3     
2.28    15___16:2:35    8       2     6     5.05    +++   4     
7.83    15___16:3:2     9       2     7     5.36    +++   5     
1.37    15___16:3:17    10      3     7     4.96    ---   4     
2.99    15___16:3:36    11      3     8     4.78    +++   5     
2.69    15___16:3:55    12      3     9     4.6     +++   6     
1.01    15___16:4:6     13      4     9     4.33    ---   5     
5.35    15___16:4:30    14      4     10    4.4     +++   6     
1.01    15___16:4:41    15      5     10    4.17    ---   5     
1.42    15___16:4:56    16      6     10    4       ---   4     
1.22    15___16:5:9     17      7     10    3.84    ---   3     
2.38    15___16:5:27    18      7     11    3.76    +++   4     
1.37    15___16:5:42    19      8     11    3.63    ---   3     
2.33    15___16:6:0     20      8     12    3.56    +++   4     
2.96    15___16:6:19    21      8     13    3.54    +++   5     
1.3     15___16:6:33    22      9     13    3.43    ---   4     
3.21    15___16:6:53    23      9     14    3.42    +++   5     
15.93   15___16:7:28    24      9     15    3.94    +++   6     
1.89    15___16:7:44    25      10    15    3.86    ---   5     
1       15___16:7:55    26      11    15    3.75    ---   4     
2.05    15___16:8:12    27      11    16    3.69    +++   5     
1.28    15___16:8:26    28      12    16    3.6     ---   4     
1.27    15___16:8:40    29      13    16    3.52    ---   3     
14.35   15___16:9:13    30      13    17    3.88    +++   4     
1.84    15___16:9:30    31      14    17    3.82    ---   3     
1.08    15___16:9:42    32      15    17    3.73    ---   2     
1.48    15___16:9:57    33      16    17    3.66    ---   1     
1.44    15___16:10:12   34      17    17    3.6     ---   0     
20.92   15___16:10:51   35      17    18    4.09    +++   1     
2.5     15___16:11:9    36      17    19    4.05    +++   2     
1.12    15___16:11:22   37      18    19    3.97    ---   1     
6.1     15___16:11:46   38      18    20    4.02    +++   2     
5.59    15___16:12:11   39      18    21    4.06    +++   3     
1.35    15___16:12:25   40      19    21    4       ---   2     
1.22    15___16:12:38   41      20    21    3.93    ---   1     
1.01    15___16:12:50   42      21    21    3.86    ---   0     
4.98    15___16:13:13   43      21    22    3.88    +++   1     
3.39    15___16:13:33   44      21    23    3.87    +++   2     
1.64    15___16:13:49   45      22    23    3.82    ---   1     
1.56    15___16:14:4    46      23    23    3.77    ---   0     
6.63    15___16:14:30   47      23    24    3.84    +++   1     
1.38    15___16:14:44   48      24    24    3.78    ---   0     
1.08    15___16:14:56   49      25    24    3.73    ---   -1    
2.41    15___16:15:14   50      25    25    3.7     +++   0     
1.32    15___16:15:29   51      26    25    3.66    ---   -1    
3.37    15___16:15:49   52      26    26    3.65    +++   0     
1.29    15___16:16:3    53      27    26    3.61    ---   -1    
1.29    15___16:16:17   54      28    26    3.56    ---   -2    
1.48    15___16:16:32   55      29    26    3.52    ---   -3    
5.34    15___16:16:55   56      29    27    3.56    +++   -2    
1.04    15___16:17:7    57      30    27    3.51    ---   -3    
1.54    15___16:17:22   58      31    27    3.48    ---   -4    
1       15___16:17:33   59      32    27    3.44    ---   -5    
2.41    15___16:17:51   60      32    28    3.42    +++   -4    
14.99   15___16:18:25   61      32    29    3.61    +++   -3    
1.58    15___16:18:41   62      33    29    3.58    ---   -4    
1.5     15___16:18:56   63      34    29    3.54    ---   -5    
8.08    15___16:19:23   64      34    30    3.61    +++   -4    
2.45    15___16:19:41   65      34    31    3.6     +++   -3    
1.51    15___16:19:56   66      35    31    3.56    ---   -4    
1.08    15___16:20:9    67      36    31    3.53    ---   -5    
1.4     15___16:20:23   68      37    31    3.5     ---   -6    
1.16    15___16:20:36   69      38    31    3.46    ---   -7    
1.1     15___16:20:49   70      39    31    3.43    ---   -8    
1.92    15___16:21:5    71      40    31    3.41    ---   -9    
1.19    15___16:21:19   72      41    31    3.38    ---   -10   
1.19    15___16:21:32   73      42    31    3.35    ---   -11   
1       15___16:21:43   74      43    31    3.31    ---   -12   
1.9     15___16:21:59   75      44    31    3.29    ---   -13   
3.07    15___16:22:19   76      44    32    3.29    +++   -12   
1       15___16:22:29   77      45    32    3.26    ---   -13   
5.05    15___16:22:53   78      45    33    3.28    +++   -12   
1.76    15___16:23:9    79      46    33    3.27    ---   -13   
1.61    15___16:23:24   80      47    33    3.24    ---   -14   
1.71    15___16:23:40   81      48    33    3.23    ---   -15   
2.07    15___16:23:57   82      48    34    3.21    +++   -14   
1.13    15___16:24:10   83      49    34    3.19    ---   -15   
4.42    15___16:24:32   84      49    35    3.2     +++   -14   
2.66    15___16:24:51   85      49    36    3.19    +++   -13   
1.03    15___16:25:3    86      50    36    3.17    ---   -14   
2.96    15___16:25:22   87      50    37    3.17    +++   -13   
4.61    15___16:25:45   88      50    38    3.18    +++   -12   
6.92    15___16:26:11   89      50    39    3.23    +++   -11   
1.16    15___16:26:24   90      51    39    3.2     ---   -12   
1.89    15___16:26:40   91      52    39    3.19    ---   -13   
1.44    15___16:26:55   92      53    39    3.17    ---   -14   
3.2     15___16:27:15   93      53    40    3.17    +++   -13   
1.33    15___16:27:29   94      54    40    3.15    ---   -14   
1.53    15___16:27:44   95      55    40    3.13    ---   -15   
1.67    15___16:28:0    96      56    40    3.12    ---   -16   
3.79    15___16:28:21   97      56    41    3.12    +++   -15   
5.17    15___16:28:44   98      56    42    3.14    +++   -14   
6.95    15___16:29:10   99      56    43    3.18    +++   -13   
5.63    15___16:29:34   100     56    44    3.21    +++   -12   
6.57    15___16:30:0    101     56    45    3.24    +++   -11   
1.02    15___16:30:11   102     57    45    3.22    ---   -12   
1.28    15___16:30:25   103     58    45    3.2     ---   -13   
6.69    15___16:30:51   104     58    46    3.23    +++   -12   
1.34    15___16:31:5    105     59    46    3.22    ---   -13   
14.37   15___16:31:39   106     59    47    3.32    +++   -12   
20.91   15___16:32:18   107     59    48    3.48    +++   -11   
4.33    15___16:32:40   108     59    49    3.49    +++   -10   
1.18    15___16:32:53   109     60    49    3.47    ---   -11   
1       15___16:33:4    110     61    49    3.45    ---   -12   
1.29    15___16:33:18   111     62    49    3.43    ---   -13   
1.21    15___16:33:31   112     63    49    3.41    ---   -14   
1.39    15___16:33:46   113     64    49    3.39    ---   -15   
3.35    15___16:34:6    114     64    50    3.39    +++   -14   
2.18    15___16:34:23   115     64    51    3.38    +++   -13   
16.22   15___16:34:59   116     64    52    3.49    +++   -12   
1.39    15___16:35:13   117     65    52    3.47    ---   -13   
5.64    15___16:35:37   118     65    53    3.49    +++   -12   
1.12    15___16:35:50   119     66    53    3.47    ---   -13   
2.5     15___16:36:8    120     66    54    3.46    +++   -12   
1.52    15___16:36:23   121     67    54    3.45    ---   -13   
2.31    15___16:36:41   122     67    55    3.44    +++   -12   
2.73    15___16:37:0    123     67    56    3.43    +++   -11   
1.09    15___16:37:13   124     68    56    3.41    ---   -12   
3.59    15___16:37:33   125     68    57    3.41    +++   -11   
2.05    15___16:37:50   126     68    58    3.4     +++   -10   
4.23    15___16:38:12   127     68    59    3.41    +++   -9    
1.13    15___16:38:25   128     69    59    3.39    ---   -10   
6.04    15___16:38:50   129     69    60    3.41    +++   -9    
1.36    15___16:39:4    130     70    60    3.4     ---   -10   
5.1     15___16:39:28   131     70    61    3.41    +++   -9    
1.44    15___16:39:42   132     71    61    3.4     ---   -10   
1.21    15___16:39:56   133     72    61    3.38    ---   -11   
1.6     15___16:40:11   134     73    61    3.37    ---   -12   
4.91    15___16:40:34   135     73    62    3.38    +++   -11   
3.88    15___16:40:56   136     73    63    3.38    +++   -10   
3.68    15___16:41:17   137     73    64    3.38    +++   -9    
1.41    15___16:41:31   138     74    64    3.37    ---   -10   
1.09    15___16:41:44   139     75    64    3.35    ---   -11   
1.17    15___16:41:57   140     76    64    3.34    ---   -12   
1.5     15___16:42:12   141     77    64    3.32    ---   -13   
1.98    15___16:42:29   142     78    64    3.31    ---   -14   
4.51    15___16:42:51   143     78    65    3.32    +++   -13   
1.25    15___16:43:5    144     79    65    3.31    ---   -14   
1.89    15___16:43:21   145     80    65    3.3     ---   -15   
1.15    15___16:43:34   146     81    65    3.28    ---   -16   
1.21    15___16:43:48   147     82    65    3.27    ---   -17   
2.47    15___16:44:6    148     82    66    3.26    +++   -16   
3.11    15___16:44:26   149     82    67    3.26    +++   -15   
1.23    15___16:44:39   150     83    67    3.25    ---   -16   
1.04    15___16:44:51   151     84    67    3.23    ---   -17   
1.42    15___16:45:6    152     85    67    3.22    ---   -18   
1.4     15___16:45:20   153     86    67    3.21    ---   -19   
2.97    15___16:45:40   154     86    68    3.21    +++   -18   
3.21    15___16:46:0    155     86    69    3.21    +++   -17   
16.13   15___16:46:35   156     86    70    3.29    +++   -16   
16.17   15___16:47:10   157     86    71    3.37    +++   -15   
5.66    15___16:47:34   158     86    72    3.39    +++   -14   
2.27    15___16:47:52   159     86    73    3.38    +++   -13   
1.4     15___16:48:6    160     87    73    3.37    ---   -14   
7.76    15___16:48:33   161     87    74    3.4     +++   -13   
20.5    15___16:49:12   162     87    75    3.5     +++   -12   
3.05    15___16:49:32   163     87    76    3.5     +++   -11   
3.71    15___16:49:53   164     87    77    3.5     +++   -10   
1.09    15___16:50:5    165     88    77    3.48    ---   -11   
2.93    15___16:50:24   166     88    78    3.48    +++   -10   
1       15___16:50:35   167     89    78    3.47    ---   -11   
1.78    15___16:50:51   168     90    78    3.46    ---   -12   
1.18    15___16:51:4    169     91    78    3.44    ---   -13   
3.07    15___16:51:24   170     91    79    3.44    +++   -12   
4.56    15___16:51:46   171     91    80    3.45    +++   -11   
1       15___16:51:57   172     92    80    3.43    ---   -12   
2.33    15___16:52:15   173     92    81    3.43    +++   -11   
3.68    15___16:52:36   174     92    82    3.43    +++   -10   
2.61    15___16:52:54   175     92    83    3.42    +++   -9    
1       15___16:53:5    176     93    83    3.41    ---   -10   
1.28    15___16:53:19   177     94    83    3.4     ---   -11   
5.64    15___16:53:43   178     94    84    3.41    +++   -10   
1.19    15___16:53:56   179     95    84    3.4     ---   -11   
1.54    15___16:54:11   180     96    84    3.39    ---   -12   
28.51   15___16:54:55   181     96    85    3.53    +++   -11   
3.37    15___16:55:15   182     96    86    3.53    +++   -10   
8.29    15___16:55:43   183     96    87    3.55    +++   -9    
7.51    15___16:56:10   184     96    88    3.57    +++   -8    
1.18    15___16:56:23   185     97    88    3.56    ---   -9    
3.02    15___16:56:43   186     97    89    3.56    +++   -8    
1.37    15___16:56:57   187     98    89    3.55    ---   -9    
2.52    15___16:57:15   188     98    90    3.54    +++   -8    
3.62    15___16:57:36   189     98    91    3.54    +++   -7    
1.31    15___16:57:50   190     99    91    3.53    ---   -8    
1.9     15___16:58:7    191     100   91    3.52    ---   -9    
34.06   15___16:58:54   192     100   92    3.68    +++   -8    
1.89    15___16:59:10   193     101   92    3.67    ---   -9    
2.59    15___16:59:29   194     101   93    3.66    +++   -8    
2.62    15___16:59:47   195     101   94    3.66    +++   -7    
