3.42    15___13:0:8     1       0     1     3.42    +++   1     
1.82    15___13:0:24    2       1     1     2.62    ---   0     
3.35    15___13:0:45    3       1     2     2.86    +++   1     
3.22    15___13:1:4     4       1     3     2.95    +++   2     
19.44   15___13:1:42    5       1     4     6.25    +++   3     
2.13    15___13:1:59    6       1     5     5.56    +++   4     
1.38    15___13:2:14    7       2     5     4.96    ---   3     
2.75    15___13:2:33    8       2     6     4.68    +++   4     
1.57    15___13:2:48    9       3     6     4.34    ---   3     
1.16    15___13:3:1     10      4     6     4.02    ---   2     
1.23    15___13:3:15    11      5     6     3.77    ---   1     
6.27    15___13:3:40    12      5     7     3.97    +++   2     
2.55    15___13:3:58    13      5     8     3.86    +++   3     
23.94   15___13:4:39    14      5     9     5.3     +++   4     
1.66    15___13:4:55    15      6     9     5.05    ---   3     
2.47    15___13:5:13    16      6     10    4.89    +++   4     
1       15___13:5:24    17      7     10    4.66    ---   3     
1.4     15___13:5:38    18      8     10    4.48    ---   2     
1       15___13:5:49    19      9     10    4.3     ---   1     
23.77   15___13:6:29    20      9     11    5.27    +++   2     
1.12    15___13:6:42    21      10    11    5.07    ---   1     
1.46    15___13:6:57    22      11    11    4.91    ---   0     
1       15___13:7:7     23      12    11    4.74    ---   -1    
7.29    15___13:7:34    24      12    12    4.84    +++   0     
1       15___13:7:44    25      13    12    4.69    ---   -1    
1.56    15___13:8:0     26      14    12    4.57    ---   -2    
8.49    15___13:8:28    27      14    13    4.72    +++   -1    
2.14    15___13:8:45    28      14    14    4.62    +++   0     
3.27    15___13:9:5     29      14    15    4.58    +++   1     
1.04    15___13:9:17    30      15    15    4.46    ---   0     
2.09    15___13:9:34    31      15    16    4.38    +++   1     
1.52    15___13:9:49    32      16    16    4.29    ---   0     
6.6     15___13:10:15   33      16    17    4.36    +++   1     
3.35    15___13:10:35   34      16    18    4.33    +++   2     
2.95    15___13:10:54   35      16    19    4.29    +++   3     
2.59    15___13:11:13   36      16    20    4.24    +++   4     
5.21    15___13:11:36   37      16    21    4.27    +++   5     
7.31    15___13:12:3    38      16    22    4.35    +++   6     
1       15___13:12:13   39      17    22    4.26    ---   5     
1.24    15___13:12:27   40      18    22    4.19    ---   4     
3.2     15___13:12:47   41      18    23    4.16    +++   5     
9.55    15___13:13:16   42      18    24    4.29    +++   6     
1.35    15___13:13:30   43      19    24    4.22    ---   5     
1.33    15___13:13:44   44      20    24    4.16    ---   4     
1.68    15___13:14:0    45      21    24    4.1     ---   3     
4.98    15___13:14:23   46      21    25    4.12    +++   4     
1.79    15___13:14:39   47      22    25    4.07    ---   3     
5.14    15___13:15:3    48      22    26    4.09    +++   4     
23.81   15___13:15:43   49      22    27    4.5     +++   5     
1.52    15___13:15:59   50      23    27    4.44    ---   4     
1.43    15___13:16:13   51      24    27    4.38    ---   3     
1.48    15___13:16:28   52      25    27    4.32    ---   2     
1       15___13:16:39   53      26    27    4.26    ---   1     
1.08    15___13:16:51   54      27    27    4.2     ---   0     
1.47    15___13:17:6    55      28    27    4.15    ---   -1    
1.28    15___13:17:20   56      29    27    4.1     ---   -2    
7.27    15___13:17:46   57      29    28    4.16    +++   -1    
2.3     15___13:18:4    58      29    29    4.12    +++   0     
20.84   15___13:18:43   59      29    30    4.41    +++   1     
4.28    15___13:19:5    60      29    31    4.4     +++   2     
1.06    15___13:19:17   61      30    31    4.35    ---   1     
2.46    15___13:19:35   62      30    32    4.32    +++   2     
1.44    15___13:19:50   63      31    32    4.27    ---   1     
2.73    15___13:20:9    64      31    33    4.25    +++   2     
1.47    15___13:20:24   65      32    33    4.21    ---   1     
6.96    15___13:20:50   66      32    34    4.25    +++   2     
29.17   15___13:21:34   67      32    35    4.62    +++   3     
5.45    15___13:21:58   68      32    36    4.63    +++   4     
1.96    15___13:22:14   69      33    36    4.59    ---   3     
1.12    15___13:22:27   70      34    36    4.54    ---   2     
1.14    15___13:22:40   71      35    36    4.49    ---   1     
1       15___13:22:51   72      36    36    4.45    ---   0     
1       15___13:23:1    73      37    36    4.4     ---   -1    
2.8     15___13:23:20   74      37    37    4.38    +++   0     
2.3     15___13:23:38   75      37    38    4.35    +++   1     
4.1     15___13:24:0    76      37    39    4.35    +++   2     
1.13    15___13:24:12   77      38    39    4.3     ---   1     
4.01    15___13:24:34   78      38    40    4.3     +++   2     
1.76    15___13:24:50   79      39    40    4.27    ---   1     
1.65    15___13:25:6    80      40    40    4.24    ---   0     
1       15___13:25:16   81      41    40    4.2     ---   -1    
1.22    15___13:25:30   82      42    40    4.16    ---   -2    
5.12    15___13:25:53   83      42    41    4.17    +++   -1    
2.92    15___13:26:12   84      42    42    4.16    +++   0     
4.74    15___13:26:35   85      42    43    4.16    +++   1     
5.08    15___13:26:59   86      42    44    4.17    +++   2     
2.51    15___13:27:17   87      42    45    4.15    +++   3     
1.12    15___13:27:30   88      43    45    4.12    ---   2     
2.24    15___13:27:47   89      43    46    4.1     +++   3     
1.39    15___13:28:2    90      44    46    4.07    ---   2     
5.84    15___13:28:26   91      44    47    4.09    +++   3     
3.73    15___13:28:47   92      44    48    4.08    +++   4     
1.2     15___13:29:1    93      45    48    4.05    ---   3     
1.98    15___13:29:17   94      46    48    4.03    ---   2     
25.76   15___13:29:59   95      46    49    4.26    +++   3     
2.23    15___13:30:17   96      46    50    4.24    +++   4     
14.95   15___13:30:51   97      46    51    4.35    +++   5     
2.16    15___13:31:8    98      46    52    4.33    +++   6     
1.13    15___13:31:21   99      47    52    4.29    ---   5     
1.65    15___13:31:37   100     48    52    4.27    ---   4     
3.34    15___13:31:57   101     48    53    4.26    +++   5     
3.46    15___13:32:18   102     48    54    4.25    +++   6     
5.58    15___13:32:42   103     48    55    4.26    +++   7     
1.52    15___13:32:57   104     49    55    4.24    ---   6     
1.44    15___13:33:12   105     50    55    4.21    ---   5     
1.98    15___13:33:28   106     51    55    4.19    ---   4     
9.89    15___13:33:58   107     51    56    4.24    +++   5     
1.02    15___13:34:9    108     52    56    4.21    ---   4     
2.08    15___13:34:26   109     52    57    4.19    +++   5     
1.85    15___13:34:43   110     53    57    4.17    ---   4     
1.15    15___13:34:56   111     54    57    4.14    ---   3     
2.71    15___13:35:15   112     54    58    4.13    +++   4     
1.22    15___13:35:28   113     55    58    4.11    ---   3     
1.88    15___13:35:45   114     56    58    4.09    ---   2     
15.21   15___13:36:19   115     56    59    4.18    +++   3     
5.36    15___13:36:43   116     56    60    4.19    +++   4     
1.48    15___13:36:58   117     57    60    4.17    ---   3     
5.55    15___13:37:22   118     57    61    4.18    +++   4     
1.32    15___13:37:36   119     58    61    4.16    ---   3     
1.79    15___13:37:52   120     59    61    4.14    ---   2     
1.67    15___13:38:8    121     60    61    4.12    ---   1     
1.25    15___13:38:22   122     61    61    4.09    ---   0     
1.15    15___13:38:35   123     62    61    4.07    ---   -1    
1.97    15___13:38:51   124     63    61    4.05    ---   -2    
7.66    15___13:39:18   125     63    62    4.08    +++   -1    
1.45    15___13:39:33   126     64    62    4.06    ---   -2    
3.24    15___13:39:53   127     64    63    4.05    +++   -1    
20.49   15___13:40:31   128     64    64    4.18    +++   0     
2.72    15___13:40:50   129     64    65    4.17    +++   1     
2.24    15___13:41:24   130     64    66    4.16    +++   2     
1.16    15___13:41:37   131     65    66    4.13    ---   1     
2.68    15___13:41:56   132     65    67    4.12    +++   2     
1.11    15___13:42:9    133     66    67    4.1     ---   1     
2.05    15___13:42:26   134     66    68    4.08    +++   2     
1.08    15___13:42:38   135     67    68    4.06    ---   1     
1.04    15___13:42:50   136     68    68    4.04    ---   0     
1.44    15___13:43:5    137     69    68    4.02    ---   -1    
3.04    15___13:43:24   138     69    69    4.01    +++   0     
1.31    15___13:43:38   139     70    69    3.99    ---   -1    
4.06    15___13:44:0    140     70    70    3.99    +++   0     
1.86    15___13:44:16   141     71    70    3.98    ---   -1    
1.22    15___13:44:30   142     72    70    3.96    ---   -2    
3.34    15___13:44:50   143     72    71    3.95    +++   -1    
1.49    15___13:45:5    144     73    71    3.94    ---   -2    
5.05    15___13:45:28   145     73    72    3.95    +++   -1    
2.18    15___13:45:46   146     73    73    3.93    +++   0     
1.28    15___13:46:0    147     74    73    3.92    ---   -1    
4.85    15___13:46:23   148     74    74    3.92    +++   0     
1.94    15___13:46:39   149     75    74    3.91    ---   -1    
2.95    15___13:46:59   150     75    75    3.9     +++   0     
12.46   15___13:47:31   151     75    76    3.96    +++   1     
2.52    15___13:47:49   152     75    77    3.95    +++   2     
1.14    15___13:48:2    153     76    77    3.93    ---   1     
5.58    15___13:48:26   154     76    78    3.94    +++   2     
3.37    15___13:48:46   155     76    79    3.94    +++   3     
8.03    15___13:49:14   156     76    80    3.96    +++   4     
3.39    15___13:49:34   157     76    81    3.96    +++   5     
4.05    15___13:49:56   158     76    82    3.96    +++   6     
7.72    15___13:50:23   159     76    83    3.98    +++   7     
1.87    15___13:50:39   160     77    83    3.97    ---   6     
1       15___13:50:49   161     78    83    3.95    ---   5     
1       15___13:51:0    162     79    83    3.93    ---   4     
1.16    15___13:51:13   163     80    83    3.92    ---   3     
5.93    15___13:51:38   164     80    84    3.93    +++   4     
1.04    15___13:51:50   165     81    84    3.91    ---   3     
8.76    15___13:52:18   166     81    85    3.94    +++   4     
2.43    15___13:52:36   167     81    86    3.93    +++   5     
3.88    15___13:52:57   168     81    87    3.93    +++   6     
1       15___13:53:8    169     82    87    3.91    ---   5     
3.35    15___13:53:28   170     82    88    3.91    +++   6     
1.03    15___13:53:40   171     83    88    3.89    ---   5     
1.79    15___13:53:56   172     84    88    3.88    ---   4     
5.97    15___13:54:20   173     84    89    3.89    +++   5     
3.92    15___13:54:42   174     84    90    3.89    +++   6     
2.32    15___13:55:0    175     84    91    3.88    +++   7     
2.95    15___13:55:19   176     84    92    3.88    +++   8     
3.02    15___13:55:38   177     84    93    3.87    +++   9     
5.32    15___13:56:2    178     84    94    3.88    +++   10    
1.4     15___13:56:17   179     85    94    3.87    ---   9     
2.07    15___13:56:34   180     85    95    3.86    +++   10    
1.38    15___13:56:48   181     86    95    3.85    ---   9     
10.93   15___13:57:19   182     86    96    3.88    +++   10    
1.24    15___13:57:32   183     87    96    3.87    ---   9     
1.34    15___13:57:47   184     88    96    3.86    ---   8     
23.06   15___13:58:27   185     88    97    3.96    +++   9     
2.13    15___13:58:44   186     88    98    3.95    +++   10    
8.28    15___13:59:12   187     88    99    3.97    +++   11    
1.11    15___13:59:24   188     89    99    3.96    ---   10    
1.07    15___13:59:37   189     90    99    3.94    ---   9     
3.77    15___13:59:58   190     90    100   3.94    +++   10    
