3.42    15___15:0:1     1       0     1     3.42    +++   1     
4.05    15___15:0:22    2       0     2     3.73    +++   2     
2.2     15___15:0:40    3       0     3     3.22    +++   3     
2.81    15___15:0:59    4       0     4     3.12    +++   4     
1.49    15___15:1:14    5       1     4     2.79    ---   3     
2.59    15___15:1:32    6       1     5     2.76    +++   4     
1.19    15___15:1:46    7       2     5     2.53    ---   3     
1.18    15___15:1:59    8       3     5     2.36    ---   2     
1.74    15___15:2:15    9       4     5     2.29    ---   1     
26.05   15___15:2:57    10      4     6     4.67    +++   2     
1.21    15___15:3:11    11      5     6     4.35    ---   1     
1       15___15:3:21    12      6     6     4.07    ---   0     
2.97    15___15:3:41    13      6     7     3.99    +++   1     
1.05    15___15:3:53    14      7     7     3.78    ---   0     
3.43    15___15:4:13    15      7     8     3.75    +++   1     
6.29    15___15:4:38    16      7     9     3.91    +++   2     
1.17    15___15:4:51    17      8     9     3.75    ---   1     
2.9     15___15:5:11    18      8     10    3.7     +++   2     
2.62    15___15:5:29    19      8     11    3.65    +++   3     
21.61   15___15:6:8     20      8     12    4.54    +++   4     
5.55    15___15:6:32    21      8     13    4.59    +++   5     
2.8     15___15:6:51    22      8     14    4.51    +++   6     
1.97    15___15:7:8     23      9     14    4.4     ---   5     
1.86    15___15:7:25    24      10    14    4.29    ---   4     
6.34    15___15:7:50    25      10    15    4.37    +++   5     
9.63    15___15:8:19    26      10    16    4.58    +++   6     
1.4     15___15:8:33    27      11    16    4.46    ---   5     
1.09    15___15:8:46    28      12    16    4.34    ---   4     
3.41    15___15:9:6     29      12    17    4.31    +++   5     
6.59    15___15:9:32    30      12    18    4.38    +++   6     
4.39    15___15:9:54    31      12    19    4.38    +++   7     
2.92    15___15:10:13   32      12    20    4.34    +++   8     
1.28    15___15:10:27   33      13    20    4.24    ---   7     
5.38    15___15:10:51   34      13    21    4.28    +++   8     
3.12    15___15:11:11   35      13    22    4.24    +++   9     
1.15    15___15:11:24   36      14    22    4.16    ---   8     
1.44    15___15:11:39   37      15    22    4.08    ---   7     
4.17    15___15:12:0    38      15    23    4.09    +++   8     
1.7     15___15:12:16   39      16    23    4.02    ---   7     
1.97    15___15:12:33   40      17    23    3.97    ---   6     
1.69    15___15:12:49   41      18    23    3.92    ---   5     
1.82    15___15:13:5    42      19    23    3.87    ---   4     
4.47    15___15:13:27   43      19    24    3.88    +++   5     
3.94    15___15:13:49   44      19    25    3.88    +++   6     
2.02    15___15:14:6    45      19    26    3.84    +++   7     
1.28    15___15:14:20   46      20    26    3.79    ---   6     
2.13    15___15:14:37   47      20    27    3.75    +++   7     
1.28    15___15:14:51   48      21    27    3.7     ---   6     
8.11    15___15:15:18   49      21    28    3.79    +++   7     
1.38    15___15:15:33   50      22    28    3.74    ---   6     
6.29    15___15:15:58   51      22    29    3.79    +++   7     
10.32   15___15:16:28   52      22    30    3.92    +++   8     
23.32   15___15:17:8    53      22    31    4.28    +++   9     
10.24   15___15:17:39   54      22    32    4.39    +++   10    
8.17    15___15:18:5    55      22    33    4.46    +++   11    
3.58    15___15:18:26   56      22    34    4.44    +++   12    
1.7     15___15:18:42   57      23    34    4.4     ---   11    
1.31    15___15:18:56   58      24    34    4.34    ---   10    
1.09    15___15:19:9    59      25    34    4.29    ---   9     
1.32    15___15:19:23   60      26    34    4.24    ---   8     
2.15    15___15:19:40   61      26    35    4.2     +++   9     
4.33    15___15:20:2    62      26    36    4.21    +++   10    
1.41    15___15:20:17   63      27    36    4.16    ---   9     
2.01    15___15:20:34   64      27    37    4.13    +++   10    
1.58    15___15:20:49   65      28    37    4.09    ---   9     
1.04    15___15:21:1    66      29    37    4.04    ---   8     
1.76    15___15:21:17   67      30    37    4.01    ---   7     
1.18    15___15:21:31   68      31    37    3.97    ---   6     
3.61    15___15:21:51   69      31    38    3.96    +++   7     
3.44    15___15:22:11   70      31    39    3.95    +++   8     
11.84   15___15:22:43   71      31    40    4.06    +++   9     
1.62    15___15:22:58   72      32    40    4.03    ---   8     
2.05    15___15:23:15   73      32    41    4       +++   9     
1.95    15___15:23:32   74      33    41    3.98    ---   8     
2.16    15___15:23:49   75      33    42    3.95    +++   9     
1.49    15___15:24:4    76      34    42    3.92    ---   8     
2.13    15___15:24:22   77      34    43    3.9     +++   9     
3.29    15___15:24:42   78      34    44    3.89    +++   10    
1.73    15___15:24:58   79      35    44    3.86    ---   9     
1.3     15___15:25:13   80      36    44    3.83    ---   8     
3.82    15___15:25:39   81      36    45    3.83    +++   9     
1.83    15___15:25:49   82      37    45    3.8     ---   8     
2.62    15___15:26:8    83      37    46    3.79    +++   9     
7.93    15___15:26:35   84      37    47    3.84    +++   10    
2.19    15___15:26:53   85      37    48    3.82    +++   11    
2.04    15___15:27:10   86      37    49    3.8     +++   12    
2.13    15___15:27:27   87      37    50    3.78    +++   13    
1.04    15___15:27:39   88      38    50    3.75    ---   12    
1.2     15___15:27:52   89      39    50    3.72    ---   11    
1.7     15___15:28:8    90      40    50    3.7     ---   10    
5.13    15___15:28:31   91      40    51    3.71    +++   11    
13.36   15___15:29:4    92      40    52    3.82    +++   12    
1.26    15___15:29:18   93      41    52    3.79    ---   11    
3.08    15___15:29:38   94      41    53    3.78    +++   12    
1.9     15___15:29:54   95      42    53    3.76    ---   11    
2.81    15___15:30:13   96      42    54    3.75    +++   12    
1.35    15___15:30:27   97      43    54    3.73    ---   11    
1.11    15___15:30:40   98      44    54    3.7     ---   10    
7.51    15___15:31:7    99      44    55    3.74    +++   11    
1.48    15___15:31:25   100     45    55    3.72    ---   10    
2.15    15___15:31:39   101     45    56    3.7     +++   11    
4.43    15___15:32:2    102     45    57    3.71    +++   12    
8.15    15___15:32:29   103     45    58    3.75    +++   13    
1.97    15___15:32:46   104     46    58    3.73    ---   12    
1.19    15___15:33:1    105     47    58    3.71    ---   11    
5.27    15___15:33:31   106     47    59    3.72    +++   12    
22.63   15___15:34:12   107     47    60    3.9     +++   13    
1.01    15___15:34:22   108     48    60    3.87    ---   12    
1.93    15___15:34:41   109     49    60    3.86    ---   11    
15.26   15___15:35:13   110     49    61    3.96    +++   12    
4.25    15___15:35:36   111     49    62    3.96    +++   13    
1.92    15___15:35:52   112     50    62    3.94    ---   12    
1.52    15___15:36:7    113     51    62    3.92    ---   11    
5.95    15___15:36:31   114     51    63    3.94    +++   12    
1.2     15___15:36:45   115     52    63    3.92    ---   11    
4.77    15___15:37:8    116     52    64    3.92    +++   12    
2.95    15___15:37:27   117     52    65    3.92    +++   13    
3.36    15___15:37:47   118     52    66    3.91    +++   14    
1.54    15___15:38:3    119     53    66    3.89    ---   13    
1.27    15___15:38:16   120     54    66    3.87    ---   12    
5.01    15___15:38:40   121     54    67    3.88    +++   13    
1.21    15___15:38:53   122     55    67    3.86    ---   12    
3.22    15___15:39:13   123     55    68    3.85    +++   13    
3.29    15___15:39:33   124     55    69    3.85    +++   14    
1.75    15___15:39:49   125     56    69    3.83    ---   13    
1.46    15___15:40:4    126     57    69    3.81    ---   12    
1.08    15___15:40:17   127     58    69    3.79    ---   11    
9.2     15___15:40:45   128     58    70    3.83    +++   12    
1.02    15___15:40:57   129     59    70    3.81    ---   11    
1.32    15___15:41:11   130     60    70    3.79    ---   10    
1.02    15___15:41:22   131     61    70    3.77    ---   9     
1.64    15___15:41:38   132     62    70    3.75    ---   8     
16.08   15___15:42:13   133     62    71    3.85    +++   9     
1.5     15___15:42:28   134     63    71    3.83    ---   8     
1.01    15___15:42:39   135     64    71    3.81    ---   7     
13.61   15___15:43:12   136     64    72    3.88    +++   8     
10.1    15___15:43:42   137     64    73    3.92    +++   9     
3.43    15___15:44:2    138     64    74    3.92    +++   10    
5.52    15___15:44:26   139     64    75    3.93    +++   11    
1.88    15___15:44:43   140     65    75    3.92    ---   10    
1.55    15___15:44:58   141     66    75    3.9     ---   9     
1.52    15___15:45:13   142     67    75    3.88    ---   8     
17.74   15___15:45:49   143     67    76    3.98    +++   9     
11.13   15___15:46:20   144     67    77    4.03    +++   10    
1.09    15___15:46:33   145     68    77    4.01    ---   9     
1.63    15___15:46:48   146     69    77    3.99    ---   8     
9.03    15___15:47:17   147     69    78    4.03    +++   9     
1.76    15___15:47:33   148     70    78    4.01    ---   8     
2.1     15___15:47:50   149     70    79    4       +++   9     
1.09    15___15:48:2    150     71    79    3.98    ---   8     
12.24   15___15:48:34   151     71    80    4.04    +++   9     
1.47    15___15:48:49   152     72    80    4.02    ---   8     
1.99    15___15:49:6    153     73    80    4.01    ---   7     
2       15___15:49:23   154     73    81    3.99    +++   8     
8.78    15___15:49:51   155     73    82    4.02    +++   9     
1.58    15___15:50:6    156     74    82    4.01    ---   8     
1.11    15___15:50:19   157     75    82    3.99    ---   7     
6.31    15___15:50:44   158     75    83    4       +++   8     
1.63    15___15:51:0    159     76    83    3.99    ---   7     
6.43    15___15:51:25   160     76    84    4       +++   8     
3.41    15___15:51:45   161     76    85    4       +++   9     
1.96    15___15:52:2    162     77    85    3.99    ---   8     
2.71    15___15:52:21   163     77    86    3.98    +++   9     
1.16    15___15:52:34   164     78    86    3.96    ---   8     
1.41    15___15:52:49   165     79    86    3.95    ---   7     
1.1     15___15:53:1    166     80    86    3.93    ---   6     
1.35    15___15:53:16   167     81    86    3.91    ---   5     
1.01    15___15:53:27   168     82    86    3.9     ---   4     
2.23    15___15:53:44   169     82    87    3.89    +++   5     
1.35    15___15:53:59   170     83    87    3.87    ---   4     
1.93    15___15:54:15   171     84    87    3.86    ---   3     
1.71    15___15:54:31   172     85    87    3.85    ---   2     
3.79    15___15:54:52   173     85    88    3.85    +++   3     
16.12   15___15:55:27   174     85    89    3.92    +++   4     
3.66    15___15:55:48   175     85    90    3.92    +++   5     
1.59    15___15:56:4    176     86    90    3.9     ---   4     
1.9     15___15:56:20   177     87    90    3.89    ---   3     
1.58    15___15:56:36   178     88    90    3.88    ---   2     
1.51    15___15:56:51   179     89    90    3.87    ---   1     
2.38    15___15:57:9    180     89    91    3.86    +++   2     
1.29    15___15:57:23   181     90    91    3.84    ---   1     
2.37    15___15:57:41   182     90    92    3.84    +++   2     
1.06    15___15:57:53   183     91    92    3.82    ---   1     
1.88    15___15:58:9    184     92    92    3.81    ---   0     
1.22    15___15:58:23   185     93    92    3.8     ---   -1    
1.22    15___15:58:36   186     94    92    3.78    ---   -2    
1.63    15___15:58:52   187     95    92    3.77    ---   -3    
1.2     15___15:59:5    188     96    92    3.76    ---   -4    
1.52    15___15:59:21   189     97    92    3.74    ---   -5    
1.75    15___15:59:37   190     98    92    3.73    ---   -6    
1.19    15___15:59:50   191     99    92    3.72    ---   -7    
