1.42    15___10:0:13    1       1     0     1.42    ---   -1    
2.52    15___10:0:31    2       1     1     1.97    +++   0     
3.35    15___10:0:52    3       1     2     2.43    +++   1     
26.43   15___10:1:34    4       1     3     8.43    +++   2     
2.47    15___10:1:52    5       1     4     7.23    +++   3     
1.17    15___10:2:6     6       2     4     6.22    ---   2     
2.63    15___10:2:24    7       2     5     5.71    +++   3     
1.44    15___10:2:39    8       3     5     5.17    ---   2     
1.71    15___10:2:55    9       4     5     4.79    ---   1     
1.72    15___10:3:11    10      5     5     4.48    ---   0     
5.06    15___10:3:34    11      5     6     4.53    +++   1     
6.52    15___10:3:59    12      5     7     4.7     +++   2     
3.52    15___10:4:20    13      5     8     4.61    +++   3     
2.37    15___10:4:38    14      5     9     4.45    +++   4     
1.24    15___10:4:51    15      6     9     4.23    ---   3     
2.32    15___10:5:9     16      6     10    4.11    +++   4     
1       15___10:5:20    17      7     10    3.93    ---   3     
1.51    15___10:5:35    18      8     10    3.8     ---   2     
1.36    15___10:5:49    19      9     10    3.67    ---   1     
3.04    15___10:6:9     20      9     11    3.64    +++   2     
1.11    15___10:6:21    21      10    11    3.51    ---   1     
2.05    15___10:6:38    22      10    12    3.45    +++   2     
3.48    15___10:6:59    23      10    13    3.45    +++   3     
1.47    15___10:7:14    24      11    13    3.37    ---   2     
1.2     15___10:7:27    25      12    13    3.28    ---   1     
4.6     15___10:7:50    26      12    14    3.33    +++   2     
1.95    15___10:8:6     27      13    14    3.28    ---   1     
1.67    15___10:8:22    28      14    14    3.22    ---   0     
1       15___10:8:33    29      15    14    3.14    ---   -1    
16.49   15___10:9:8     30      15    15    3.59    +++   0     
3.73    15___10:9:29    31      15    16    3.59    +++   1     
1       15___10:9:40    32      16    16    3.51    ---   0     
1.34    15___10:9:54    33      17    16    3.45    ---   -1    
4.07    15___10:10:16   34      17    17    3.46    +++   0     
1.49    15___10:10:31   35      18    17    3.41    ---   -1    
4.21    15___10:10:52   36      18    18    3.43    +++   0     
1.55    15___10:11:8    37      19    18    3.38    ---   -1    
1.74    15___10:11:24   38      20    18    3.34    ---   -2    
2.47    15___10:11:42   39      20    19    3.31    +++   -1    
2.67    15___10:12:1    40      20    20    3.3     +++   0     
2.38    15___10:12:19   41      20    21    3.27    +++   1     
1.47    15___10:12:33   42      21    21    3.23    ---   0     
1       15___10:12:44   43      22    21    3.18    ---   -1    
1.74    15___10:13:0    44      23    21    3.15    ---   -2    
1.05    15___10:13:12   45      24    21    3.1     ---   -3    
1.43    15___10:13:27   46      25    21    3.06    ---   -4    
1.11    15___10:13:39   47      26    21    3.02    ---   -5    
1.05    15___10:13:51   48      27    21    2.98    ---   -6    
10.5    15___10:14:21   49      27    22    3.13    +++   -5    
2.75    15___10:14:40   50      27    23    3.13    +++   -4    
5       15___10:15:3    51      27    24    3.16    +++   -3    
1.65    15___10:15:19   52      28    24    3.13    ---   -4    
4.17    15___10:15:41   53      28    25    3.15    +++   -3    
3.7     15___10:16:2    54      28    26    3.16    +++   -2    
5.66    15___10:16:26   55      28    27    3.21    +++   -1    
1.31    15___10:16:40   56      29    27    3.17    ---   -2    
1.06    15___10:16:52   57      30    27    3.14    ---   -3    
3.61    15___10:17:13   58      30    28    3.15    +++   -2    
1.24    15___10:17:26   59      31    28    3.11    ---   -3    
31.1    15___10:18:12   60      31    29    3.58    +++   -2    
1.95    15___10:18:28   61      32    29    3.55    ---   -3    
3.15    15___10:18:48   62      32    30    3.55    +++   -2    
1.96    15___10:19:5    63      33    30    3.52    ---   -3    
1.29    15___10:19:19   64      34    30    3.49    ---   -4    
1.98    15___10:19:36   65      35    30    3.46    ---   -5    
2.01    15___10:19:53   66      35    31    3.44    +++   -4    
2.54    15___10:20:11   67      35    32    3.43    +++   -3    
1.19    15___10:20:24   68      36    32    3.39    ---   -4    
7.89    15___10:20:51   69      36    33    3.46    +++   -3    
8.33    15___10:21:19   70      36    34    3.53    +++   -2    
1.31    15___10:21:33   71      37    34    3.5     ---   -3    
5.05    15___10:21:56   72      37    35    3.52    +++   -2    
27.98   15___10:22:40   73      37    36    3.85    +++   -1    
2.75    15___10:22:59   74      37    37    3.84    +++   0     
4.02    15___10:23:20   75      37    38    3.84    +++   1     
1.34    15___10:23:34   76      38    38    3.81    ---   0     
1.81    15___10:23:51   77      39    38    3.78    ---   -1    
1.94    15___10:24:7    78      40    38    3.76    ---   -2    
1.32    15___10:24:21   79      41    38    3.73    ---   -3    
32.45   15___10:25:7    80      41    39    4.09    +++   -2    
1.4     15___10:25:22   81      42    39    4.05    ---   -3    
2.76    15___10:25:41   82      42    40    4.04    +++   -2    
22.31   15___10:26:21   83      42    41    4.26    +++   -1    
1.78    15___10:26:37   84      43    41    4.23    ---   -2    
10.88   15___10:27:7    85      43    42    4.31    +++   -1    
2.51    15___10:27:26   86      43    43    4.29    +++   0     
1.78    15___10:27:42   87      44    43    4.26    ---   -1    
1.78    15___10:27:58   88      45    43    4.23    ---   -2    
5.63    15___10:28:22   89      45    44    4.24    +++   -1    
8.46    15___10:28:50   90      45    45    4.29    +++   0     
1.28    15___10:29:4    91      46    45    4.26    ---   -1    
5.98    15___10:29:28   92      46    46    4.28    +++   0     
1.25    15___10:29:42   93      47    46    4.24    ---   -1    
1.65    15___10:29:58   94      48    46    4.22    ---   -2    
29.05   15___10:30:42   95      48    47    4.48    +++   -1    
1.34    15___10:30:56   96      49    47    4.44    ---   -2    
9.91    15___10:31:25   97      49    48    4.5     +++   -1    
1.94    15___10:31:42   98      50    48    4.47    ---   -2    
1.74    15___10:31:58   99      51    48    4.45    ---   -3    
1.99    15___10:32:15   100     52    48    4.42    ---   -4    
1.69    15___10:32:31   101     53    48    4.4     ---   -5    
7.98    15___10:32:58   102     53    49    4.43    +++   -4    
8.91    15___10:33:26   103     53    50    4.47    +++   -3    
1.62    15___10:33:42   104     54    50    4.45    ---   -4    
1.22    15___10:33:55   105     55    50    4.42    ---   -5    
2.03    15___10:34:12   106     55    51    4.39    +++   -4    
3.86    15___10:34:34   107     55    52    4.39    +++   -3    
1.17    15___10:34:47   108     56    52    4.36    ---   -4    
1.38    15___10:35:1    109     57    52    4.33    ---   -5    
1.86    15___10:35:18   110     58    52    4.31    ---   -6    
3.69    15___10:35:39   111     58    53    4.3     +++   -5    
1.19    15___10:35:52   112     59    53    4.27    ---   -6    
1.64    15___10:36:7    113     60    53    4.25    ---   -7    
3.29    15___10:36:28   114     60    54    4.24    +++   -6    
1.05    15___10:36:40   115     61    54    4.22    ---   -7    
5.04    15___10:37:3    116     61    55    4.22    +++   -6    
1.97    15___10:37:20   117     62    55    4.2     ---   -7    
8.12    15___10:37:47   118     62    56    4.24    +++   -6    
3.34    15___10:38:7    119     62    57    4.23    +++   -5    
2.41    15___10:38:25   120     62    58    4.21    +++   -4    
2.78    15___10:38:44   121     62    59    4.2     +++   -3    
1.14    15___10:38:57   122     63    59    4.18    ---   -4    
1.26    15___10:39:11   123     64    59    4.15    ---   -5    
1.32    15___10:39:25   124     65    59    4.13    ---   -6    
1.38    15___10:39:40   125     66    59    4.11    ---   -7    
3.33    15___10:40:0    126     66    60    4.1     +++   -6    
6.86    15___10:40:26   127     66    61    4.12    +++   -5    
1.34    15___10:40:40   128     67    61    4.1     ---   -6    
4.88    15___10:41:3    129     67    62    4.11    +++   -5    
9.13    15___10:41:31   130     67    63    4.15    +++   -4    
12.31   15___10:42:3    131     67    64    4.21    +++   -3    
1.08    15___10:42:16   132     68    64    4.18    ---   -4    
2.02    15___10:42:32   133     68    65    4.17    +++   -3    
1.46    15___10:42:47   134     69    65    4.15    ---   -4    
1.18    15___10:43:1    135     70    65    4.13    ---   -5    
1.18    15___10:43:14   136     71    65    4.1     ---   -6    
2.19    15___10:43:31   137     71    66    4.09    +++   -5    
1.38    15___10:43:46   138     72    66    4.07    ---   -6    
3.41    15___10:44:6    139     72    67    4.07    +++   -5    
2.78    15___10:44:25   140     72    68    4.06    +++   -4    
1.07    15___10:44:37   141     73    68    4.04    ---   -5    
8.01    15___10:45:5    142     73    69    4.06    +++   -4    
2.34    15___10:45:22   143     73    70    4.05    +++   -3    
1.25    15___10:45:36   144     74    70    4.03    ---   -4    
4.41    15___10:45:58   145     74    71    4.03    +++   -3    
2.42    15___10:46:16   146     74    72    4.02    +++   -2    
1.02    15___10:46:28   147     75    72    4       ---   -3    
1.28    15___10:46:42   148     76    72    3.98    ---   -4    
1.41    15___10:46:56   149     77    72    3.97    ---   -5    
1.32    15___10:47:11   150     78    72    3.95    ---   -6    
2.82    15___10:47:30   151     78    73    3.94    +++   -5    
1.98    15___10:47:47   152     79    73    3.93    ---   -6    
1.42    15___10:48:1    153     80    73    3.91    ---   -7    
4.93    15___10:48:24   154     80    74    3.92    +++   -6    
6.45    15___10:48:50   155     80    75    3.94    +++   -5    
4.82    15___10:49:12   156     80    76    3.94    +++   -4    
33.57   15___10:49:59   157     80    77    4.13    +++   -3    
1.7     15___10:50:15   158     81    77    4.11    ---   -4    
16.65   15___10:50:50   159     81    78    4.19    +++   -3    
1.21    15___10:51:4    160     82    78    4.17    ---   -4    
3       15___10:51:23   161     82    79    4.17    +++   -3    
1.02    15___10:51:35   162     83    79    4.15    ---   -4    
3.29    15___10:51:55   163     83    80    4.14    +++   -3    
2.05    15___10:52:12   164     83    81    4.13    +++   -2    
1.17    15___10:52:25   165     84    81    4.11    ---   -3    
7.01    15___10:52:51   166     84    82    4.13    +++   -2    
1.51    15___10:53:6    167     85    82    4.11    ---   -3    
1.67    15___10:53:22   168     86    82    4.1     ---   -4    
1.17    15___10:53:35   169     87    82    4.08    ---   -5    
2.9     15___10:53:54   170     87    83    4.07    +++   -4    
3.4     15___10:54:15   171     87    84    4.07    +++   -3    
1.02    15___10:54:26   172     88    84    4.05    ---   -4    
4.92    15___10:54:49   173     88    85    4.06    +++   -3    
2.5     15___10:55:8    174     88    86    4.05    +++   -2    
3.1     15___10:55:27   175     88    87    4.04    +++   -1    
1.37    15___10:55:42   176     89    87    4.03    ---   -2    
2.2     15___10:55:59   177     89    88    4.02    +++   -1    
1.23    15___10:56:13   178     90    88    4       ---   -2    
7.03    15___10:56:39   179     90    89    4.02    +++   -1    
4.09    15___10:57:0    180     90    90    4.02    +++   0     
