8.36    15___9:42:4     1       0     1     8.36    +++   1     
2.28    15___9:42:22    2       0     2     5.31    +++   2     
1.05    15___9:42:34    3       1     2     3.89    ---   1     
1.17    15___9:42:47    4       2     2     3.21    ---   0     
10.89   15___9:43:18    5       2     3     4.75    +++   1     
1       15___9:43:28    6       3     3     4.12    ---   0     
1.51    15___9:43:43    7       4     3     3.75    ---   -1    
13.39   15___9:44:16    8       4     4     4.95    +++   0     
7.47    15___9:44:43    9       4     5     5.23    +++   1     
1.7     15___9:44:58    10      5     5     4.88    ---   0     
6.68    15___9:45:24    11      5     6     5.04    +++   1     
1.33    15___9:45:38    12      6     6     4.73    ---   0     
4       15___9:46:0     13      6     7     4.67    +++   1     
1       15___9:46:10    14      7     7     4.41    ---   0     
1       15___9:46:21    15      8     7     4.18    ---   -1    
2.29    15___9:46:39    16      8     8     4.07    +++   0     
31.9    15___9:47:24    17      8     9     5.7     +++   1     
1.19    15___9:47:38    18      9     9     5.45    ---   0     
6.28    15___9:48:3     19      9     10    5.49    +++   1     
1.3     15___9:48:17    20      10    10    5.28    ---   0     
29.72   15___9:49:1     21      10    11    6.45    +++   1     
1.57    15___9:49:16    22      11    11    6.23    ---   0     
3.49    15___9:49:37    23      11    12    6.11    +++   1     
2.4     15___9:49:56    24      11    13    5.95    +++   2     
4.31    15___9:50:17    25      11    14    5.89    +++   3     
1.07    15___9:50:29    26      12    14    5.7     ---   2     
1.78    15___9:50:46    27      13    14    5.56    ---   1     
1.03    15___9:50:57    28      14    14    5.39    ---   0     
1.65    15___9:51:13    29      15    14    5.26    ---   -1    
18.9    15___9:51:50    30      15    15    5.72    +++   0     
26.79   15___9:52:33    31      15    16    6.4     +++   1     
2.13    15___9:52:50    32      15    17    6.26    +++   2     
2.03    15___9:53:7     33      15    18    6.14    +++   3     
1.69    15___9:53:23    34      16    18    6.01    ---   2     
3.06    15___9:53:42    35      16    19    5.92    +++   3     
1.22    15___9:53:56    36      17    19    5.79    ---   2     
2.33    15___9:54:14    37      17    20    5.7     +++   3     
1.56    15___9:54:29    38      18    20    5.59    ---   2     
1.7     15___9:54:45    39      19    20    5.49    ---   1     
2.23    15___9:55:2     40      19    21    5.41    +++   2     
1.13    15___9:55:15    41      20    21    5.3     ---   1     
1.94    15___9:55:32    42      21    21    5.22    ---   0     
16.35   15___9:56:7     43      21    22    5.48    +++   1     
2.3     15___9:56:25    44      21    23    5.41    +++   2     
2.14    15___9:56:42    45      21    24    5.34    +++   3     
2.14    15___9:57:0     46      21    25    5.27    +++   4     
1.1     15___9:57:12    47      22    25    5.18    ---   3     
1.87    15___9:57:29    48      23    25    5.11    ---   2     
1.05    15___9:57:41    49      24    25    5.02    ---   1     
1.27    15___9:57:54    50      25    25    4.95    ---   0     
10.11   15___9:58:24    51      25    26    5.05    +++   1     
1.56    15___9:58:39    52      26    26    4.98    ---   0     
2.27    15___9:58:57    53      26    27    4.93    +++   1     
1.37    15___9:59:11    54      27    27    4.87    ---   0     
1.96    15___9:59:28    55      28    27    4.81    ---   -1    
1.02    15___9:59:40    56      29    27    4.75    ---   -2    
2.76    15___9:59:59    57      29    28    4.71    +++   -1    
