5.32    18___14:0:12    1       0     1     5.32    +++   1     
1.27    18___14:0:26    2       1     1     3.29    ---   0     
1.23    18___14:0:40    3       2     1     2.6     ---   -1    
20.37   18___14:1:18    4       2     2     7.04    +++   0     
1.05    18___14:1:30    5       3     2     5.84    ---   -1    
1.56    18___14:1:45    6       4     2     5.13    ---   -2    
1.07    18___14:1:58    7       5     2     4.55    ---   -3    
1.56    18___14:2:13    8       6     2     4.17    ---   -4    
4.11    18___14:2:35    9       6     3     4.17    +++   -3    
1.5     18___14:2:50    10      7     3     3.9     ---   -4    
5.22    18___14:3:13    11      7     4     4.02    +++   -3    
1.09    18___14:3:26    12      8     4     3.77    ---   -4    
1.66    18___14:3:41    13      9     4     3.61    ---   -5    
25.64   18___14:4:23    14      9     5     5.18    +++   -4    
1.73    18___14:4:39    15      10    5     4.95    ---   -5    
1.58    18___14:4:55    16      11    5     4.74    ---   -6    
4.88    18___14:5:18    17      11    6     4.75    +++   -5    
1.61    18___14:5:33    18      12    6     4.58    ---   -6    
13.61   18___14:10:25   1       0     1     13.61   +++   1     
3.61    18___14:10:46   2       0     2     8.61    +++   2     
1.13    18___14:10:59   3       1     2     6.11    ---   1     
1.35    18___14:11:13   4       2     2     4.92    ---   0     
1.47    18___14:11:28   5       3     2     4.23    ---   -1    
1.18    18___14:11:41   6       4     2     3.72    ---   -2    
12.45   18___14:12:13   7       4     3     4.97    +++   -1    
2.19    18___14:12:31   8       4     4     4.62    +++   0     
1       18___14:12:41   9       5     4     4.22    ---   -1    
1.66    18___14:12:57   10      6     4     3.96    ---   -2    
3.27    18___14:13:17   11      6     5     3.9     +++   -1    
5.56    18___14:13:41   12      6     6     4.04    +++   0     
1.77    18___14:13:57   13      7     6     3.86    ---   -1    
1.54    18___14:14:12   14      8     6     3.69    ---   -2    
3.27    18___14:14:32   15      8     7     3.67    +++   -1    
1.31    18___14:14:46   16      9     7     3.52    ---   -2    
2.66    18___14:15:5    17      9     8     3.47    +++   -1    
1.73    18___14:15:21   18      10    8     3.37    ---   -2    
6.12    18___14:15:46   19      10    9     3.51    +++   -1    
2.93    18___14:16:5    20      10    10    3.49    +++   0     
2.54    18___14:16:24   21      10    11    3.44    +++   1     
7.63    18___14:16:51   22      10    12    3.63    +++   2     
10.37   18___14:17:20   23      10    13    3.92    +++   3     
1.59    18___14:17:36   24      11    13    3.83    ---   2     
3.91    18___14:17:57   25      11    14    3.83    +++   3     
1.65    18___14:18:13   26      12    14    3.75    ---   2     
1.27    18___14:18:27   27      13    14    3.65    ---   1     
2.7     18___14:18:45   28      13    15    3.62    +++   2     
2.59    18___14:19:4    29      13    16    3.58    +++   3     
2.86    18___14:19:23   30      13    17    3.56    +++   4     
2.59    18___14:19:42   31      13    18    3.53    +++   5     
1.04    18___14:19:53   32      14    18    3.45    ---   4     
4.69    18___14:20:16   33      14    19    3.49    +++   5     
3.95    18___14:20:38   34      14    20    3.5     +++   6     
1.01    18___14:20:49   35      15    20    3.43    ---   5     
6.46    18___14:21:14   36      15    21    3.51    +++   6     
4.92    18___14:21:37   37      15    22    3.55    +++   7     
1.2     18___14:21:51   38      16    22    3.49    ---   6     
1.36    18___14:22:5    39      17    22    3.43    ---   5     
1.51    18___14:22:20   40      18    22    3.39    ---   4     
1.37    18___14:22:34   41      19    22    3.34    ---   3     
1       18___14:22:45   42      20    22    3.28    ---   2     
1.78    18___14:23:1    43      21    22    3.25    ---   1     
4.93    18___14:23:24   44      21    23    3.28    +++   2     
1.13    18___14:23:37   45      22    23    3.24    ---   1     
1       18___14:23:48   46      23    23    3.19    ---   0     
1.39    18___14:24:2    47      24    23    3.15    ---   -1    
1.23    18___14:24:16   48      25    23    3.11    ---   -2    
2.93    18___14:24:35   49      25    24    3.11    +++   -1    
1.21    18___14:24:48   50      26    24    3.07    ---   -2    
6.13    18___14:25:13   51      26    25    3.13    +++   -1    
1.77    18___14:25:29   52      27    25    3.1     ---   -2    
1.44    18___14:25:44   53      28    25    3.07    ---   -3    
3.71    18___14:26:5    54      28    26    3.08    +++   -2    
3.04    18___14:26:25   55      28    27    3.08    +++   -1    
1.18    18___14:26:38   56      29    27    3.05    ---   -2    
1.35    18___14:26:52   57      30    27    3.02    ---   -3    
2.14    18___14:27:10   58      30    28    3       +++   -2    
1.31    18___14:27:24   59      31    28    2.97    ---   -3    
1.2     18___14:27:37   60      32    28    2.94    ---   -4    
3.22    18___14:27:57   61      32    29    2.95    +++   -3    
1.45    18___14:28:12   62      33    29    2.92    ---   -4    
1.37    18___14:28:26   63      34    29    2.9     ---   -5    
12.74   18___14:28:58   64      34    30    3.05    +++   -4    
1.04    18___14:29:10   65      35    30    3.02    ---   -5    
1.59    18___14:29:26   66      36    30    3       ---   -6    
1.48    18___14:29:41   67      37    30    2.98    ---   -7    
7.03    18___14:30:7    68      37    31    3.04    +++   -6    
16.42   18___14:30:42   69      37    32    3.23    +++   -5    
2.13    18___14:30:59   70      37    33    3.21    +++   -4    
25.17   18___14:31:41   71      37    34    3.52    +++   -3    
9.91    18___14:32:10   72      37    35    3.61    +++   -2    
1.45    18___14:32:25   73      38    35    3.58    ---   -3    
1.28    18___14:32:39   74      39    35    3.55    ---   -4    
3.74    18___14:33:0    75      39    36    3.55    +++   -3    
1.58    18___14:33:15   76      40    36    3.53    ---   -4    
1.67    18___14:33:31   77      41    36    3.5     ---   -5    
4.43    18___14:33:53   78      41    37    3.52    +++   -4    
2.38    18___14:34:11   79      41    38    3.5     +++   -3    
1.01    18___14:34:22   80      42    38    3.47    ---   -4    
1.72    18___14:34:38   81      43    38    3.45    ---   -5    
18.53   18___14:35:15   82      43    39    3.63    +++   -4    
1.5     18___14:35:30   83      44    39    3.61    ---   -5    
15.17   18___14:36:5    84      44    40    3.74    +++   -4    
2.31    18___14:36:22   85      44    41    3.73    +++   -3    
1.35    18___14:36:37   86      45    41    3.7     ---   -4    
1.8     18___14:36:53   87      46    41    3.68    ---   -5    
1.28    18___14:37:7    88      47    41    3.65    ---   -6    
32.73   18___14:37:53   89      47    42    3.98    +++   -5    
2.71    18___14:38:12   90      47    43    3.96    +++   -4    
8.56    18___14:38:40   91      47    44    4.01    +++   -3    
1.03    18___14:38:51   92      48    44    3.98    ---   -4    
4.34    18___14:39:13   93      48    45    3.98    +++   -3    
1.99    18___14:39:30   94      49    45    3.96    ---   -4    
1.07    18___14:39:43   95      50    45    3.93    ---   -5    
1.35    18___14:39:57   96      51    45    3.91    ---   -6    
1.38    18___14:40:11   97      52    45    3.88    ---   -7    
2.44    18___14:40:29   98      52    46    3.86    +++   -6    
1.84    18___14:40:46   99      53    46    3.84    ---   -7    
1.17    18___14:40:59   100     54    46    3.82    ---   -8    
1.47    18___14:41:14   101     55    46    3.79    ---   -9    
6.47    18___14:41:39   102     55    47    3.82    +++   -8    
1.41    18___14:41:54   103     56    47    3.8     ---   -9    
1       18___14:42:4    104     57    47    3.77    ---   -10   
1.01    18___14:42:16   105     58    47    3.74    ---   -11   
1.64    18___14:42:31   106     59    47    3.72    ---   -12   
1.49    18___14:42:46   107     60    47    3.7     ---   -13   
20.64   18___14:43:25   108     60    48    3.86    +++   -12   
11.88   18___14:43:56   109     60    49    3.93    +++   -11   
1.54    18___14:44:11   110     61    49    3.91    ---   -12   
9.85    18___14:44:41   111     61    50    3.96    +++   -11   
1.46    18___14:44:55   112     62    50    3.94    ---   -12   
4.21    18___14:45:17   113     62    51    3.94    +++   -11   
1.01    18___14:45:28   114     63    51    3.92    ---   -12   
4.65    18___14:45:51   115     63    52    3.93    +++   -11   
3.14    18___14:46:11   116     63    53    3.92    +++   -10   
1.1     18___14:46:23   117     64    53    3.89    ---   -11   
2.67    18___14:46:42   118     64    54    3.88    +++   -10   
2.21    18___14:47:0    119     64    55    3.87    +++   -9    
2.32    18___14:47:17   120     64    56    3.86    +++   -8    
1.25    18___14:47:31   121     65    56    3.84    ---   -9    
26.33   18___14:48:14   122     65    57    4.02    +++   -8    
8.13    18___14:48:41   123     65    58    4.05    +++   -7    
3.92    18___14:49:2    124     65    59    4.05    +++   -6    
2.5     18___14:49:21   125     65    60    4.04    +++   -5    
1.53    18___14:49:36   126     66    60    4.02    ---   -6    
2.34    18___14:49:54   127     66    61    4.01    +++   -5    
1.27    18___14:50:7    128     67    61    3.98    ---   -6    
1.75    18___14:50:23   129     68    61    3.97    ---   -7    
1.13    18___14:50:36   130     69    61    3.95    ---   -8    
1.51    18___14:50:51   131     70    61    3.93    ---   -9    
1.89    18___14:51:8    132     71    61    3.91    ---   -10   
1.17    18___14:51:21   133     72    61    3.89    ---   -11   
2.09    18___14:51:38   134     72    62    3.88    +++   -10   
1.68    18___14:51:54   135     73    62    3.86    ---   -11   
1.15    18___14:52:7    136     74    62    3.84    ---   -12   
8.96    18___14:52:35   137     74    63    3.88    +++   -11   
4.47    18___14:52:58   138     74    64    3.88    +++   -10   
1       18___14:53:8    139     75    64    3.86    ---   -11   
2.96    18___14:53:28   140     75    65    3.86    +++   -10   
1.45    18___14:53:42   141     76    65    3.84    ---   -11   
1.83    18___14:53:59   142     77    65    3.82    ---   -12   
1.04    18___14:54:10   143     78    65    3.8     ---   -13   
2.63    18___14:54:29   144     78    66    3.8     +++   -12   
1.3     18___14:54:43   145     79    66    3.78    ---   -13   
7.26    18___14:55:9    146     79    67    3.8     +++   -12   
1.16    18___14:55:23   147     80    67    3.78    ---   -13   
1.64    18___14:55:38   148     81    67    3.77    ---   -14   
2.07    18___14:55:55   149     81    68    3.76    +++   -13   
6.39    18___14:56:20   150     81    69    3.78    +++   -12   
4.97    18___14:56:44   151     81    70    3.78    +++   -11   
2.86    18___14:57:3    152     81    71    3.78    +++   -10   
5.45    18___14:57:27   153     81    72    3.79    +++   -9    
1.02    18___14:57:38   154     82    72    3.77    ---   -10   
1.28    18___14:57:52   155     83    72    3.76    ---   -11   
1.79    18___14:58:8    156     84    72    3.74    ---   -12   
1.78    18___14:58:24   157     85    72    3.73    ---   -13   
1.22    18___14:58:38   158     86    72    3.71    ---   -14   
1.05    18___14:58:50   159     87    72    3.7     ---   -15   
2.88    18___14:59:9    160     87    73    3.69    +++   -14   
17.16   18___14:59:45   161     87    74    3.78    +++   -13   
