2.44    18___12:0:14    1       0     1     2.44    +++   1     
1.08    18___12:0:27    2       1     1     1.76    ---   0     
1.06    18___12:0:39    3       2     1     1.52    ---   -1    
5.41    18___12:1:3     4       2     2     2.49    +++   0     
1.98    18___12:1:20    5       3     2     2.39    ---   -1    
11.61   18___12:1:51    6       3     3     3.93    +++   0     
2.77    18___12:2:10    7       3     4     3.76    +++   1     
2.56    18___12:2:28    8       3     5     3.61    +++   2     
1.24    18___12:2:42    9       4     5     3.34    ---   1     
2.89    18___12:3:1     10      4     6     3.3     +++   2     
1.1     18___12:3:13    11      5     6     3.1     ---   1     
1.11    18___12:3:26    12      6     6     2.93    ---   0     
1.17    18___12:3:39    13      7     6     2.8     ---   -1    
2.14    18___12:3:57    14      7     7     2.75    +++   0     
1.78    18___12:4:13    15      8     7     2.68    ---   -1    
2.52    18___12:4:31    16      8     8     2.67    +++   0     
4.97    18___12:4:54    17      8     9     2.81    +++   1     
2.99    18___12:5:14    18      8     10    2.82    +++   2     
6.48    18___12:5:39    19      8     11    3.01    +++   3     
1       18___12:5:49    20      9     11    2.91    ---   2     
2.62    18___12:6:8     21      9     12    2.9     +++   3     
1.51    18___12:6:23    22      10    12    2.83    ---   2     
1.61    18___12:6:39    23      11    12    2.78    ---   1     
1.27    18___12:6:52    24      12    12    2.72    ---   0     
1.25    18___12:7:6     25      13    12    2.66    ---   -1    
1.03    18___12:7:18    26      14    12    2.59    ---   -2    
3.27    18___12:7:38    27      14    13    2.62    +++   -1    
1.2     18___12:7:51    28      15    13    2.57    ---   -2    
1.38    18___12:8:6     29      16    13    2.53    ---   -3    
2.42    18___12:8:24    30      16    14    2.52    +++   -2    
4.76    18___12:8:47    31      16    15    2.6     +++   -1    
1.29    18___12:9:0     32      17    15    2.55    ---   -2    
8.62    18___12:9:28    33      17    16    2.74    +++   -1    
1.2     18___12:9:42    34      18    16    2.69    ---   -2    
3.28    18___12:10:2    35      18    17    2.71    +++   -1    
3.76    18___12:10:23   36      18    18    2.74    +++   0     
1.17    18___12:10:36   37      19    18    2.7     ---   -1    
1       18___12:10:47   38      20    18    2.65    ---   -2    
1.14    18___12:11:0    39      21    18    2.61    ---   -3    
5.98    18___12:11:24   40      21    19    2.7     +++   -2    
2.89    18___12:11:43   41      21    20    2.7     +++   -1    
1       18___12:11:54   42      22    20    2.66    ---   -2    
5.63    18___12:12:18   43      22    21    2.73    +++   -1    
3.72    18___12:12:39   44      22    22    2.75    +++   0     
21.07   18___12:13:18   45      22    23    3.16    +++   1     
6.1     18___12:13:43   46      22    24    3.22    +++   2     
2.87    18___12:14:2    47      22    25    3.22    +++   3     
1.34    18___12:14:16   48      23    25    3.18    ---   2     
1.31    18___12:14:30   49      24    25    3.14    ---   1     
1.15    18___12:14:43   50      25    25    3.1     ---   0     
12.04   18___12:15:15   51      25    26    3.27    +++   1     
4.08    18___12:15:36   52      25    27    3.29    +++   2     
1.68    18___12:15:52   53      26    27    3.26    ---   1     
5.57    18___12:16:16   54      26    28    3.3     +++   2     
1.68    18___12:16:32   55      27    28    3.27    ---   1     
2.33    18___12:16:50   56      27    29    3.25    +++   2     
1.7     18___12:17:6    57      28    29    3.23    ---   1     
1.61    18___12:17:21   58      29    29    3.2     ---   0     
4.91    18___12:17:44   59      29    30    3.23    +++   1     
1.83    18___12:18:0    60      30    30    3.2     ---   0     
1.1     18___12:18:13   61      31    30    3.17    ---   -1    
3.7     18___12:18:34   62      31    31    3.18    +++   0     
1.49    18___12:18:49   63      32    31    3.15    ---   -1    
1.62    18___12:19:4    64      33    31    3.13    ---   -2    
3.18    18___12:19:24   65      33    32    3.13    +++   -1    
3.6     18___12:19:45   66      33    33    3.14    +++   0     
4.58    18___12:20:7    67      33    34    3.16    +++   1     
1.64    18___12:20:23   68      34    34    3.13    ---   0     
1.08    18___12:20:35   69      35    34    3.1     ---   -1    
1.14    18___12:20:48   70      36    34    3.08    ---   -2    
1       18___12:20:59   71      37    34    3.05    ---   -3    
1.61    18___12:21:14   72      38    34    3.03    ---   -4    
1.13    18___12:21:27   73      39    34    3       ---   -5    
1.88    18___12:21:44   74      40    34    2.99    ---   -6    
1.41    18___12:21:58   75      41    34    2.96    ---   -7    
1.49    18___12:22:13   76      42    34    2.95    ---   -8    
3.79    18___12:22:34   77      42    35    2.96    +++   -7    
2.5     18___12:22:53   78      42    36    2.95    +++   -6    
1.15    18___12:23:6    79      43    36    2.93    ---   -7    
2.49    18___12:23:24   80      43    37    2.92    +++   -6    
2.42    18___12:23:42   81      43    38    2.92    +++   -5    
5.7     18___12:24:6    82      43    39    2.95    +++   -4    
5.27    18___12:24:30   83      43    40    2.98    +++   -3    
2.63    18___12:24:48   84      43    41    2.97    +++   -2    
1.29    18___12:25:2    85      44    41    2.95    ---   -3    
2.36    18___12:25:20   86      44    42    2.95    +++   -2    
1.86    18___12:25:37   87      45    42    2.93    ---   -3    
2       18___12:25:53   88      45    43    2.92    +++   -2    
1.78    18___12:26:10   89      46    43    2.91    ---   -3    
2.91    18___12:26:29   90      46    44    2.91    +++   -2    
12.08   18___12:27:0    91      46    45    3.01    +++   -1    
4.47    18___12:27:23   92      46    46    3.03    +++   0     
2.56    18___12:27:41   93      46    47    3.02    +++   1     
2.02    18___12:27:58   94      46    48    3.01    +++   2     
1.59    18___12:28:14   95      47    48    3       ---   1     
1.84    18___12:28:30   96      48    48    2.98    ---   0     
1.2     18___12:28:43   97      49    48    2.97    ---   -1    
15.95   18___12:29:18   98      49    49    3.1     +++   0     
3.95    18___12:29:40   99      49    50    3.11    +++   1     
2.11    18___12:29:57   100     49    51    3.1     +++   2     
20.51   18___12:30:35   101     49    52    3.27    +++   3     
1.48    18___12:30:50   102     50    52    3.25    ---   2     
1.54    18___12:31:5    103     51    52    3.23    ---   1     
1.81    18___12:31:22   104     52    52    3.22    ---   0     
4.98    18___12:31:45   105     52    53    3.24    +++   1     
5.39    18___12:32:9    106     52    54    3.26    +++   2     
3.15    18___12:32:28   107     52    55    3.26    +++   3     
6.22    18___12:32:53   108     52    56    3.28    +++   4     
3.95    18___12:33:15   109     52    57    3.29    +++   5     
4.25    18___12:33:37   110     52    58    3.3     +++   6     
2.77    18___12:33:56   111     52    59    3.29    +++   7     
4.16    18___12:34:17   112     52    60    3.3     +++   8     
1.08    18___12:34:30   113     53    60    3.28    ---   7     
5.73    18___12:34:54   114     53    61    3.3     +++   8     
1.47    18___12:35:9    115     54    61    3.29    ---   7     
1.06    18___12:35:21   116     55    61    3.27    ---   6     
5.9     18___12:35:45   117     55    62    3.29    +++   7     
1.76    18___12:36:2    118     56    62    3.28    ---   6     
2.15    18___12:36:19   119     56    63    3.27    +++   7     
1.93    18___12:36:36   120     57    63    3.26    ---   6     
1.75    18___12:36:52   121     58    63    3.24    ---   5     
1       18___12:37:2    122     59    63    3.23    ---   4     
1.14    18___12:37:15   123     60    63    3.21    ---   3     
1.66    18___12:37:31   124     61    63    3.2     ---   2     
1.68    18___12:37:46   125     62    63    3.18    ---   1     
1.01    18___12:37:58   126     63    63    3.17    ---   0     
1.19    18___12:38:11   127     64    63    3.15    ---   -1    
4.58    18___12:38:33   128     64    64    3.16    +++   0     
2.92    18___12:38:53   129     64    65    3.16    +++   1     
2.32    18___12:39:10   130     64    66    3.15    +++   2     
1.03    18___12:39:22   131     65    66    3.14    ---   1     
1.07    18___12:39:34   132     66    66    3.12    ---   0     
1.88    18___12:39:51   133     67    66    3.11    ---   -1    
1.03    18___12:40:2    134     68    66    3.1     ---   -2    
5.96    18___12:40:27   135     68    67    3.12    +++   -1    
1.16    18___12:40:40   136     69    67    3.1     ---   -2    
1.32    18___12:40:54   137     70    67    3.09    ---   -3    
2.47    18___12:41:12   138     70    68    3.09    +++   -2    
1.06    18___12:41:25   139     71    68    3.07    ---   -3    
4.75    18___12:41:47   140     71    69    3.08    +++   -2    
5.98    18___12:42:12   141     71    70    3.1     +++   -1    
1.4     18___12:42:27   142     72    70    3.09    ---   -2    
1.25    18___12:42:40   143     73    70    3.08    ---   -3    
2.4     18___12:42:58   144     73    71    3.07    +++   -2    
18.17   18___12:43:35   145     73    72    3.18    +++   -1    
1.51    18___12:43:50   146     74    72    3.17    ---   -2    
1.37    18___12:44:4    147     75    72    3.15    ---   -3    
1.05    18___12:44:16   148     76    72    3.14    ---   -4    
3.13    18___12:44:36   149     76    73    3.14    +++   -3    
3.51    18___12:44:57   150     76    74    3.14    +++   -2    
1.2     18___12:45:10   151     77    74    3.13    ---   -3    
1.55    18___12:45:25   152     78    74    3.12    ---   -4    
2.77    18___12:45:44   153     78    75    3.12    +++   -3    
1.08    18___12:45:57   154     79    75    3.1     ---   -4    
2.9     18___12:46:16   155     79    76    3.1     +++   -3    
4.54    18___12:46:38   156     79    77    3.11    +++   -2    
7.18    18___12:47:5    157     79    78    3.14    +++   -1    
3.11    18___12:47:24   158     79    79    3.14    +++   0     
1.04    18___12:47:36   159     80    79    3.12    ---   -1    
1.12    18___12:47:49   160     81    79    3.11    ---   -2    
2.13    18___12:48:6    161     81    80    3.11    +++   -1    
1.08    18___12:48:18   162     82    80    3.09    ---   -2    
4.16    18___12:48:40   163     82    81    3.1     +++   -1    
2.21    18___12:48:58   164     82    82    3.09    +++   0     
26.45   18___12:49:40   165     82    83    3.24    +++   1     
34.92   18___12:50:28   166     82    84    3.43    +++   2     
2.17    18___12:50:45   167     82    85    3.42    +++   3     
2.96    18___12:51:4    168     82    86    3.42    +++   4     
4.97    18___12:51:27   169     82    87    3.43    +++   5     
1.39    18___12:51:42   170     83    87    3.41    ---   4     
1.97    18___12:51:59   171     84    87    3.4     ---   3     
22.96   18___12:52:39   172     84    88    3.52    +++   4     
1.32    18___12:52:53   173     85    88    3.51    ---   3     
3.73    18___12:53:14   174     85    89    3.51    +++   4     
7.86    18___12:53:41   175     85    90    3.53    +++   5     
2.4     18___12:53:59   176     85    91    3.53    +++   6     
