1.69    18___10:0:1     1       1     0     1.69    ---   -1    
1.27    18___10:0:15    2       2     0     1.48    ---   -2    
32.36   18___10:1:1     3       2     1     11.77   +++   -1    
1.91    18___10:1:18    4       3     1     9.3     ---   -2    
1.87    18___10:1:34    5       4     1     7.81    ---   -3    
1.03    18___10:1:46    6       5     1     6.68    ---   -4    
1.6     18___10:2:1     7       6     1     5.96    ---   -5    
1.2     18___10:2:15    8       7     1     5.36    ---   -6    
1       18___10:2:25    9       8     1     4.88    ---   -7    
1.65    18___10:2:41    10      9     1     4.55    ---   -8    
2.93    18___10:3:0     11      9     2     4.41    +++   -7    
19.05   18___10:3:38    12      9     3     5.63    +++   -6    
1.75    18___10:3:54    13      10    3     5.33    ---   -7    
1.98    18___10:4:10    14      11    3     5.09    ---   -8    
27.94   18___10:4:54    15      11    4     6.61    +++   -7    
1.89    18___10:5:10    16      12    4     6.32    ---   -8    
2.6     18___10:5:29    17      12    5     6.1     +++   -7    
1.31    18___10:5:43    18      13    5     5.83    ---   -8    
1.31    18___10:5:57    19      14    5     5.59    ---   -9    
2.96    18___10:6:17    20      14    6     5.46    +++   -8    
2.25    18___10:6:34    21      14    7     5.31    +++   -7    
5.51    18___10:6:58    22      14    8     5.32    +++   -6    
1.66    18___10:7:14    23      15    8     5.16    ---   -7    
3.81    18___10:7:35    24      15    9     5.1     +++   -6    
1.1     18___10:7:47    25      16    9     4.94    ---   -7    
3.78    18___10:8:9     26      16    10    4.9     +++   -6    
1.45    18___10:8:23    27      17    10    4.77    ---   -7    
1.2     18___10:8:37    28      18    10    4.64    ---   -8    
1       18___10:8:47    29      19    10    4.51    ---   -9    
1.31    18___10:9:1     30      20    10    4.41    ---   -10   
1.03    18___10:9:13    31      21    10    4.3     ---   -11   
1.51    18___10:9:28    32      22    10    4.21    ---   -12   
2.32    18___10:9:46    33      22    11    4.15    +++   -11   
1.26    18___10:10:0    34      23    11    4.07    ---   -12   
1       18___10:10:10   35      24    11    3.98    ---   -13   
2.9     18___10:10:29   36      24    12    3.95    +++   -12   
1.15    18___10:10:42   37      25    12    3.87    ---   -13   
1.2     18___10:10:56   38      26    12    3.8     ---   -14   
6.53    18___10:11:21   39      26    13    3.87    +++   -13   
1.12    18___10:11:34   40      27    13    3.8     ---   -14   
9.3     18___10:12:3    41      27    14    3.94    +++   -13   
1.13    18___10:12:15   42      28    14    3.87    ---   -14   
2.13    18___10:12:33   43      28    15    3.83    +++   -13   
2.29    18___10:12:50   44      28    16    3.8     +++   -12   
1.07    18___10:13:3    45      29    16    3.74    ---   -13   
1       18___10:13:13   46      30    16    3.68    ---   -14   
5.48    18___10:13:37   47      30    17    3.71    +++   -13   
1.73    18___10:13:53   48      31    17    3.67    ---   -14   
1.55    18___10:14:8    49      32    17    3.63    ---   -15   
1.21    18___10:14:22   50      33    17    3.58    ---   -16   
1.16    18___10:14:35   51      34    17    3.53    ---   -17   
2.34    18___10:14:53   52      34    18    3.51    +++   -16   
1.03    18___10:15:4    53      35    18    3.46    ---   -17   
2.62    18___10:15:23   54      35    19    3.45    +++   -16   
1.02    18___10:15:34   55      36    19    3.4     ---   -17   
2.04    18___10:15:51   56      36    20    3.38    +++   -16   
1.77    18___10:16:7    57      37    20    3.35    ---   -17   
1.81    18___10:16:24   58      38    20    3.32    ---   -18   
2.68    18___10:16:42   59      38    21    3.31    +++   -17   
1.78    18___10:16:58   60      39    21    3.29    ---   -18   
4.71    18___10:17:21   61      39    22    3.31    +++   -17   
3.3     18___10:17:41   62      39    23    3.31    +++   -16   
1.5     18___10:17:56   63      40    23    3.28    ---   -17   
7.35    18___10:18:23   64      40    24    3.34    +++   -16   
1.04    18___10:18:35   65      41    24    3.31    ---   -17   
1.27    18___10:18:48   66      42    24    3.28    ---   -18   
2.64    18___10:19:7    67      42    25    3.27    +++   -17   
6.06    18___10:19:32   68      42    26    3.31    +++   -16   
10.8    18___10:20:2    69      42    27    3.42    +++   -15   
1.17    18___10:20:15   70      43    27    3.39    ---   -16   
4.67    18___10:20:38   71      43    28    3.4     +++   -15   
2.98    18___10:20:57   72      43    29    3.4     +++   -14   
1.9     18___10:21:14   73      44    29    3.38    ---   -15   
1.2     18___10:21:27   74      45    29    3.35    ---   -16   
1.39    18___10:21:42   75      46    29    3.32    ---   -17   
2.22    18___10:21:59   76      46    30    3.31    +++   -16   
1.22    18___10:22:13   77      47    30    3.28    ---   -17   
1.94    18___10:22:29   78      48    30    3.26    ---   -18   
7.75    18___10:22:56   79      48    31    3.32    +++   -17   
1.08    18___10:23:9    80      49    31    3.29    ---   -18   
1.04    18___10:23:20   81      50    31    3.26    ---   -19   
4.14    18___10:23:43   82      50    32    3.27    +++   -18   
1.12    18___10:23:56   83      51    32    3.25    ---   -19   
11.16   18___10:24:26   84      51    33    3.34    +++   -18   
2.58    18___10:24:45   85      51    34    3.33    +++   -17   
1.15    18___10:24:58   86      52    34    3.31    ---   -18   
1       18___10:25:8    87      53    34    3.28    ---   -19   
1.12    18___10:25:21   88      54    34    3.26    ---   -20   
13.71   18___10:25:54   89      54    35    3.37    +++   -19   
5.73    18___10:26:18   90      54    36    3.4     +++   -18   
2.16    18___10:26:36   91      54    37    3.39    +++   -17   
1.4     18___10:26:50   92      55    37    3.36    ---   -18   
8.13    18___10:27:18   93      55    38    3.42    +++   -17   
2.8     18___10:27:37   94      55    39    3.41    +++   -16   
1       18___10:27:47   95      56    39    3.38    ---   -17   
1.06    18___10:27:59   96      57    39    3.36    ---   -18   
1.7     18___10:28:15   97      58    39    3.34    ---   -19   
1.78    18___10:28:31   98      59    39    3.33    ---   -20   
1.6     18___10:28:47   99      60    39    3.31    ---   -21   
12.62   18___10:29:19   100     60    40    3.4     +++   -20   
1.65    18___10:29:35   101     61    40    3.38    ---   -21   
1.02    18___10:29:46   102     62    40    3.36    ---   -22   
1.91    18___10:30:3    103     63    40    3.35    ---   -23   
1.47    18___10:30:17   104     64    40    3.33    ---   -24   
1.78    18___10:30:34   105     65    40    3.31    ---   -25   
26.51   18___10:31:16   106     65    41    3.53    +++   -24   
10.97   18___10:31:47   107     65    42    3.6     +++   -23   
3.8     18___10:32:8    108     65    43    3.6     +++   -22   
1.89    18___10:32:24   109     66    43    3.59    ---   -23   
1.54    18___10:32:39   110     67    43    3.57    ---   -24   
1.01    18___10:32:50   111     68    43    3.55    ---   -25   
1.54    18___10:33:6    112     69    43    3.53    ---   -26   
2.91    18___10:33:25   113     69    44    3.52    +++   -25   
1.13    18___10:33:38   114     70    44    3.5     ---   -26   
2.68    18___10:33:56   115     70    45    3.5     +++   -25   
3.33    18___10:34:17   116     70    46    3.49    +++   -24   
1.33    18___10:34:31   117     71    46    3.48    ---   -25   
2.63    18___10:34:49   118     71    47    3.47    +++   -24   
1.03    18___10:35:1    119     72    47    3.45    ---   -25   
1.47    18___10:35:16   120     73    47    3.43    ---   -26   
2.7     18___10:35:35   121     73    48    3.42    +++   -25   
1.13    18___10:35:47   122     74    48    3.41    ---   -26   
1.45    18___10:36:2    123     75    48    3.39    ---   -27   
1.21    18___10:36:16   124     76    48    3.37    ---   -28   
1.55    18___10:36:31   125     77    48    3.36    ---   -29   
1       18___10:36:41   126     78    48    3.34    ---   -30   
2.22    18___10:36:59   127     78    49    3.33    +++   -29   
1.21    18___10:37:12   128     79    49    3.31    ---   -30   
1.01    18___10:37:24   129     80    49    3.3     ---   -31   
1.63    18___10:37:39   130     81    49    3.28    ---   -32   
3.39    18___10:37:59   131     81    50    3.28    +++   -31   
1.07    18___10:38:12   132     82    50    3.27    ---   -32   
1.25    18___10:38:25   133     83    50    3.25    ---   -33   
2.23    18___10:38:43   134     83    51    3.24    +++   -32   
1.91    18___10:38:59   135     84    51    3.23    ---   -33   
1.77    18___10:39:16   136     85    51    3.22    ---   -34   
1.97    18___10:39:32   137     86    51    3.21    ---   -35   
1.17    18___10:39:45   138     87    51    3.2     ---   -36   
1.02    18___10:39:57   139     88    51    3.18    ---   -37   
7.02    18___10:40:23   140     88    52    3.21    +++   -36   
22.07   18___10:41:2    141     88    53    3.34    +++   -35   
1.62    18___10:41:18   142     89    53    3.33    ---   -36   
5.96    18___10:41:44   143     89    54    3.35    +++   -35   
2.27    18___10:42:0    144     89    55    3.34    +++   -34   
1       18___10:42:11   145     90    55    3.33    ---   -35   
5.59    18___10:42:35   146     90    56    3.34    +++   -34   
1.59    18___10:42:50   147     91    56    3.33    ---   -35   
1.6     18___10:43:6    148     92    56    3.32    ---   -36   
1.21    18___10:43:19   149     93    56    3.3     ---   -37   
1.47    18___10:43:34   150     94    56    3.29    ---   -38   
3.84    18___10:43:55   151     94    57    3.3     +++   -37   
1.11    18___10:44:8    152     95    57    3.28    ---   -38   
1.43    18___10:44:22   153     96    57    3.27    ---   -39   
1.61    18___10:44:38   154     97    57    3.26    ---   -40   
2.5     18___10:44:56   155     97    58    3.25    +++   -39   
1.7     18___10:45:12   156     98    58    3.24    ---   -40   
2.06    18___10:45:29   157     98    59    3.24    +++   -39   
1.5     18___10:45:44   158     99    59    3.23    ---   -40   
1       18___10:45:55   159     100   59    3.21    ---   -41   
1.84    18___10:46:11   160     101   59    3.2     ---   -42   
1.52    18___10:46:26   161     102   59    3.19    ---   -43   
4.52    18___10:46:48   162     102   60    3.2     +++   -42   
2.37    18___10:47:6    163     102   61    3.2     +++   -41   
8.04    18___10:47:34   164     102   62    3.22    +++   -40   
1.18    18___10:47:47   165     103   62    3.21    ---   -41   
1.06    18___10:47:59   166     104   62    3.2     ---   -42   
10.93   18___10:48:29   167     104   63    3.25    +++   -41   
4.12    18___10:48:51   168     104   64    3.25    +++   -40   
4.19    18___10:49:13   169     104   65    3.26    +++   -39   
1.65    18___10:49:29   170     105   65    3.25    ---   -40   
2.33    18___10:49:46   171     105   66    3.24    +++   -39   
1.14    18___10:49:59   172     106   66    3.23    ---   -40   
2.16    18___10:50:17   173     106   67    3.22    +++   -39   
14.67   18___10:50:51   174     106   68    3.29    +++   -38   
1.13    18___10:51:3    175     107   68    3.28    ---   -39   
7.96    18___10:51:31   176     107   69    3.3     +++   -38   
5.32    18___10:51:55   177     107   70    3.31    +++   -37   
2.44    18___10:52:13   178     107   71    3.31    +++   -36   
28.12   18___10:52:56   179     107   72    3.45    +++   -35   
31.78   18___10:53:42   180     107   73    3.61    +++   -34   
10.76   18___10:54:12   181     107   74    3.64    +++   -33   
4.6     18___10:54:35   182     107   75    3.65    +++   -32   
2.74    18___10:54:54   183     107   76    3.64    +++   -31   
1.5     18___10:55:9    184     108   76    3.63    ---   -32   
1.36    18___10:55:23   185     109   76    3.62    ---   -33   
1.62    18___10:55:38   186     110   76    3.61    ---   -34   
2.57    18___10:55:57   187     110   77    3.6     +++   -33   
23.87   18___10:56:38   188     110   78    3.71    +++   -32   
1.19    18___10:56:51   189     111   78    3.7     ---   -33   
2.6     18___10:57:10   190     111   79    3.69    +++   -32   
1.08    18___10:57:22   191     112   79    3.68    ---   -33   
3.21    18___10:57:42   192     112   80    3.68    +++   -32   
2.32    18___10:58:0    193     112   81    3.67    +++   -31   
1.46    18___10:58:14   194     113   81    3.66    ---   -32   
3.1     18___10:58:34   195     113   82    3.66    +++   -31   
5.58    18___10:58:58   196     113   83    3.67    +++   -30   
4.75    18___10:59:21   197     113   84    3.67    +++   -29   
1.77    18___10:59:37   198     114   84    3.66    ---   -30   
1.56    18___10:59:52   199     115   84    3.65    ---   -31   
