5.7     18___15:0:9     1       0     1     5.7     +++   1     
1.15    18___15:0:22    2       1     1     3.42    ---   0     
1.65    18___15:0:38    3       2     1     2.83    ---   -1    
1.49    18___15:0:53    4       3     1     2.49    ---   -2    
1.4     18___15:1:7     5       4     1     2.27    ---   -3    
34.64   18___15:1:55    6       4     2     7.67    +++   -2    
2.18    18___15:2:12    7       4     3     6.88    +++   -1    
1.43    18___15:2:27    8       5     3     6.2     ---   -2    
1       18___15:2:37    9       6     3     5.62    ---   -3    
2.06    18___15:2:54    10      6     4     5.27    +++   -2    
28.31   18___15:3:38    11      6     5     7.36    +++   -1    
1.26    18___15:3:52    12      7     5     6.85    ---   -2    
1.83    18___15:4:8     13      8     5     6.46    ---   -3    
1.98    18___15:4:25    14      9     5     6.14    ---   -4    
18.06   18___15:5:1     15      9     6     6.94    +++   -3    
2.2     18___15:5:19    16      9     7     6.64    +++   -2    
33.38   18___15:6:5     17      9     8     8.21    +++   -1    
3.73    18___15:6:26    18      9     9     7.96    +++   0     
2.06    18___15:6:43    19      9     10    7.65    +++   1     
1.03    18___15:6:55    20      10    10    7.32    ---   0     
6.55    18___15:7:21    21      10    11    7.29    +++   1     
1.68    18___15:7:36    22      11    11    7.03    ---   0     
1       18___15:7:47    23      12    11    6.77    ---   -1    
8.86    18___15:8:15    24      12    12    6.85    +++   0     
5.24    18___15:8:39    25      12    13    6.79    +++   1     
22.41   18___15:9:19    26      12    14    7.39    +++   2     
2.1     18___15:9:36    27      12    15    7.19    +++   3     
1.97    18___15:9:53    28      13    15    7.01    ---   2     
1.36    18___15:10:7    29      14    15    6.81    ---   1     
1.27    18___15:10:21   30      15    15    6.63    ---   0     
34.48   18___15:11:8    31      15    16    7.53    +++   1     
1.51    18___15:11:23   32      16    16    7.34    ---   0     
3.78    18___15:11:44   33      16    17    7.23    +++   1     
5.57    18___15:12:8    34      16    18    7.18    +++   2     
1.5     18___15:12:23   35      17    18    7.02    ---   1     
12.51   18___15:12:55   36      17    19    7.17    +++   2     
1.53    18___15:13:10   37      18    19    7.02    ---   1     
6.58    18___15:13:36   38      18    20    7.01    +++   2     
1.65    18___15:13:52   39      19    20    6.87    ---   1     
3.21    18___15:14:11   40      19    21    6.78    +++   2     
1.35    18___15:14:26   41      20    21    6.65    ---   1     
4.36    18___15:14:48   42      20    22    6.59    +++   2     
1.08    18___15:15:0    43      21    22    6.46    ---   1     
1.67    18___15:15:16   44      22    22    6.35    ---   0     
2.6     18___15:15:35   45      22    23    6.27    +++   1     
3.87    18___15:15:56   46      22    24    6.22    +++   2     
3.58    18___15:16:16   47      22    25    6.16    +++   3     
1.64    18___15:16:32   48      23    25    6.07    ---   2     
11.21   18___15:17:3    49      23    26    6.17    +++   3     
2.95    18___15:17:22   50      23    27    6.11    +++   4     
1.5     18___15:17:37   51      24    27    6.02    ---   3     
1.69    18___15:17:53   52      25    27    5.93    ---   2     
3.18    18___15:18:13   53      25    28    5.88    +++   3     
1.16    18___15:18:26   54      26    28    5.79    ---   2     
1.22    18___15:18:39   55      27    28    5.71    ---   1     
1       18___15:18:50   56      28    28    5.63    ---   0     
1.16    18___15:19:3    57      29    28    5.55    ---   -1    
2.18    18___15:19:21   58      29    29    5.49    +++   0     
1.16    18___15:19:34   59      30    29    5.42    ---   -1    
3.03    18___15:19:53   60      30    30    5.38    +++   0     
1.78    18___15:20:9    61      31    30    5.32    ---   -1    
2.01    18___15:20:26   62      31    31    5.26    +++   0     
4.25    18___15:20:48   63      31    32    5.25    +++   1     
2.98    18___15:21:8    64      31    33    5.21    +++   2     
1.7     18___15:21:24   65      32    33    5.16    ---   1     
1.84    18___15:21:40   66      33    33    5.11    ---   0     
15.89   18___15:22:15   67      33    34    5.27    +++   1     
2.98    18___15:22:34   68      33    35    5.24    +++   2     
1.86    18___15:22:51   69      34    35    5.19    ---   1     
4.92    18___15:23:14   70      34    36    5.18    +++   2     
1.82    18___15:23:30   71      35    36    5.13    ---   1     
1.79    18___15:23:46   72      36    36    5.09    ---   0     
25.97   18___15:24:28   73      36    37    5.37    +++   1     
1.45    18___15:24:43   74      37    37    5.32    ---   0     
1.08    18___15:24:55   75      38    37    5.26    ---   -1    
1.17    18___15:25:9    76      39    37    5.21    ---   -2    
1.78    18___15:25:25   77      40    37    5.17    ---   -3    
2.61    18___15:25:43   78      40    38    5.13    +++   -2    
1.84    18___15:26:0    79      41    38    5.09    ---   -3    
1.15    18___15:26:13   80      42    38    5.04    ---   -4    
1.58    18___15:26:28   81      43    38    5       ---   -5    
4.18    18___15:26:50   82      43    39    4.99    +++   -4    
1.24    18___15:27:4    83      44    39    4.94    ---   -5    
5.18    18___15:27:27   84      44    40    4.95    +++   -4    
3.95    18___15:27:48   85      44    41    4.93    +++   -3    
1.11    18___15:28:1    86      45    41    4.89    ---   -4    
12.27   18___15:28:33   87      45    42    4.98    +++   -3    
1.11    18___15:28:45   88      46    42    4.93    ---   -4    
1.13    18___15:28:58   89      47    42    4.89    ---   -5    
2.58    18___15:29:17   90      47    43    4.86    +++   -4    
1.2     18___15:29:30   91      48    43    4.82    ---   -5    
1.47    18___15:29:45   92      49    43    4.79    ---   -6    
1.17    18___15:29:58   93      50    43    4.75    ---   -7    
4.23    18___15:30:20   94      50    44    4.74    +++   -6    
14.5    18___15:30:54   95      50    45    4.84    +++   -5    
1.44    18___15:31:9    96      51    45    4.81    ---   -6    
5.87    18___15:31:33   97      51    46    4.82    +++   -5    
16.93   18___15:32:9    98      51    47    4.94    +++   -4    
1.1     18___15:32:21   99      52    47    4.9     ---   -5    
2.44    18___15:32:39   100     52    48    4.88    +++   -4    
1.87    18___15:32:56   101     53    48    4.85    ---   -5    
5.87    18___15:33:20   102     53    49    4.86    +++   -4    
1.16    18___15:33:33   103     54    49    4.82    ---   -5    
1.77    18___15:33:50   104     55    49    4.79    ---   -6    
1.25    18___15:34:3    105     56    49    4.76    ---   -7    
1.82    18___15:34:20   106     57    49    4.73    ---   -8    
30.94   18___15:35:5    107     57    50    4.98    +++   -7    
3.35    18___15:35:25   108     57    51    4.96    +++   -6    
1.13    18___15:35:38   109     58    51    4.93    ---   -7    
1.38    18___15:35:52   110     59    51    4.89    ---   -8    
5.75    18___15:36:17   111     59    52    4.9     +++   -7    
1       18___15:36:28   112     60    52    4.87    ---   -8    
5.45    18___15:36:52   113     60    53    4.87    +++   -7    
2.15    18___15:37:9    114     60    54    4.85    +++   -6    
6.14    18___15:37:34   115     60    55    4.86    +++   -5    
1.72    18___15:37:50   116     61    55    4.83    ---   -6    
1.59    18___15:38:5    117     62    55    4.81    ---   -7    
1.76    18___15:38:21   118     63    55    4.78    ---   -8    
1.17    18___15:38:34   119     64    55    4.75    ---   -9    
4.1     18___15:38:56   120     64    56    4.74    +++   -8    
1       18___15:39:6    121     65    56    4.71    ---   -9    
1.47    18___15:39:21   122     66    56    4.69    ---   -10   
15.51   18___15:39:56   123     66    57    4.77    +++   -9    
5.1     18___15:40:19   124     66    58    4.78    +++   -8    
7.59    18___15:40:46   125     66    59    4.8     +++   -7    
1.14    18___15:40:59   126     67    59    4.77    ---   -8    
2.6     18___15:41:18   127     67    60    4.75    +++   -7    
1.4     18___15:41:32   128     68    60    4.73    ---   -8    
6.88    18___15:41:58   129     68    61    4.74    +++   -7    
4.56    18___15:42:21   130     68    62    4.74    +++   -6    
1.23    18___15:42:34   131     69    62    4.71    ---   -7    
1.97    18___15:42:51   132     70    62    4.69    ---   -8    
1.78    18___15:43:7    133     71    62    4.67    ---   -9    
1.69    18___15:43:23   134     72    62    4.65    ---   -10   
1.03    18___15:43:35   135     73    62    4.62    ---   -11   
4.08    18___15:43:56   136     73    63    4.62    +++   -10   
1.27    18___15:44:10   137     74    63    4.59    ---   -11   
31.97   18___15:44:56   138     74    64    4.79    +++   -10   
3.54    18___15:45:16   139     74    65    4.78    +++   -9    
8.97    18___15:45:45   140     74    66    4.81    +++   -8    
2.43    18___15:46:3    141     74    67    4.8     +++   -7    
11.16   18___15:46:34   142     74    68    4.84    +++   -6    
2.58    18___15:46:52   143     74    69    4.83    +++   -5    
1.06    18___15:47:4    144     75    69    4.8     ---   -6    
1.08    18___15:47:17   145     76    69    4.77    ---   -7    
1.33    18___15:47:31   146     77    69    4.75    ---   -8    
1.14    18___15:47:44   147     78    69    4.73    ---   -9    
3.97    18___15:48:5    148     78    70    4.72    +++   -8    
1.64    18___15:48:21   149     79    70    4.7     ---   -9    
1.14    18___15:48:34   150     80    70    4.68    ---   -10   
2.29    18___15:48:51   151     80    71    4.66    +++   -9    
12.59   18___15:49:23   152     80    72    4.71    +++   -8    
1.59    18___15:49:39   153     81    72    4.69    ---   -9    
1.65    18___15:49:55   154     82    72    4.67    ---   -10   
2.1     18___15:50:12   155     82    73    4.66    +++   -9    
1.01    18___15:50:23   156     83    73    4.63    ---   -10   
3.03    18___15:50:43   157     83    74    4.62    +++   -9    
2.07    18___15:51:0    158     83    75    4.61    +++   -8    
15.35   18___15:51:34   159     83    76    4.67    +++   -7    
1.14    18___15:51:47   160     84    76    4.65    ---   -8    
1.02    18___15:51:58   161     85    76    4.63    ---   -9    
7.6     18___15:52:25   162     85    77    4.65    +++   -8    
3.79    18___15:52:46   163     85    78    4.64    +++   -7    
1.78    18___15:53:2    164     86    78    4.62    ---   -8    
3.36    18___15:53:23   165     86    79    4.62    +++   -7    
1.16    18___15:53:36   166     87    79    4.6     ---   -8    
1.16    18___15:53:49   167     88    79    4.57    ---   -9    
2.3     18___15:54:7    168     88    80    4.56    +++   -8    
25.09   18___15:54:48   169     88    81    4.68    +++   -7    
1.26    18___15:55:2    170     89    81    4.66    ---   -8    
1.17    18___15:55:15   171     90    81    4.64    ---   -9    
2.06    18___15:55:32   172     90    82    4.63    +++   -8    
1.1     18___15:55:45   173     91    82    4.61    ---   -9    
4.04    18___15:56:6    174     91    83    4.6     +++   -8    
1.34    18___15:56:21   175     92    83    4.58    ---   -9    
1.29    18___15:56:35   176     93    83    4.57    ---   -10   
12.37   18___15:57:6    177     93    84    4.61    +++   -9    
8.18    18___15:57:34   178     93    85    4.63    +++   -8    
6.68    18___15:58:0    179     93    86    4.64    +++   -7    
1.76    18___15:58:16   180     94    86    4.63    ---   -8    
1       18___15:58:26   181     95    86    4.61    ---   -9    
25.07   18___15:59:8    182     95    87    4.72    +++   -8    
1.51    18___15:59:23   183     96    87    4.7     ---   -9    
10.03   18___15:59:52   184     96    88    4.73    +++   -8    
