1       18___11:0:3     1       1     0     1       ---   -1    
16.73   18___11:0:39    2       1     1     8.86    +++   0     
2.77    18___11:0:58    3       1     2     6.83    +++   1     
3.3     18___11:1:18    4       1     3     5.95    +++   2     
1.09    18___11:1:30    5       2     3     4.97    ---   1     
6.15    18___11:1:55    6       2     4     5.17    +++   2     
1.04    18___11:2:7     7       3     4     4.58    ---   1     
1.53    18___11:2:22    8       4     4     4.2     ---   0     
17.89   18___11:2:58    9       4     5     5.72    +++   1     
1.63    18___11:3:14    10      5     5     5.31    ---   0     
2.12    18___11:3:31    11      5     6     5.02    +++   1     
1.02    18___11:3:43    12      6     6     4.68    ---   0     
1.07    18___11:3:55    13      7     6     4.41    ---   -1    
5.79    18___11:4:19    14      7     7     4.5     +++   0     
1.29    18___11:4:33    15      8     7     4.29    ---   -1    
2.4     18___11:4:51    16      8     8     4.17    +++   0     
1.81    18___11:5:7     17      9     8     4.03    ---   -1    
1.95    18___11:5:24    18      10    8     3.92    ---   -2    
1.12    18___11:5:37    19      11    8     3.77    ---   -3    
1.84    18___11:5:53    20      12    8     3.67    ---   -4    
1.12    18___11:6:6     21      13    8     3.55    ---   -5    
1.11    18___11:6:19    22      14    8     3.44    ---   -6    
22.67   18___11:6:59    23      14    9     4.28    +++   -5    
33.7    18___11:7:45    24      14    10    5.5     +++   -4    
21.07   18___11:8:24    25      14    11    6.12    +++   -3    
10.32   18___11:8:54    26      14    12    6.28    +++   -2    
8.85    18___11:9:22    27      14    13    6.38    +++   -1    
10.62   18___11:9:52    28      14    14    6.53    +++   0     
4.32    18___11:10:14   29      14    15    6.45    +++   1     
1.54    18___11:10:30   30      15    15    6.29    ---   0     
13.75   18___11:11:3    31      15    16    6.53    +++   1     
30.31   18___11:11:48   32      15    17    7.27    +++   2     
1.71    18___11:12:3    33      16    17    7.11    ---   1     
4.85    18___11:12:26   34      16    18    7.04    +++   2     
1.14    18___11:12:39   35      17    18    6.87    ---   1     
1.46    18___11:12:54   36      18    18    6.72    ---   0     
1.11    18___11:13:7    37      19    18    6.57    ---   -1    
1.39    18___11:13:21   38      20    18    6.43    ---   -2    
3.02    18___11:13:41   39      20    19    6.34    +++   -1    
4.84    18___11:14:4    40      20    20    6.31    +++   0     
1       18___11:14:14   41      21    20    6.18    ---   -1    
7.67    18___11:14:41   42      21    21    6.21    +++   0     
2.52    18___11:14:59   43      21    22    6.13    +++   1     
2.74    18___11:15:18   44      21    23    6.05    +++   2     
1.04    18___11:15:30   45      22    23    5.94    ---   1     
2.08    18___11:15:47   46      22    24    5.85    +++   2     
3.58    18___11:16:8    47      22    25    5.81    +++   3     
1.33    18___11:16:22   48      23    25    5.71    ---   2     
1.09    18___11:16:35   49      24    25    5.62    ---   1     
1.26    18___11:16:48   50      25    25    5.53    ---   0     
1.05    18___11:17:0    51      26    25    5.44    ---   -1    
8.55    18___11:17:28   52      26    26    5.5     +++   0     
6.31    18___11:17:53   53      26    27    5.52    +++   1     
6.24    18___11:18:18   54      26    28    5.53    +++   2     
1.08    18___11:18:31   55      27    28    5.45    ---   1     
1.89    18___11:18:47   56      28    28    5.39    ---   0     
11.11   18___11:19:18   57      28    29    5.49    +++   1     
3.27    18___11:19:38   58      28    30    5.45    +++   2     
1.1     18___11:19:50   59      29    30    5.37    ---   1     
7.64    18___11:20:17   60      29    31    5.41    +++   2     
17.88   18___11:20:54   61      29    32    5.62    +++   3     
1.41    18___11:21:8    62      30    32    5.55    ---   2     
2.73    18___11:21:27   63      30    33    5.5     +++   3     
1.23    18___11:21:41   64      31    33    5.44    ---   2     
1.25    18___11:21:54   65      32    33    5.37    ---   1     
1.35    18___11:22:9    66      33    33    5.31    ---   0     
2.12    18___11:22:26   67      33    34    5.26    +++   1     
1.79    18___11:22:42   68      34    34    5.21    ---   0     
1.04    18___11:22:54   69      35    34    5.15    ---   -1    
26.23   18___11:23:36   70      35    35    5.45    +++   0     
1.74    18___11:23:52   71      36    35    5.4     ---   -1    
1.59    18___11:24:8    72      37    35    5.35    ---   -2    
2.02    18___11:24:25   73      37    36    5.3     +++   -1    
2.87    18___11:24:44   74      37    37    5.27    +++   0     
1.44    18___11:24:59   75      38    37    5.22    ---   -1    
20.91   18___11:25:37   76      38    38    5.42    +++   0     
1.11    18___11:25:50   77      39    38    5.37    ---   -1    
1.09    18___11:26:2    78      40    38    5.31    ---   -2    
1.09    18___11:26:15   79      41    38    5.26    ---   -3    
1.09    18___11:26:27   80      42    38    5.21    ---   -4    
6.92    18___11:26:53   81      42    39    5.23    +++   -3    
1.99    18___11:27:10   82      43    39    5.19    ---   -4    
11.74   18___11:27:41   83      43    40    5.27    +++   -3    
5.32    18___11:28:5    84      43    41    5.27    +++   -2    
1.09    18___11:28:17   85      44    41    5.22    ---   -3    
14.9    18___11:28:52   86      44    42    5.33    +++   -2    
1.45    18___11:29:6    87      45    42    5.29    ---   -3    
2.43    18___11:29:24   88      45    43    5.25    +++   -2    
4.32    18___11:29:46   89      45    44    5.24    +++   -1    
1.13    18___11:29:59   90      46    44    5.2     ---   -2    
11.53   18___11:30:30   91      46    45    5.27    +++   -1    
1.37    18___11:30:45   92      47    45    5.23    ---   -2    
1       18___11:30:55   93      48    45    5.18    ---   -3    
32.73   18___11:31:41   94      48    46    5.47    +++   -2    
6.85    18___11:32:7    95      48    47    5.49    +++   -1    
2.08    18___11:32:24   96      48    48    5.45    +++   0     
1.04    18___11:32:36   97      49    48    5.41    ---   -1    
1.18    18___11:32:49   98      50    48    5.36    ---   -2    
1.19    18___11:33:3    99      51    48    5.32    ---   -3    
4.67    18___11:33:25   100     51    49    5.31    +++   -2    
1.41    18___11:33:40   101     52    49    5.28    ---   -3    
3.44    18___11:34:0    102     52    50    5.26    +++   -2    
3.19    18___11:34:20   103     52    51    5.24    +++   -1    
1.6     18___11:34:36   104     53    51    5.2     ---   -2    
1.78    18___11:34:52   105     54    51    5.17    ---   -3    
1.55    18___11:35:7    106     55    51    5.14    ---   -4    
6.96    18___11:35:33   107     55    52    5.15    +++   -3    
4.44    18___11:35:55   108     55    53    5.15    +++   -2    
1.25    18___11:36:9    109     56    53    5.11    ---   -3    
1.24    18___11:36:23   110     57    53    5.07    ---   -4    
2.74    18___11:36:42   111     57    54    5.05    +++   -3    
11.77   18___11:37:13   112     57    55    5.11    +++   -2    
1.11    18___11:37:25   113     58    55    5.08    ---   -3    
1.23    18___11:37:39   114     59    55    5.04    ---   -4    
3.06    18___11:37:59   115     59    56    5.03    +++   -3    
1.22    18___11:38:12   116     60    56    4.99    ---   -4    
1.42    18___11:38:27   117     61    56    4.96    ---   -5    
1.89    18___11:38:43   118     62    56    4.94    ---   -6    
2.52    18___11:39:2    119     62    57    4.92    +++   -5    
9       18___11:39:30   120     62    58    4.95    +++   -4    
4.21    18___11:39:52   121     62    59    4.94    +++   -3    
1.69    18___11:40:8    122     63    59    4.92    ---   -4    
3.44    18___11:40:28   123     63    60    4.91    +++   -3    
2.46    18___11:40:46   124     63    61    4.89    +++   -2    
3.06    18___11:41:6    125     63    62    4.87    +++   -1    
2.09    18___11:41:23   126     63    63    4.85    +++   0     
3.36    18___11:41:43   127     63    64    4.84    +++   1     
4.6     18___11:42:6    128     63    65    4.84    +++   2     
2.75    18___11:42:25   129     63    66    4.82    +++   3     
3.22    18___11:42:45   130     63    67    4.81    +++   4     
3.76    18___11:43:6    131     63    68    4.8     +++   5     
3.44    18___11:43:26   132     63    69    4.79    +++   6     
2.31    18___11:43:44   133     63    70    4.77    +++   7     
2.19    18___11:44:1    134     63    71    4.75    +++   8     
5.34    18___11:44:25   135     63    72    4.76    +++   9     
20.56   18___11:45:4    136     63    73    4.87    +++   10    
1       18___11:45:14   137     64    73    4.84    ---   9     
1.83    18___11:45:31   138     65    73    4.82    ---   8     
1.76    18___11:45:47   139     66    73    4.8     ---   7     
1.17    18___11:46:0    140     67    73    4.77    ---   6     
3.22    18___11:46:20   141     67    74    4.76    +++   7     
1.14    18___11:46:33   142     68    74    4.74    ---   6     
1.24    18___11:46:46   143     69    74    4.71    ---   5     
5.25    18___11:47:10   144     69    75    4.72    +++   6     
2.61    18___11:47:28   145     69    76    4.7     +++   7     
2.4     18___11:47:46   146     69    77    4.69    +++   8     
2.28    18___11:48:4    147     69    78    4.67    +++   9     
1.47    18___11:48:19   148     70    78    4.65    ---   8     
1.27    18___11:48:33   149     71    78    4.62    ---   7     
1.06    18___11:48:45   150     72    78    4.6     ---   6     
1.3     18___11:48:59   151     73    78    4.58    ---   5     
14.26   18___11:49:33   152     73    79    4.64    +++   6     
3.84    18___11:49:54   153     73    80    4.64    +++   7     
6.18    18___11:50:19   154     73    81    4.65    +++   8     
3.93    18___11:50:40   155     73    82    4.64    +++   9     
1.23    18___11:50:54   156     74    82    4.62    ---   8     
7.58    18___11:51:20   157     74    83    4.64    +++   9     
1.53    18___11:51:35   158     75    83    4.62    ---   8     
1.28    18___11:51:49   159     76    83    4.6     ---   7     
1.35    18___11:52:4    160     77    83    4.58    ---   6     
3.39    18___11:52:24   161     77    84    4.57    +++   7     
6.9     18___11:52:50   162     77    85    4.59    +++   8     
5.45    18___11:53:14   163     77    86    4.59    +++   9     
1.59    18___11:53:29   164     78    86    4.57    ---   8     
6.78    18___11:53:55   165     78    87    4.59    +++   9     
9.67    18___11:54:24   166     78    88    4.62    +++   10    
1.21    18___11:54:37   167     79    88    4.6     ---   9     
2.23    18___11:54:55   168     79    89    4.58    +++   10    
5.59    18___11:55:19   169     79    90    4.59    +++   11    
4.69    18___11:55:42   170     79    91    4.59    +++   12    
4.82    18___11:56:5    171     79    92    4.59    +++   13    
6.59    18___11:56:30   172     79    93    4.6     +++   14    
2.06    18___11:56:47   173     79    94    4.59    +++   15    
1.14    18___11:57:0    174     80    94    4.57    ---   14    
1.38    18___11:57:15   175     81    94    4.55    ---   13    
5.16    18___11:57:38   176     81    95    4.55    +++   14    
5.23    18___11:58:1    177     81    96    4.56    +++   15    
4.9     18___11:58:25   178     81    97    4.56    +++   16    
1       18___11:58:35   179     82    97    4.54    ---   15    
1.42    18___11:58:50   180     83    97    4.52    ---   14    
3.01    18___11:59:9    181     83    98    4.51    +++   15    
1.93    18___11:59:26   182     84    98    4.5     ---   14    
3.18    18___11:59:46   183     84    99    4.49    +++   15    
1       18___11:59:56   184     85    99    4.47    ---   14    
