9.72    18___13:21:10   1       0     1     9.72    +++   1     
1.79    18___13:21:26   2       1     1     5.75    ---   0     
2.69    18___13:21:45   3       1     2     4.73    +++   1     
2.23    18___13:22:3    4       1     3     4.1     +++   2     
24.3    18___13:22:44   5       1     4     8.14    +++   3     
1       18___13:22:54   6       2     4     6.95    ---   2     
1.36    18___13:23:9    7       3     4     6.15    ---   1     
3.83    18___13:23:30   8       3     5     5.86    +++   2     
1.08    18___13:23:42   9       4     5     5.33    ---   1     
1       18___13:23:53   10      5     5     4.9     ---   0     
4.42    18___13:24:15   11      5     6     4.85    +++   1     
2.36    18___13:24:33   12      5     7     4.64    +++   2     
2.76    18___13:24:52   13      5     8     4.5     +++   3     
1.2     18___13:25:5    14      6     8     4.26    ---   2     
3.06    18___13:25:25   15      6     9     4.18    +++   3     
1.74    18___13:25:41   16      7     9     4.03    ---   2     
1.08    18___13:25:53   17      8     9     3.86    ---   1     
1.05    18___13:26:5    18      9     9     3.7     ---   0     
11.95   18___13:26:37   19      9     10    4.13    +++   1     
4.19    18___13:26:58   20      9     11    4.14    +++   2     
1.04    18___13:27:10   21      10    11    3.99    ---   1     
1.02    18___13:27:22   22      11    11    3.85    ---   0     
1.49    18___13:27:37   23      12    11    3.75    ---   -1    
1.41    18___13:27:51   24      13    11    3.65    ---   -2    
1.91    18___13:28:8    25      14    11    3.58    ---   -3    
5.11    18___13:28:31   26      14    12    3.64    +++   -2    
3.89    18___13:28:53   27      14    13    3.65    +++   -1    
1.31    18___13:29:7    28      15    13    3.57    ---   -2    
7.74    18___13:29:34   29      15    14    3.71    +++   -1    
1.25    18___13:29:47   30      16    14    3.63    ---   -2    
3.69    18___13:30:8    31      16    15    3.63    +++   -1    
1.64    18___13:30:24   32      17    15    3.57    ---   -2    
1.55    18___13:30:39   33      18    15    3.51    ---   -3    
2.34    18___13:30:57   34      18    16    3.47    +++   -2    
15.37   18___13:31:31   35      18    17    3.81    +++   -1    
13.01   18___13:32:4    36      18    18    4.07    +++   0     
2.27    18___13:32:22   37      18    19    4.02    +++   1     
1.33    18___13:32:36   38      19    19    3.95    ---   0     
1.88    18___13:32:52   39      20    19    3.89    ---   -1    
1.92    18___13:33:9    40      21    19    3.84    ---   -2    
2.18    18___13:33:26   41      21    20    3.8     +++   -1    
3.63    18___13:33:47   42      21    21    3.8     +++   0     
2.34    18___13:34:5    43      21    22    3.77    +++   1     
25.57   18___13:34:47   44      21    23    4.26    +++   2     
1.96    18___13:35:3    45      22    23    4.21    ---   1     
1.31    18___13:35:18   46      23    23    4.15    ---   0     
1.18    18___13:35:31   47      24    23    4.08    ---   -1    
3.37    18___13:35:51   48      24    24    4.07    +++   0     
1.24    18___13:36:5    49      25    24    4.01    ---   -1    
2.05    18___13:36:22   50      25    25    3.97    +++   0     
7.81    18___13:36:49   51      25    26    4.05    +++   1     
3.6     18___13:37:9    52      25    27    4.04    +++   2     
1.56    18___13:37:25   53      26    27    3.99    ---   1     
8.5     18___13:37:53   54      26    28    4.07    +++   2     
9.44    18___13:38:22   55      26    29    4.17    +++   3     
11.36   18___13:38:52   56      26    30    4.3     +++   4     
1.61    18___13:39:8    57      27    30    4.25    ---   3     
1       18___13:39:18   58      28    30    4.2     ---   2     
5.86    18___13:39:43   59      28    31    4.22    +++   3     
34.09   18___13:40:30   60      28    32    4.72    +++   4     
1.04    18___13:40:42   61      29    32    4.66    ---   3     
1.25    18___13:40:55   62      30    32    4.61    ---   2     
3.43    18___13:41:16   63      30    33    4.59    +++   3     
1.42    18___13:41:30   64      31    33    4.54    ---   2     
1.16    18___13:41:43   65      32    33    4.49    ---   1     
3.2     18___13:42:3    66      32    34    4.47    +++   2     
1.18    18___13:42:17   67      33    34    4.42    ---   1     
3.61    18___13:42:37   68      33    35    4.41    +++   2     
1.41    18___13:42:52   69      34    35    4.36    ---   1     
2.46    18___13:43:10   70      34    36    4.34    +++   2     
2.19    18___13:43:28   71      34    37    4.3     +++   3     
1.35    18___13:43:42   72      35    37    4.26    ---   2     
5.36    18___13:44:6    73      35    38    4.28    +++   3     
3.43    18___13:44:26   74      35    39    4.27    +++   4     
1.47    18___13:44:41   75      36    39    4.23    ---   3     
1       18___13:44:51   76      37    39    4.19    ---   2     
1.09    18___13:45:4    77      38    39    4.15    ---   1     
14.37   18___13:45:38   78      38    40    4.28    +++   2     
12.85   18___13:46:10   79      38    41    4.39    +++   3     
2.24    18___13:46:27   80      38    42    4.36    +++   4     
32.94   18___13:47:14   81      38    43    4.71    +++   5     
1.5     18___13:47:29   82      39    43    4.67    ---   4     
1.25    18___13:47:42   83      40    43    4.63    ---   3     
3.87    18___13:48:4    84      40    44    4.62    +++   4     
1       18___13:48:14   85      41    44    4.58    ---   3     
1.11    18___13:48:27   86      42    44    4.54    ---   2     
1.01    18___13:48:38   87      43    44    4.5     ---   1     
1.8     18___13:48:54   88      44    44    4.47    ---   0     
30.12   18___13:49:39   89      44    45    4.76    +++   1     
1.32    18___13:49:53   90      45    45    4.72    ---   0     
1.13    18___13:50:6    91      46    45    4.68    ---   -1    
15.27   18___13:50:40   92      46    46    4.79    +++   0     
1.14    18___13:50:53   93      47    46    4.75    ---   -1    
2.38    18___13:51:11   94      47    47    4.73    +++   0     
6.33    18___13:51:36   95      47    48    4.75    +++   1     
1       18___13:51:47   96      48    48    4.71    ---   0     
1       18___13:51:57   97      49    48    4.67    ---   -1    
3.08    18___13:52:17   98      49    49    4.65    +++   0     
1.11    18___13:52:30   99      50    49    4.62    ---   -1    
1.12    18___13:52:42   100     51    49    4.58    ---   -2    
1.03    18___13:52:54   101     52    49    4.55    ---   -3    
4.56    18___13:53:17   102     52    50    4.55    +++   -2    
2.27    18___13:53:34   103     52    51    4.52    +++   -1    
1.09    18___13:53:47   104     53    51    4.49    ---   -2    
2.5     18___13:54:5    105     53    52    4.47    +++   -1    
11.98   18___13:54:36   106     53    53    4.54    +++   0     
2.71    18___13:54:55   107     53    54    4.53    +++   1     
1.35    18___13:55:10   108     54    54    4.5     ---   0     
3.2     18___13:55:30   109     54    55    4.48    +++   1     
1.7     18___13:55:45   110     55    55    4.46    ---   0     
2.54    18___13:56:4    111     55    56    4.44    +++   1     
1.36    18___13:56:18   112     56    56    4.41    ---   0     
4.59    18___13:56:41   113     56    57    4.42    +++   1     
3.96    18___13:57:2    114     56    58    4.41    +++   2     
6.16    18___13:57:27   115     56    59    4.43    +++   3     
2.17    18___13:57:44   116     56    60    4.41    +++   4     
5.02    18___13:58:8    117     56    61    4.41    +++   5     
1.36    18___13:58:22   118     57    61    4.39    ---   4     
2.32    18___13:58:40   119     57    62    4.37    +++   5     
2.43    18___13:58:58   120     57    63    4.35    +++   6     
2.27    18___13:59:15   121     57    64    4.34    +++   7     
1.2     18___13:59:29   122     58    64    4.31    ---   6     
3.22    18___13:59:49   123     58    65    4.3     +++   7     
