1       18___16:0:3     1       1     0     1       ---   -1    
18.21   18___16:0:40    2       1     1     9.6     +++   0     
2       18___16:0:57    3       1     2     7.07    +++   1     
7.97    18___16:1:24    4       1     3     7.29    +++   2     
1.21    18___16:1:37    5       2     3     6.07    ---   1     
1.01    18___16:1:48    6       3     3     5.23    ---   0     
2.03    18___16:2:5     7       3     4     4.77    +++   1     
1.19    18___16:2:19    8       4     4     4.32    ---   0     
1.74    18___16:2:35    9       5     4     4.04    ---   -1    
1.07    18___16:2:47    10      6     4     3.74    ---   -2    
1.42    18___16:3:2     11      7     4     3.53    ---   -3    
3.28    18___16:3:22    12      7     5     3.51    +++   -2    
2.15    18___16:3:39    13      7     6     3.4     +++   -1    
1.19    18___16:3:52    14      8     6     3.24    ---   -2    
1.25    18___16:4:6     15      9     6     3.11    ---   -3    
5.28    18___16:4:30    16      9     7     3.25    +++   -2    
1.15    18___16:4:43    17      10    7     3.12    ---   -3    
3.91    18___16:5:4     18      10    8     3.17    +++   -2    
2.13    18___16:5:21    19      10    9     3.11    +++   -1    
2.08    18___16:5:39    20      10    10    3.06    +++   0     
2.01    18___16:5:55    21      10    11    3.01    +++   1     
16.98   18___16:6:31    22      10    12    3.64    +++   2     
3.14    18___16:6:51    23      10    13    3.62    +++   3     
2.39    18___16:7:9     24      10    14    3.57    +++   4     
1.14    18___16:7:22    25      11    14    3.47    ---   3     
1.21    18___16:7:35    26      12    14    3.39    ---   2     
1.01    18___16:7:47    27      13    14    3.3     ---   1     
1       18___16:7:57    28      14    14    3.21    ---   0     
1.14    18___16:8:10    29      15    14    3.14    ---   -1    
1       18___16:8:21    30      16    14    3.07    ---   -2    
6.7     18___16:8:47    31      16    15    3.19    +++   -1    
1.44    18___16:9:1     32      17    15    3.13    ---   -2    
3.92    18___16:9:23    33      17    16    3.16    +++   -1    
5.62    18___16:9:47    34      17    17    3.23    +++   0     
1.01    18___16:9:58    35      18    17    3.17    ---   -1    
2.41    18___16:10:16   36      18    18    3.14    +++   0     
1.95    18___16:10:33   37      19    18    3.11    ---   -1    
1.01    18___16:10:44   38      20    18    3.06    ---   -2    
3.94    18___16:11:5    39      20    19    3.08    +++   -1    
1.17    18___16:11:19   40      21    19    3.03    ---   -2    
1.78    18___16:11:35   41      22    19    3       ---   -3    
1.13    18___16:11:48   42      23    19    2.96    ---   -4    
1.87    18___16:12:4    43      24    19    2.93    ---   -5    
1.42    18___16:12:19   44      25    19    2.9     ---   -6    
1.41    18___16:12:33   45      26    19    2.86    ---   -7    
1.33    18___16:12:47   46      27    19    2.83    ---   -8    
1.98    18___16:13:4    47      28    19    2.81    ---   -9    
1.46    18___16:13:19   48      29    19    2.78    ---   -10   
2.35    18___16:13:37   49      29    20    2.77    +++   -9    
1.32    18___16:13:51   50      30    20    2.75    ---   -10   
2.04    18___16:14:8    51      30    21    2.73    +++   -9    
1       18___16:14:19   52      31    21    2.7     ---   -10   
6.42    18___16:14:44   53      31    22    2.77    +++   -9    
22.28   18___16:15:24   54      31    23    3.13    +++   -8    
1.19    18___16:15:37   55      32    23    3.09    ---   -9    
1.11    18___16:15:50   56      33    23    3.06    ---   -10   
6.19    18___16:16:15   57      33    24    3.11    +++   -9    
1       18___16:16:25   58      34    24    3.08    ---   -10   
3.39    18___16:16:45   59      34    25    3.08    +++   -9    
3.01    18___16:17:5    60      34    26    3.08    +++   -8    
6.09    18___16:17:30   61      34    27    3.13    +++   -7    
4.4     18___16:17:52   62      34    28    3.15    +++   -6    
15.38   18___16:18:26   63      34    29    3.34    +++   -5    
1.14    18___16:18:39   64      35    29    3.31    ---   -6    
1.54    18___16:18:55   65      36    29    3.28    ---   -7    
1.67    18___16:19:10   66      37    29    3.26    ---   -8    
2.69    18___16:19:29   67      37    30    3.25    +++   -7    
1       18___16:43:46   1       1     0     1       ---   -1    
3.13    18___16:44:6    2       1     1     2.06    +++   0     
1       18___16:44:17   3       2     1     1.71    ---   -1    
1.12    18___16:44:29   4       3     1     1.56    ---   -2    
1.53    18___16:44:46   5       4     1     1.55    ---   -3    
25.37   18___16:45:26   6       4     2     5.52    +++   -2    
2.82    18___16:45:45   7       4     3     5.13    +++   -1    
2.33    18___16:46:3    8       4     4     4.78    +++   0     
2.13    18___16:46:21   9       4     5     4.49    +++   1     
6.88    18___16:46:46   10      4     6     4.73    +++   2     
3.02    18___16:47:6    11      4     7     4.57    +++   3     
1.74    18___16:47:22   12      5     7     4.33    ---   2     
2.48    18___16:47:40   13      5     8     4.19    +++   3     
2.31    18___16:47:58   14      5     9     4.06    +++   4     
1.75    18___16:48:14   15      6     9     3.9     ---   3     
2.97    18___16:48:33   16      6     10    3.84    +++   4     
9.49    18___16:49:2    17      6     11    4.18    +++   5     
2.92    18___16:49:22   18      6     12    4.11    +++   6     
1.03    18___16:49:33   19      7     12    3.94    ---   5     
5.05    18___16:49:57   20      7     13    4       +++   6     
2.28    18___16:50:14   21      7     14    3.92    +++   7     
1.42    18___16:50:29   22      8     14    3.8     ---   6     
1.26    18___16:50:43   23      9     14    3.69    ---   5     
2.89    18___16:51:2    24      9     15    3.66    +++   6     
5.9     18___16:51:27   25      9     16    3.75    +++   7     
2.04    18___16:51:44   26      9     17    3.68    +++   8     
8.02    18___16:52:11   27      9     18    3.84    +++   9     
2.94    18___16:52:30   28      9     19    3.81    +++   10    
1.18    18___16:52:43   29      10    19    3.72    ---   9     
1.43    18___16:52:58   30      11    19    3.64    ---   8     
3.21    18___16:53:18   31      11    20    3.63    +++   9     
8       18___16:53:45   32      11    21    3.77    +++   10    
7.22    18___16:54:12   33      11    22    3.87    +++   11    
1.32    18___16:54:26   34      12    22    3.79    ---   10    
1.47    18___16:54:41   35      13    22    3.73    ---   9     
1.32    18___16:54:55   36      14    22    3.66    ---   8     
1.57    18___16:55:10   37      15    22    3.6     ---   7     
3.36    18___16:55:31   38      15    23    3.6     +++   8     
2.2     18___16:55:48   39      15    24    3.56    +++   9     
1.49    18___16:56:3    40      16    24    3.51    ---   8     
1.77    18___16:56:19   41      17    24    3.47    ---   7     
2.51    18___16:56:37   42      17    25    3.44    +++   8     
6.08    18___16:57:2    43      17    26    3.51    +++   9     
2.37    18___16:57:20   44      17    27    3.48    +++   10    
1.58    18___16:57:36   45      18    27    3.44    ---   9     
1.37    18___16:57:50   46      19    27    3.39    ---   8     
2.15    18___16:58:7    47      19    28    3.37    +++   9     
1.75    18___16:58:23   48      20    28    3.33    ---   8     
1.06    18___16:58:35   49      21    28    3.29    ---   7     
1.25    18___16:58:49   50      22    28    3.24    ---   6     
1.16    18___16:59:2    51      23    28    3.2     ---   5     
