1.41    18___9:22:43    1       1     0     1.41    ---   -1    
3.1     18___9:23:2     2       1     1     2.25    +++   0     
1.8     18___9:23:19    3       2     1     2.1     ---   -1    
1.7     18___9:23:35    4       3     1     2       ---   -2    
1.68    18___9:23:50    5       4     1     1.93    ---   -3    
1.68    18___9:24:6     6       5     1     1.89    ---   -4    
9.05    18___9:24:35    7       5     2     2.91    +++   -3    
1.47    18___9:24:49    8       6     2     2.73    ---   -4    
1.55    18___9:25:5     9       7     2     2.6     ---   -5    
1.04    18___9:25:16    10      8     2     2.44    ---   -6    
1.66    18___9:25:32    11      9     2     2.37    ---   -7    
3.19    18___9:25:52    12      9     3     2.44    +++   -6    
3.06    18___9:26:12    13      9     4     2.49    +++   -5    
1.44    18___9:26:26    14      10    4     2.41    ---   -6    
1.28    18___9:26:40    15      11    4     2.34    ---   -7    
3.34    18___9:27:0     16      11    5     2.4     +++   -6    
2.09    18___9:27:18    17      11    6     2.38    +++   -5    
1.55    18___9:27:33    18      12    6     2.33    ---   -6    
8.65    18___9:28:1     19      12    7     2.67    +++   -5    
1.25    18___9:28:15    20      13    7     2.59    ---   -6    
1       18___9:28:25    21      14    7     2.52    ---   -7    
29.48   18___9:29:9     22      14    8     3.74    +++   -6    
1.82    18___9:29:26    23      15    8     3.66    ---   -7    
1.46    18___9:29:41    24      16    8     3.57    ---   -8    
2.6     18___9:29:59    25      16    9     3.53    +++   -7    
1.19    18___9:30:12    26      17    9     3.44    ---   -8    
1.27    18___9:30:26    27      18    9     3.36    ---   -9    
1.08    18___9:30:39    28      19    9     3.28    ---   -10   
2.63    18___9:30:57    29      19    10    3.25    +++   -9    
1.95    18___9:31:14    30      20    10    3.21    ---   -10   
1.83    18___9:31:30    31      21    10    3.17    ---   -11   
33.3    18___9:32:17    32      21    11    4.11    +++   -10   
2.46    18___9:32:35    33      21    12    4.06    +++   -9    
1.05    18___9:32:47    34      22    12    3.97    ---   -10   
1.54    18___9:33:2     35      23    12    3.9     ---   -11   
1.87    18___9:33:18    36      24    12    3.84    ---   -12   
9.73    18___9:33:48    37      24    13    4       +++   -11   
10.78   18___9:34:18    38      24    14    4.18    +++   -10   
23.66   18___9:34:59    39      24    15    4.68    +++   -9    
2.9     18___9:35:18    40      24    16    4.63    +++   -8    
1.12    18___9:35:31    41      25    16    4.55    ---   -9    
1.2     18___9:35:44    42      26    16    4.47    ---   -10   
1.13    18___9:35:57    43      27    16    4.39    ---   -11   
4.26    18___9:36:19    44      27    17    4.39    +++   -10   
1       18___9:36:29    45      28    17    4.31    ---   -11   
1.27    18___9:36:43    46      29    17    4.25    ---   -12   
1.23    18___9:36:57    47      30    17    4.18    ---   -13   
1.12    18___9:37:9     48      31    17    4.12    ---   -14   
3.26    18___9:37:29    49      31    18    4.1     +++   -13   
1.62    18___9:37:45    50      32    18    4.05    ---   -14   
1.14    18___9:37:58    51      33    18    3.99    ---   -15   
2       18___9:38:15    52      33    19    3.96    +++   -14   
2.89    18___9:38:34    53      33    20    3.94    +++   -13   
2.7     18___9:38:53    54      33    21    3.91    +++   -12   
2.26    18___9:39:10    55      33    22    3.88    +++   -11   
1       18___9:39:21    56      34    22    3.83    ---   -12   
1.01    18___9:39:32    57      35    22    3.78    ---   -13   
2.03    18___9:39:49    58      35    23    3.75    +++   -12   
1.08    18___9:40:1     59      36    23    3.71    ---   -13   
1.07    18___9:40:19    60      37    23    3.66    ---   -14   
5.12    18___9:40:37    61      37    24    3.69    +++   -13   
2.5     18___9:40:55    62      37    25    3.67    +++   -12   
21.03   18___9:41:34    63      37    26    3.94    +++   -11   
1.11    18___9:41:47    64      38    26    3.9     ---   -12   
1.03    18___9:41:58    65      39    26    3.85    ---   -13   
5.06    18___9:42:22    66      39    27    3.87    +++   -12   
1.33    18___9:42:37    67      40    27    3.83    ---   -13   
2.08    18___9:42:53    68      40    28    3.81    +++   -12   
2.37    18___9:43:11    69      40    29    3.79    +++   -11   
1.93    18___9:43:28    70      41    29    3.76    ---   -12   
1.68    18___9:43:43    71      42    29    3.73    ---   -13   
1.09    18___9:43:56    72      43    29    3.69    ---   -14   
1.09    18___9:44:8     73      44    29    3.66    ---   -15   
2.3     18___9:44:26    74      44    30    3.64    +++   -14   
1.05    18___9:44:38    75      45    30    3.6     ---   -15   
1.86    18___9:44:54    76      46    30    3.58    ---   -16   
1.64    18___9:45:10    77      47    30    3.56    ---   -17   
7.7     18___9:45:37    78      47    31    3.61    +++   -16   
1.74    18___9:45:53    79      48    31    3.59    ---   -17   
1.02    18___9:46:4     80      49    31    3.55    ---   -18   
1.06    18___9:46:16    81      50    31    3.52    ---   -19   
1.32    18___9:46:31    82      51    31    3.5     ---   -20   
1       18___9:46:42    83      52    31    3.47    ---   -21   
1.87    18___9:46:58    84      53    31    3.45    ---   -22   
6.68    18___9:47:23    85      53    32    3.48    +++   -21   
1.83    18___9:47:40    86      54    32    3.47    ---   -22   
1.08    18___9:47:52    87      55    32    3.44    ---   -23   
1.99    18___9:48:9     88      56    32    3.42    ---   -24   
1.04    18___9:48:21    89      57    32    3.39    ---   -25   
20.22   18___9:48:59    90      57    33    3.58    +++   -24   
9.9     18___9:49:28    91      57    34    3.65    +++   -23   
1.47    18___9:49:43    92      58    34    3.63    ---   -24   
23.17   18___9:50:23    93      58    35    3.84    +++   -23   
4.22    18___9:50:45    94      58    36    3.84    +++   -22   
27.31   18___9:51:28    95      58    37    4.09    +++   -21   
1.36    18___9:51:43    96      59    37    4.06    ---   -22   
1.41    18___9:51:57    97      60    37    4.03    ---   -23   
23.23   18___9:52:38    98      60    38    4.23    +++   -22   
1.22    18___9:52:51    99      61    38    4.2     ---   -23   
1.03    18___9:53:3     100     62    38    4.17    ---   -24   
1       18___9:53:20    101     63    38    4.13    ---   -25   
1.88    18___9:53:30    102     64    38    4.11    ---   -26   
1.14    18___9:53:43    103     65    38    4.08    ---   -27   
2.14    18___9:54:0     104     65    39    4.06    +++   -26   
1.09    18___9:54:12    105     66    39    4.04    ---   -27   
3.5     18___9:54:33    106     66    40    4.03    +++   -26   
1.05    18___9:54:45    107     67    40    4       ---   -27   
10.67   18___9:55:15    108     67    41    4.07    +++   -26   
6.39    18___9:55:40    109     67    42    4.09    +++   -25   
1.23    18___9:55:54    110     68    42    4.06    ---   -26   
2.7     18___9:56:13    111     68    43    4.05    +++   -25   
4.36    18___9:56:35    112     68    44    4.05    +++   -24   
22.65   18___9:57:15    113     68    45    4.22    +++   -23   
1       18___9:57:25    114     69    45    4.19    ---   -24   
3.07    18___9:57:45    115     69    46    4.18    +++   -23   
3.94    18___9:58:7     116     69    47    4.18    +++   -22   
1.1     18___9:58:19    117     70    47    4.15    ---   -23   
1.17    18___9:58:32    118     71    47    4.12    ---   -24   
3.08    18___9:58:52    119     71    48    4.11    +++   -23   
1.25    18___9:59:5     120     72    48    4.09    ---   -24   
2.8     18___9:59:24    121     72    49    4.08    +++   -23   
3.91    18___9:59:46    122     72    50    4.08    +++   -22   
