3.5     19___16:0:0     1       0     1     3.5     +++   1     
2.15    19___16:0:18    2       0     2     2.82    +++   2     
2       19___16:0:34    3       0     3     2.55    +++   3     
5.52    19___16:0:58    4       0     4     3.29    +++   4     
12.58   19___16:1:31    5       0     5     5.15    +++   5     
30.18   19___16:2:15    6       0     6     9.32    +++   6     
1.84    19___16:2:32    7       1     6     8.25    ---   5     
1.71    19___16:2:48    8       2     6     7.43    ---   4     
1.26    19___16:3:1     9       3     6     6.74    ---   3     
1.69    19___16:3:17    10      4     6     6.24    ---   2     
1.84    19___16:3:33    11      5     6     5.84    ---   1     
6.02    19___16:3:58    12      5     7     5.85    +++   2     
1.26    19___16:4:12    13      6     7     5.5     ---   1     
1.71    19___16:4:28    14      7     7     5.23    ---   0     
1.22    19___16:4:41    15      8     7     4.96    ---   -1    
4.13    19___16:5:3     16      8     8     4.91    +++   0     
2.47    19___16:5:21    17      8     9     4.76    +++   1     
1.1     19___16:5:43    18      9     9     4.56    ---   0     
1.37    19___16:5:57    19      10    9     4.39    ---   -1    
1.76    19___16:6:13    20      11    9     4.26    ---   -2    
1.91    19___16:6:30    21      12    9     4.15    ---   -3    
4.9     19___16:6:53    22      12    10    4.18    +++   -2    
1.7     19___16:7:9     23      13    10    4.07    ---   -3    
1.72    19___16:7:25    24      14    10    3.98    ---   -4    
2.57    19___16:7:43    25      14    11    3.92    +++   -3    
1.73    19___16:7:59    26      15    11    3.83    ---   -4    
1.16    19___16:8:12    27      16    11    3.74    ---   -5    
1.1     19___16:8:25    28      17    11    3.64    ---   -6    
1.43    19___16:8:40    29      18    11    3.56    ---   -7    
1.65    19___16:8:55    30      19    11    3.5     ---   -8    
1.87    19___16:9:12    31      20    11    3.45    ---   -9    
1.04    19___16:9:23    32      21    11    3.37    ---   -10   
4.34    19___16:9:46    33      21    12    3.4     +++   -9    
1.78    19___16:10:2    34      22    12    3.35    ---   -10   
8.04    19___16:10:29   35      22    13    3.49    +++   -9    
1.69    19___16:10:45   36      23    13    3.44    ---   -10   
3.18    19___16:11:5    37      23    14    3.43    +++   -9    
1       19___16:11:15   38      24    14    3.37    ---   -10   
1.92    19___16:11:32   39      25    14    3.33    ---   -11   
2.13    19___16:11:49   40      25    15    3.3     +++   -10   
6.01    19___16:12:14   41      25    16    3.37    +++   -9    
1.59    19___16:12:29   42      26    16    3.32    ---   -10   
2.55    19___16:12:48   43      26    17    3.3     +++   -9    
1.07    19___16:13:0    44      27    17    3.25    ---   -10   
10.85   19___16:13:30   45      27    18    3.42    +++   -9    
2.91    19___16:13:50   46      27    19    3.41    +++   -8    
1.68    19___16:14:5    47      28    19    3.37    ---   -9    
15.18   19___16:14:40   48      28    20    3.62    +++   -8    
1       19___16:14:50   49      29    20    3.57    ---   -9    
1.38    19___16:15:5    50      30    20    3.52    ---   -10   
1.64    19___16:15:20   51      31    20    3.49    ---   -11   
3.66    19___16:15:41   52      31    21    3.49    +++   -10   
1.49    19___16:15:56   53      32    21    3.45    ---   -11   
3.48    19___16:16:17   54      32    22    3.45    +++   -10   
1.55    19___16:16:32   55      33    22    3.42    ---   -11   
16.29   19___16:17:7    56      33    23    3.65    +++   -10   
1.33    19___16:17:21   57      34    23    3.61    ---   -11   
2.06    19___16:17:38   58      34    24    3.58    +++   -10   
1.7     19___16:17:54   59      35    24    3.55    ---   -11   
1.84    19___16:18:11   60      36    24    3.52    ---   -12   
1.18    19___16:18:24   61      37    24    3.48    ---   -13   
1.1     19___16:18:36   62      38    24    3.44    ---   -14   
2.74    19___16:18:55   63      38    25    3.43    +++   -13   
7.43    19___16:19:22   64      38    26    3.49    +++   -12   
7.78    19___16:19:49   65      38    27    3.56    +++   -11   
2.72    19___16:20:8    66      38    28    3.55    +++   -10   
1.17    19___16:20:21   67      39    28    3.51    ---   -11   
13.3    19___16:20:54   68      39    29    3.65    +++   -10   
1.5     19___16:21:9    69      40    29    3.62    ---   -11   
1.62    19___16:21:24   70      41    29    3.59    ---   -12   
2.68    19___16:21:43   71      41    30    3.58    +++   -11   
1.01    19___16:21:54   72      42    30    3.55    ---   -12   
2.64    19___16:22:13   73      42    31    3.53    +++   -11   
1.49    19___16:22:28   74      43    31    3.51    ---   -12   
1.47    19___16:22:43   75      44    31    3.48    ---   -13   
3.2     19___16:23:3    76      44    32    3.47    +++   -12   
1.95    19___16:23:20   77      45    32    3.45    ---   -13   
1.2     19___16:23:33   78      46    32    3.43    ---   -14   
1.94    19___16:23:50   79      47    32    3.41    ---   -15   
21.07   19___16:24:29   80      47    33    3.63    +++   -14   
1.09    19___16:24:41   81      48    33    3.6     ---   -15   
1.56    19___16:24:56   82      49    33    3.57    ---   -16   
1.66    19___16:25:12   83      50    33    3.55    ---   -17   
1.16    19___16:25:25   84      51    33    3.52    ---   -18   
3.95    19___16:25:46   85      51    34    3.52    +++   -17   
2       19___16:26:3    86      51    35    3.51    +++   -16   
1.07    19___16:26:16   87      52    35    3.48    ---   -17   
2.64    19___16:26:34   88      52    36    3.47    +++   -16   
6.83    19___16:27:0    89      52    37    3.51    +++   -15   
3.8     19___16:27:21   90      52    38    3.51    +++   -14   
1.19    19___16:27:34   91      53    38    3.48    ---   -15   
6.15    19___16:27:59   92      53    39    3.51    +++   -14   
1.05    19___16:28:11   93      54    39    3.49    ---   -15   
1.36    19___16:28:26   94      55    39    3.46    ---   -16   
1.29    19___16:28:40   95      56    39    3.44    ---   -17   
2.46    19___16:28:58   96      56    40    3.43    +++   -16   
3.75    19___16:29:19   97      56    41    3.43    +++   -15   
1.27    19___16:29:33   98      57    41    3.41    ---   -16   
1.32    19___16:29:47   99      58    41    3.39    ---   -17   
6.12    19___16:30:12   100     58    42    3.42    +++   -16   
1.15    19___16:30:25   101     59    42    3.4     ---   -17   
5.7     19___16:30:49   102     59    43    3.42    +++   -16   
1.73    19___16:31:5    103     60    43    3.4     ---   -17   
6.04    19___16:31:30   104     60    44    3.43    +++   -16   
2.22    19___16:31:47   105     60    45    3.42    +++   -15   
1.99    19___16:32:4    106     61    45    3.4     ---   -16   
1.19    19___16:32:17   107     62    45    3.38    ---   -17   
3.23    19___16:32:37   108     62    46    3.38    +++   -16   
1.39    19___16:32:52   109     63    46    3.36    ---   -17   
1.16    19___16:33:5    110     64    46    3.34    ---   -18   
1.15    19___16:33:18   111     65    46    3.32    ---   -19   
1.88    19___16:33:34   112     66    46    3.31    ---   -20   
8.6     19___16:34:2    113     66    47    3.36    +++   -19   
1.62    19___16:34:18   114     67    47    3.34    ---   -20   
2.01    19___16:34:35   115     67    48    3.33    +++   -19   
4.21    19___16:34:57   116     67    49    3.34    +++   -18   
1.02    19___16:35:8    117     68    49    3.32    ---   -19   
1.14    19___16:35:21   118     69    49    3.3     ---   -20   
3.47    19___16:35:42   119     69    50    3.3     +++   -19   
24.63   19___16:36:23   120     69    51    3.48    +++   -18   
2.56    19___16:36:41   121     69    52    3.47    +++   -17   
5.4     19___16:37:5    122     69    53    3.49    +++   -16   
2.71    19___16:37:24   123     69    54    3.48    +++   -15   
1.15    19___16:37:37   124     70    54    3.46    ---   -16   
1.35    19___16:37:51   125     71    54    3.44    ---   -17   
1.59    19___16:38:7    126     72    54    3.43    ---   -18   
1.6     19___16:38:22   127     73    54    3.41    ---   -19   
2.33    19___16:38:40   128     73    55    3.41    +++   -18   
2.55    19___16:38:58   129     73    56    3.4     +++   -17   
1.34    19___16:39:13   130     74    56    3.38    ---   -18   
19.86   19___16:39:51   131     74    57    3.51    +++   -17   
1.31    19___16:40:5    132     75    57    3.49    ---   -18   
34.82   19___16:40:52   133     75    58    3.73    +++   -17   
2.28    19___16:41:10   134     75    59    3.72    +++   -16   
1.01    19___16:41:21   135     76    59    3.7     ---   -17   
9.61    19___16:41:50   136     76    60    3.74    +++   -16   
1.16    19___16:42:3    137     77    60    3.72    ---   -17   
1.98    19___16:42:20   138     78    60    3.71    ---   -18   
1.87    19___16:42:36   139     79    60    3.7     ---   -19   
5.3     19___16:43:0    140     79    61    3.71    +++   -18   
1.95    19___16:43:17   141     80    61    3.69    ---   -19   
31.1    19___16:44:2    142     80    62    3.89    +++   -18   
2.28    19___16:44:20   143     80    63    3.88    +++   -17   
1.12    19___16:44:33   144     81    63    3.86    ---   -18   
3.04    19___16:44:52   145     81    64    3.85    +++   -17   
1.39    19___16:45:7    146     82    64    3.83    ---   -18   
1.44    19___16:45:21   147     83    64    3.82    ---   -19   
21.55   19___16:46:1    148     83    65    3.94    +++   -18   
1.78    19___16:46:17   149     84    65    3.92    ---   -19   
2.86    19___16:46:36   150     84    66    3.92    +++   -18   
5.08    19___16:46:59   151     84    67    3.92    +++   -17   
1.54    19___16:47:14   152     85    67    3.91    ---   -18   
9.01    19___16:47:43   153     85    68    3.94    +++   -17   
5.54    19___16:48:7    154     85    69    3.95    +++   -16   
1.01    19___16:48:18   155     86    69    3.93    ---   -17   
2.89    19___16:48:37   156     86    70    3.93    +++   -16   
3.44    19___16:48:58   157     86    71    3.92    +++   -15   
6.09    19___16:49:23   158     86    72    3.94    +++   -14   
21.76   19___16:50:2    159     86    73    4.05    +++   -13   
1.55    19___16:50:17   160     87    73    4.03    ---   -14   
1.83    19___16:50:33   161     88    73    4.02    ---   -15   
1.61    19___16:50:49   162     89    73    4       ---   -16   
16.13   19___16:51:24   163     89    74    4.08    +++   -15   
15.33   19___16:51:59   164     89    75    4.15    +++   -14   
16.13   19___16:52:34   165     89    76    4.22    +++   -13   
24.77   19___16:53:15   166     89    77    4.34    +++   -12   
2.21    19___16:53:33   167     89    78    4.33    +++   -11   
1.34    19___16:53:47   168     90    78    4.31    ---   -12   
18.05   19___16:54:24   169     90    79    4.39    +++   -11   
1.37    19___16:54:38   170     91    79    4.38    ---   -12   
2.34    19___16:54:56   171     91    80    4.36    +++   -11   
8       19___16:55:23   172     91    81    4.39    +++   -10   
3.14    19___16:55:43   173     91    82    4.38    +++   -9    
1.76    19___16:55:59   174     92    82    4.36    ---   -10   
2.68    19___16:56:18   175     92    83    4.35    +++   -9    
1.19    19___16:56:31   176     93    83    4.34    ---   -10   
1.11    19___16:56:44   177     94    83    4.32    ---   -11   
5.75    19___16:57:8    178     94    84    4.33    +++   -10   
1.31    19___16:57:22   179     95    84    4.31    ---   -11   
4.47    19___16:57:45   180     95    85    4.31    +++   -10   
25.2    19___16:58:26   181     95    86    4.42    +++   -9    
14.11   19___16:59:0    182     95    87    4.48    +++   -8    
3.32    19___16:59:20   183     95    88    4.47    +++   -7    
3.28    19___16:59:40   184     95    89    4.47    +++   -6    
1.52    19___16:59:55   185     96    89    4.45    ---   -7    
