4.62    19___12:0:17    1       0     1     4.62    +++   1     
1.61    19___12:0:32    2       1     1     3.11    ---   0     
1.13    19___12:0:45    3       2     1     2.45    ---   -1    
11.52   19___12:1:16    4       2     2     4.72    +++   0     
1.74    19___12:1:32    5       3     2     4.12    ---   -1    
1.46    19___12:1:47    6       4     2     3.68    ---   -2    
3.69    19___12:2:8     7       4     3     3.68    +++   -1    
24.87   19___12:2:49    8       4     4     6.33    +++   0     
1.78    19___12:3:5     9       5     4     5.82    ---   -1    
2.71    19___12:3:24    10      5     5     5.51    +++   0     
1.32    19___12:3:38    11      6     5     5.13    ---   -1    
1.11    19___12:3:51    12      7     5     4.79    ---   -2    
2.4     19___12:4:9     13      7     6     4.61    +++   -1    
3.05    19___12:4:28    14      7     7     4.5     +++   0     
1.92    19___12:4:45    15      8     7     4.32    ---   -1    
1       19___12:4:56    16      9     7     4.12    ---   -2    
1.18    19___12:5:9     17      10    7     3.94    ---   -3    
1.52    19___12:5:24    18      11    7     3.81    ---   -4    
1.65    19___12:5:40    19      12    7     3.69    ---   -5    
2.06    19___12:5:57    20      12    8     3.61    +++   -4    
1.79    19___12:6:13    21      13    8     3.53    ---   -5    
1.64    19___12:6:28    22      14    8     3.44    ---   -6    
1       19___12:6:39    23      15    8     3.33    ---   -7    
1.14    19___12:6:52    24      16    8     3.24    ---   -8    
3.66    19___12:7:13    25      16    9     3.26    +++   -7    
1.13    19___12:7:26    26      17    9     3.18    ---   -8    
1.88    19___12:7:42    27      18    9     3.13    ---   -9    
8.53    19___12:8:10    28      18    10    3.32    +++   -8    
1.37    19___12:8:24    29      19    10    3.25    ---   -9    
30.61   19___12:9:9     30      19    11    4.16    +++   -8    
27.87   19___12:9:53    31      19    12    4.93    +++   -7    
1.02    19___12:10:4    32      20    12    4.81    ---   -8    
1.3     19___12:10:18   33      21    12    4.7     ---   -9    
2.83    19___12:10:37   34      21    13    4.65    +++   -8    
1.1     19___12:10:50   35      22    13    4.54    ---   -9    
2.67    19___12:11:8    36      22    14    4.49    +++   -8    
6.25    19___12:11:33   37      22    15    4.54    +++   -7    
1.2     19___12:11:47   38      23    15    4.45    ---   -8    
2.49    19___12:12:5    39      23    16    4.4     +++   -7    
1.06    19___12:12:17   40      24    16    4.32    ---   -8    
10.99   19___12:12:48   41      24    17    4.48    +++   -7    
3.13    19___12:13:7    42      24    18    4.45    +++   -6    
1.52    19___12:13:23   43      25    18    4.38    ---   -7    
1       19___12:13:33   44      26    18    4.3     ---   -8    
1       19___12:13:44   45      27    18    4.23    ---   -9    
22.01   19___12:14:23   46      27    19    4.62    +++   -8    
30.88   19___12:15:8    47      27    20    5.17    +++   -7    
2.63    19___12:15:27   48      27    21    5.12    +++   -6    
1.26    19___12:15:41   49      28    21    5.04    ---   -7    
1.38    19___12:15:55   50      29    21    4.97    ---   -8    
1.28    19___12:16:9    51      30    21    4.9     ---   -9    
1.84    19___12:16:25   52      31    21    4.84    ---   -10   
2.1     19___12:16:42   53      31    22    4.79    +++   -9    
1.08    19___12:16:55   54      32    22    4.72    ---   -10   
1.99    19___12:17:12   55      33    22    4.67    ---   -11   
10.35   19___12:17:42   56      33    23    4.77    +++   -10   
24.07   19___12:18:23   57      33    24    5.11    +++   -9    
1.42    19___12:18:37   58      34    24    5.04    ---   -10   
1.61    19___12:18:53   59      35    24    4.99    ---   -11   
3.32    19___12:19:13   60      35    25    4.96    +++   -10   
11.21   19___12:19:44   61      35    26    5.06    +++   -9    
28.85   19___12:20:28   62      35    27    5.44    +++   -8    
1.97    19___12:20:44   63      36    27    5.39    ---   -9    
1.35    19___12:20:59   64      37    27    5.33    ---   -10   
1       19___12:21:9    65      38    27    5.26    ---   -11   
3.23    19___12:21:29   66      38    28    5.23    +++   -10   
4.55    19___12:21:52   67      38    29    5.22    +++   -9    
5.02    19___12:22:15   68      38    30    5.21    +++   -8    
2.92    19___12:22:34   69      38    31    5.18    +++   -7    
5.24    19___12:22:58   70      38    32    5.18    +++   -6    
4.53    19___12:23:20   71      38    33    5.17    +++   -5    
1.51    19___12:23:35   72      39    33    5.12    ---   -6    
1.47    19___12:23:50   73      40    33    5.07    ---   -7    
1.87    19___12:24:7    74      41    33    5.03    ---   -8    
3.1     19___12:24:26   75      41    34    5       +++   -7    
21.61   19___12:25:5    76      41    35    5.22    +++   -6    
1.23    19___12:25:19   77      42    35    5.17    ---   -7    
1.44    19___12:25:34   78      43    35    5.12    ---   -8    
1.41    19___12:25:48   79      44    35    5.07    ---   -9    
1.42    19___12:26:3    80      45    35    5.03    ---   -10   
2.29    19___12:26:21   81      45    36    4.99    +++   -9    
1.45    19___12:26:36   82      46    36    4.95    ---   -10   
2.32    19___12:26:53   83      46    37    4.92    +++   -9    
1.95    19___12:27:10   84      47    37    4.88    ---   -10   
4.99    19___12:27:33   85      47    38    4.89    +++   -9    
1.36    19___12:27:48   86      48    38    4.84    ---   -10   
1.04    19___12:27:59   87      49    38    4.8     ---   -11   
5.45    19___12:28:23   88      49    39    4.81    +++   -10   
1.6     19___12:28:39   89      50    39    4.77    ---   -11   
1.25    19___12:28:52   90      51    39    4.73    ---   -12   
1.1     19___12:29:5    91      52    39    4.69    ---   -13   
2.23    19___12:29:23   92      52    40    4.67    +++   -12   
2.18    19___12:29:40   93      52    41    4.64    +++   -11   
2.09    19___12:29:57   94      52    42    4.61    +++   -10   
9.12    19___12:30:26   95      52    43    4.66    +++   -9    
1.26    19___12:30:40   96      53    43    4.62    ---   -10   
6.73    19___12:31:5    97      53    44    4.65    +++   -9    
1.21    19___12:31:19   98      54    44    4.61    ---   -10   
1.02    19___12:31:30   99      55    44    4.57    ---   -11   
1.43    19___12:31:45   100     56    44    4.54    ---   -12   
2.8     19___12:32:4    101     56    45    4.53    +++   -11   
2.04    19___12:32:21   102     56    46    4.5     +++   -10   
1.25    19___12:32:35   103     57    46    4.47    ---   -11   
1.15    19___12:32:48   104     58    46    4.44    ---   -12   
1.83    19___12:33:4    105     59    46    4.41    ---   -13   
1.01    19___12:33:15   106     60    46    4.38    ---   -14   
5.21    19___12:33:39   107     60    47    4.39    +++   -13   
4.12    19___12:34:0    108     60    48    4.39    +++   -12   
1.17    19___12:34:13   109     61    48    4.36    ---   -13   
2.97    19___12:34:33   110     61    49    4.34    +++   -12   
1.43    19___12:34:48   111     62    49    4.32    ---   -13   
14.54   19___12:35:21   112     62    50    4.41    +++   -12   
1.82    19___12:35:38   113     63    50    4.39    ---   -13   
1.11    19___12:35:50   114     64    50    4.36    ---   -14   
7.72    19___12:36:17   115     64    51    4.39    +++   -13   
19.65   19___12:36:55   116     64    52    4.52    +++   -12   
1.75    19___12:37:11   117     65    52    4.49    ---   -13   
1.02    19___12:37:22   118     66    52    4.46    ---   -14   
2.26    19___12:37:40   119     66    53    4.45    +++   -13   
3.01    19___12:38:0    120     66    54    4.43    +++   -12   
1.68    19___12:38:15   121     67    54    4.41    ---   -13   
1       19___12:38:26   122     68    54    4.38    ---   -14   
1.4     19___12:38:40   123     69    54    4.36    ---   -15   
1.31    19___12:38:55   124     70    54    4.33    ---   -16   
2.8     19___12:39:14   125     70    55    4.32    +++   -15   
1.61    19___12:39:29   126     71    55    4.3     ---   -16   
1.3     19___12:39:43   127     72    55    4.28    ---   -17   
1.47    19___12:39:58   128     73    55    4.25    ---   -18   
2.99    19___12:40:17   129     73    56    4.24    +++   -17   
1       19___12:40:28   130     74    56    4.22    ---   -18   
1       19___12:40:39   131     75    56    4.19    ---   -19   
8.15    19___12:41:6    132     75    57    4.22    +++   -18   
2.79    19___12:41:25   133     75    58    4.21    +++   -17   
6.84    19___12:41:51   134     75    59    4.23    +++   -16   
8.26    19___12:42:18   135     75    60    4.26    +++   -15   
1.79    19___12:42:35   136     76    60    4.24    ---   -16   
1.27    19___12:42:48   137     77    60    4.22    ---   -17   
1.91    19___12:43:5    138     78    60    4.21    ---   -18   
12.01   19___12:43:37   139     78    61    4.26    +++   -17   
17.08   19___12:44:12   140     78    62    4.35    +++   -16   
5.83    19___12:44:37   141     78    63    4.36    +++   -15   
5.8     19___12:45:1    142     78    64    4.37    +++   -14   
1.53    19___12:45:16   143     79    64    4.35    ---   -15   
1.39    19___12:45:31   144     80    64    4.33    ---   -16   
1       19___12:45:41   145     81    64    4.31    ---   -17   
3.88    19___12:46:3    146     81    65    4.31    +++   -16   
2.87    19___12:46:22   147     81    66    4.3     +++   -15   
5.02    19___12:46:45   148     81    67    4.3     +++   -14   
25.75   19___12:47:27   149     81    68    4.45    +++   -13   
2.89    19___12:47:46   150     81    69    4.44    +++   -12   
2.48    19___12:48:5    151     81    70    4.42    +++   -11   
1.17    19___12:48:18   152     82    70    4.4     ---   -12   
1.61    19___12:48:33   153     83    70    4.38    ---   -13   
11.02   19___12:49:4    154     83    71    4.43    +++   -12   
2.86    19___12:49:23   155     83    72    4.42    +++   -11   
1.88    19___12:49:40   156     84    72    4.4     ---   -12   
2.77    19___12:49:58   157     84    73    4.39    +++   -11   
1       19___12:50:9    158     85    73    4.37    ---   -12   
3       19___12:50:29   159     85    74    4.36    +++   -11   
1.03    19___12:50:40   160     86    74    4.34    ---   -12   
2.24    19___12:50:58   161     86    75    4.33    +++   -11   
1.07    19___12:51:10   162     87    75    4.31    ---   -12   
1.07    19___12:51:22   163     88    75    4.29    ---   -13   
3.62    19___12:51:43   164     88    76    4.28    +++   -12   
2.2     19___12:52:0    165     88    77    4.27    +++   -11   
1.86    19___12:52:17   166     89    77    4.25    ---   -12   
20.89   19___12:52:56   167     89    78    4.35    +++   -11   
1.24    19___12:53:9    168     90    78    4.34    ---   -12   
8.16    19___12:53:37   169     90    79    4.36    +++   -11   
1       19___12:53:47   170     91    79    4.34    ---   -12   
2.19    19___12:54:5    171     91    80    4.33    +++   -11   
1.71    19___12:54:21   172     92    80    4.31    ---   -12   
2.07    19___12:54:38   173     92    81    4.3     +++   -11   
1.91    19___12:54:54   174     93    81    4.28    ---   -12   
7.76    19___12:55:21   175     93    82    4.3     +++   -11   
1.02    19___12:55:33   176     94    82    4.29    ---   -12   
1       19___12:55:43   177     95    82    4.27    ---   -13   
4.44    19___12:56:6    178     95    83    4.27    +++   -12   
2.72    19___12:56:24   179     95    84    4.26    +++   -11   
2.74    19___12:56:43   180     95    85    4.25    +++   -10   
2.52    19___12:57:2    181     95    86    4.24    +++   -9    
1.95    19___12:57:18   182     96    86    4.23    ---   -10   
10.25   19___12:57:48   183     96    87    4.26    +++   -9    
1.34    19___12:58:2    184     97    87    4.25    ---   -10   
1.7     19___12:58:18   185     98    87    4.23    ---   -11   
4.62    19___12:58:41   186     98    88    4.23    +++   -10   
1.93    19___12:58:57   187     99    88    4.22    ---   -11   
1.09    19___12:59:10   188     100   88    4.2     ---   -12   
1.28    19___12:59:24   189     101   88    4.19    ---   -13   
2.06    19___12:59:41   190     101   89    4.18    +++   -12   
1.75    19___12:59:57   191     102   89    4.16    ---   -13   
