5.52    19___15:36:54   1       0     1     5.52    +++   1     
3.75    19___15:37:15   2       0     2     4.63    +++   2     
3.05    19___15:37:34   3       0     3     4.1     +++   3     
1.32    19___15:37:49   4       1     3     3.41    ---   2     
1.52    19___15:38:4    5       2     3     3.03    ---   1     
12.5    19___15:38:36   6       2     4     4.61    +++   2     
21.75   19___15:39:15   7       2     5     7.05    +++   3     
12.8    19___15:39:47   8       2     6     7.77    +++   4     
2.3     19___15:40:5    9       2     7     7.16    +++   5     
1.04    19___15:40:17   10      3     7     6.55    ---   4     
3.01    19___15:40:36   11      3     8     6.23    +++   5     
1.25    19___15:40:50   12      4     8     5.81    ---   4     
2.72    19___15:41:9    13      4     9     5.57    +++   5     
1.12    19___15:41:22   14      5     9     5.26    ---   4     
1.52    19___15:41:37   15      6     9     5.01    ---   3     
1.1     19___15:41:49   16      7     9     4.76    ---   2     
1.14    19___15:42:2    17      8     9     4.55    ---   1     
2.17    19___15:42:20   18      8     10    4.42    +++   2     
2       19___15:42:37   19      8     11    4.29    +++   3     
2.03    19___15:42:54   20      8     12    4.18    +++   4     
8.01    19___15:43:21   21      8     13    4.36    +++   5     
4.17    19___15:43:43   22      8     14    4.35    +++   6     
1.59    19___15:43:58   23      9     14    4.23    ---   5     
23.16   19___15:44:38   24      9     15    5.02    +++   6     
1.12    19___15:44:51   25      10    15    4.86    ---   5     
1       19___15:45:2    26      11    15    4.71    ---   4     
1.52    19___15:45:17   27      12    15    4.59    ---   3     
1.13    19___15:45:30   28      13    15    4.47    ---   2     
2.38    19___15:45:48   29      13    16    4.4     +++   3     
1       19___15:45:58   30      14    16    4.28    ---   2     
14.57   19___15:46:32   31      14    17    4.62    +++   3     
2.47    19___15:46:50   32      14    18    4.55    +++   4     
2.22    19___15:47:8    33      14    19    4.48    +++   5     
10.73   19___15:47:38   34      14    20    4.66    +++   6     
1.45    19___15:47:53   35      15    20    4.57    ---   5     
24.6    19___15:48:34   36      15    21    5.13    +++   6     
1.01    19___15:48:45   37      16    21    5.01    ---   5     
4.96    19___15:49:9    38      16    22    5.01    +++   6     
3.38    19___15:49:29   39      16    23    4.97    +++   7     
2.49    19___15:49:47   40      16    24    4.91    +++   8     
3.4     19___15:50:7    41      16    25    4.87    +++   9     
2.85    19___15:50:27   42      16    26    4.82    +++   10    
4.8     19___15:50:49   43      16    27    4.82    +++   11    
31.79   19___15:51:35   44      16    28    5.44    +++   12    
1.17    19___15:51:48   45      17    28    5.34    ---   11    
1.06    19___15:52:0    46      18    28    5.25    ---   10    
3.37    19___15:52:21   47      18    29    5.21    +++   11    
19.74   19___15:52:59   48      18    30    5.51    +++   12    
21.86   19___15:53:38   49      18    31    5.84    +++   13    
1.05    19___15:53:50   50      19    31    5.75    ---   12    
6.12    19___15:54:15   51      19    32    5.76    +++   13    
1.12    19___15:54:28   52      20    32    5.67    ---   12    
1.72    19___15:54:44   53      21    32    5.59    ---   11    
1.38    19___15:54:58   54      22    32    5.51    ---   10    
1.3     19___15:55:12   55      23    32    5.44    ---   9     
5.33    19___15:55:36   56      23    33    5.43    +++   10    
3.14    19___15:55:56   57      23    34    5.39    +++   11    
1.58    19___15:56:11   58      24    34    5.33    ---   10    
1.67    19___15:56:27   59      25    34    5.27    ---   9     
1.11    19___15:56:39   60      26    34    5.2     ---   8     
1.22    19___15:56:53   61      27    34    5.13    ---   7     
1.43    19___15:57:8    62      28    34    5.07    ---   6     
4.04    19___15:57:29   63      28    35    5.06    +++   7     
2.12    19___15:57:47   64      28    36    5.01    +++   8     
3.2     19___15:58:6    65      28    37    4.98    +++   9     
1.86    19___15:58:23   66      29    37    4.93    ---   8     
2.8     19___15:58:42   67      29    38    4.9     +++   9     
1.28    19___15:58:56   68      30    38    4.85    ---   8     
1.42    19___15:59:11   69      31    38    4.8     ---   7     
9.7     19___15:59:40   70      31    39    4.87    +++   8     
