27.98   19___18:0:31    1       0     1     27.98   +++   1     
2.07    19___18:0:48    2       0     2     15.02   +++   2     
1.36    19___18:1:3     3       1     2     10.47   ---   1     
3.67    19___18:1:24    4       1     3     8.77    +++   2     
1.23    19___18:1:38    5       2     3     7.26    ---   1     
1.19    19___18:1:51    6       3     3     6.24    ---   0     
2.56    19___18:2:10    7       3     4     5.72    +++   1     
1.05    19___18:2:22    8       4     4     5.13    ---   0     
9.53    19___18:2:51    9       4     5     5.62    +++   1     
3.35    19___18:3:11    10      4     6     5.39    +++   2     
7.71    19___18:3:38    11      4     7     5.6     +++   3     
7.88    19___18:4:5     12      4     8     5.79    +++   4     
4.35    19___18:4:27    13      4     9     5.68    +++   5     
1.7     19___18:4:43    14      5     9     5.4     ---   4     
1.78    19___18:4:59    15      6     9     5.16    ---   3     
