6.04    19___10:0:5     1       0     1     6.04    +++   1     
1.3     19___10:0:19    2       1     1     3.67    ---   0     
7.35    19___10:0:45    3       1     2     4.89    +++   1     
1.09    19___10:0:57    4       2     2     3.94    ---   0     
5.19    19___10:1:21    5       2     3     4.19    +++   1     
1.65    19___10:1:37    6       3     3     3.76    ---   0     
1.18    19___10:1:50    7       4     3     3.39    ---   -1    
3.72    19___10:2:11    8       4     4     3.43    +++   0     
1.03    19___10:2:22    9       5     4     3.17    ---   -1    
1.15    19___10:2:35    10      6     4     2.97    ---   -2    
2.4     19___10:2:53    11      6     5     2.91    +++   -1    
1.27    19___10:3:7     12      7     5     2.78    ---   -2    
1.95    19___10:3:24    13      8     5     2.71    ---   -3    
5.06    19___10:3:47    14      8     6     2.88    +++   -2    
1.37    19___10:4:2     15      9     6     2.78    ---   -3    
2.17    19___10:4:19    16      9     7     2.74    +++   -2    
3.34    19___10:4:39    17      9     8     2.78    +++   -1    
11.89   19___10:5:11    18      9     9     3.28    +++   0     
1.85    19___10:5:27    19      10    9     3.21    ---   -1    
3.03    19___10:5:47    20      10    10    3.2     +++   0     
1.46    19___10:6:1     21      11    10    3.11    ---   -1    
3.31    19___10:6:22    22      11    11    3.12    +++   0     
23.01   19___10:7:2     23      11    12    3.99    +++   1     
1.63    19___10:7:17    24      12    12    3.89    ---   0     
3.65    19___10:7:38    25      12    13    3.88    +++   1     
1.31    19___10:7:52    26      13    13    3.78    ---   0     
1.05    19___10:8:4     27      14    13    3.68    ---   -1    
2.6     19___10:8:23    28      14    14    3.64    +++   0     
28.24   19___10:9:6     29      14    15    4.49    +++   1     
1.61    19___10:9:22    30      15    15    4.39    ---   0     
1.83    19___10:9:38    31      16    15    4.31    ---   -1    
6.95    19___10:10:4    32      16    16    4.39    +++   0     
9.57    19___10:10:33   33      16    17    4.55    +++   1     
2.2     19___10:10:51   34      16    18    4.48    +++   2     
1       19___10:11:1    35      17    18    4.38    ---   1     
1.95    19___10:11:18   36      18    18    4.31    ---   0     
1.09    19___10:11:30   37      19    18    4.22    ---   -1    
4.52    19___10:11:53   38      19    19    4.23    +++   0     
1.43    19___10:12:7    39      20    19    4.16    ---   -1    
2.13    19___10:12:25   40      20    20    4.11    +++   0     
5.82    19___10:12:49   41      20    21    4.15    +++   1     
1.65    19___10:13:5    42      21    21    4.09    ---   0     
3.07    19___10:13:24   43      21    22    4.07    +++   1     
16.05   19___10:14:0    44      21    23    4.34    +++   2     
1.49    19___10:14:14   45      22    23    4.28    ---   1     
3.6     19___10:14:35   46      22    24    4.26    +++   2     
1.05    19___10:14:47   47      23    24    4.19    ---   1     
1.24    19___10:15:1    48      24    24    4.13    ---   0     
7.34    19___10:15:27   49      24    25    4.2     +++   1     
1       19___10:15:38   50      25    25    4.13    ---   0     
1.01    19___10:15:49   51      26    25    4.07    ---   -1    
1.64    19___10:16:5    52      27    25    4.02    ---   -2    
1.06    19___10:16:17   53      28    25    3.97    ---   -3    
1.93    19___10:16:33   54      29    25    3.93    ---   -4    
21.76   19___10:17:13   55      29    26    4.25    +++   -3    
1.1     19___10:17:25   56      30    26    4.2     ---   -4    
1       19___10:17:36   57      31    26    4.14    ---   -5    
2.23    19___10:17:53   58      31    27    4.11    +++   -4    
3.65    19___10:18:14   59      31    28    4.1     +++   -3    
6.29    19___10:18:39   60      31    29    4.14    +++   -2    
1.01    19___10:18:51   61      32    29    4.09    ---   -3    
1       19___10:19:1    62      33    29    4.04    ---   -4    
3.21    19___10:19:21   63      33    30    4.02    +++   -3    
7.46    19___10:19:48   64      33    31    4.08    +++   -2    
1.77    19___10:20:4    65      34    31    4.04    ---   -3    
1.19    19___10:20:17   66      35    31    4       ---   -4    
1       19___10:20:28   67      36    31    3.95    ---   -5    
2.49    19___10:20:46   68      36    32    3.93    +++   -4    
2.1     19___10:21:3    69      36    33    3.9     +++   -3    
8.67    19___10:21:31   70      36    34    3.97    +++   -2    
1.3     19___10:21:45   71      37    34    3.94    ---   -3    
3.44    19___10:22:6    72      37    35    3.93    +++   -2    
4.63    19___10:22:28   73      37    36    3.94    +++   -1    
1       19___10:22:39   74      38    36    3.9     ---   -2    
8.47    19___10:23:7    75      38    37    3.96    +++   -1    
24.95   19___10:23:48   76      38    38    4.24    +++   0     
1.06    19___10:24:0    77      39    38    4.19    ---   -1    
1.53    19___10:24:15   78      40    38    4.16    ---   -2    
1.97    19___10:24:32   79      41    38    4.13    ---   -3    
1.91    19___10:24:49   80      42    38    4.1     ---   -4    
1.04    19___10:25:0    81      43    38    4.07    ---   -5    
2.32    19___10:25:18   82      43    39    4.04    +++   -4    
1.4     19___10:25:33   83      44    39    4.01    ---   -5    
1.17    19___10:25:46   84      45    39    3.98    ---   -6    
1.74    19___10:26:2    85      46    39    3.95    ---   -7    
1.2     19___10:26:15   86      47    39    3.92    ---   -8    
1.33    19___10:26:29   87      48    39    3.89    ---   -9    
25.6    19___10:27:11   88      48    40    4.14    +++   -8    
1.29    19___10:27:25   89      49    40    4.11    ---   -9    
1       19___10:27:36   90      50    40    4.07    ---   -10   
21.19   19___10:28:15   91      50    41    4.26    +++   -9    
2.38    19___10:28:33   92      50    42    4.24    +++   -8    
1.34    19___10:28:47   93      51    42    4.21    ---   -9    
1.27    19___10:29:1    94      52    42    4.18    ---   -10   
2.1     19___10:29:18   95      52    43    4.15    +++   -9    
1.17    19___10:29:31   96      53    43    4.12    ---   -10   
1.54    19___10:29:46   97      54    43    4.1     ---   -11   
2.7     19___10:30:5    98      54    44    4.08    +++   -10   
1.22    19___10:30:19   99      55    44    4.05    ---   -11   
4.44    19___10:30:41   100     55    45    4.06    +++   -10   
1       19___10:30:51   101     56    45    4.03    ---   -11   
6.36    19___10:31:17   102     56    46    4.05    +++   -10   
3.04    19___10:31:36   103     56    47    4.04    +++   -9    
4.04    19___10:31:58   104     56    48    4.04    +++   -8    
1.64    19___10:32:13   105     57    48    4.02    ---   -9    
10.97   19___10:32:44   106     57    49    4.08    +++   -8    
1.47    19___10:32:59   107     58    49    4.06    ---   -9    
1.93    19___10:33:15   108     59    49    4.04    ---   -10   
1.47    19___10:33:30   109     60    49    4.01    ---   -11   
1.03    19___10:33:42   110     61    49    3.99    ---   -12   
5.04    19___10:34:5    111     61    50    4       +++   -11   
3.18    19___10:34:25   112     61    51    3.99    +++   -10   
13.77   19___10:34:58   113     61    52    4.08    +++   -9    
5.75    19___10:35:23   114     61    53    4.09    +++   -8    
2.43    19___10:35:41   115     61    54    4.08    +++   -7    
2.03    19___10:35:58   116     61    55    4.06    +++   -6    
1.66    19___10:36:13   117     62    55    4.04    ---   -7    
8.54    19___10:36:41   118     62    56    4.08    +++   -6    
22.15   19___10:37:21   119     62    57    4.23    +++   -5    
6.18    19___10:37:46   120     62    58    4.24    +++   -4    
2.85    19___10:38:5    121     62    59    4.23    +++   -3    
2.05    19___10:38:22   122     62    60    4.21    +++   -2    
1.29    19___10:38:36   123     63    60    4.19    ---   -3    
2.33    19___10:38:54   124     63    61    4.18    +++   -2    
20.79   19___10:39:33   125     63    62    4.31    +++   -1    
1.4     19___10:39:47   126     64    62    4.29    ---   -2    
1.88    19___10:40:4    127     65    62    4.27    ---   -3    
1.27    19___10:40:17   128     66    62    4.24    ---   -4    
32.78   19___10:41:4    129     66    63    4.46    +++   -3    
4.74    19___10:41:26   130     66    64    4.47    +++   -2    
4.87    19___10:41:49   131     66    65    4.47    +++   -1    
2.62    19___10:42:8    132     66    66    4.45    +++   0     
2.42    19___10:42:26   133     66    67    4.44    +++   1     
2.07    19___10:42:43   134     66    68    4.42    +++   2     
1.29    19___10:42:57   135     67    68    4.4     ---   1     
1.03    19___10:43:9    136     68    68    4.37    ---   0     
1.64    19___10:43:24   137     69    68    4.35    ---   -1    
6.39    19___10:43:50   138     69    69    4.37    +++   0     
2.69    19___10:44:8    139     69    70    4.36    +++   1     
2.01    19___10:44:25   140     69    71    4.34    +++   2     
27.41   19___10:45:8    141     69    72    4.5     +++   3     
3.44    19___10:45:29   142     69    73    4.5     +++   4     
3.06    19___10:45:48   143     69    74    4.49    +++   5     
1.13    19___10:46:1    144     70    74    4.46    ---   4     
13.05   19___10:46:34   145     70    75    4.52    +++   5     
1.44    19___10:46:48   146     71    75    4.5     ---   4     
1.64    19___10:47:4    147     72    75    4.48    ---   3     
1.53    19___10:47:19   148     73    75    4.46    ---   2     
3.06    19___10:47:39   149     73    76    4.45    +++   3     
1.49    19___10:47:54   150     74    76    4.43    ---   2     
1.21    19___10:48:7    151     75    76    4.41    ---   1     
1.26    19___10:48:21   152     76    76    4.39    ---   0     
6.48    19___10:48:46   153     76    77    4.4     +++   1     
4.23    19___10:49:8    154     76    78    4.4     +++   2     
1.38    19___10:49:23   155     77    78    4.38    ---   1     
1.52    19___10:49:38   156     78    78    4.36    ---   0     
2.22    19___10:49:55   157     78    79    4.35    +++   1     
1       19___10:50:6    158     79    79    4.33    ---   0     
2.88    19___10:50:25   159     79    80    4.32    +++   1     
6.68    19___10:50:51   160     79    81    4.33    +++   2     
1.1     19___10:51:3    161     80    81    4.31    ---   1     
1.9     19___10:51:20   162     81    81    4.3     ---   0     
3.95    19___10:51:41   163     81    82    4.3     +++   1     
1       19___10:51:52   164     82    82    4.28    ---   0     
3.44    19___10:52:12   165     82    83    4.27    +++   1     
2.6     19___10:52:31   166     82    84    4.26    +++   2     
1.19    19___10:52:44   167     83    84    4.24    ---   1     
2.41    19___10:53:2    168     83    85    4.23    +++   2     
2.22    19___10:53:20   169     83    86    4.22    +++   3     
10.17   19___10:53:49   170     83    87    4.26    +++   4     
1.51    19___10:54:4    171     84    87    4.24    ---   3     
1.08    19___10:54:17   172     85    87    4.22    ---   2     
3.76    19___10:54:38   173     85    88    4.22    +++   3     
1.97    19___10:54:54   174     86    88    4.21    ---   2     
3.06    19___10:55:14   175     86    89    4.2     +++   3     
2.35    19___10:55:32   176     86    90    4.19    +++   4     
1.64    19___10:55:48   177     87    90    4.17    ---   3     
5.23    19___10:56:11   178     87    91    4.18    +++   4     
2.82    19___10:56:30   179     87    92    4.17    +++   5     
3.68    19___10:56:51   180     87    93    4.17    +++   6     
4.9     19___10:57:14   181     87    94    4.17    +++   7     
20.22   19___10:57:52   182     87    95    4.26    +++   8     
1.67    19___10:58:8    183     88    95    4.25    ---   7     
12.79   19___10:58:40   184     88    96    4.29    +++   8     
1       19___10:58:51   185     89    96    4.28    ---   7     
11.52   19___10:59:22   186     89    97    4.32    +++   8     
1.38    19___10:59:36   187     90    97    4.3     ---   7     
1.83    19___10:59:53   188     91    97    4.29    ---   6     
