6.84    19___11:0:19    1       0     1     6.84    +++   1     
1.22    19___11:0:32    2       1     1     4.03    ---   0     
1.19    19___11:0:45    3       2     1     3.08    ---   -1    
1.42    19___11:1:0     4       3     1     2.66    ---   -2    
32.3    19___11:1:46    5       3     2     8.59    +++   -1    
1.02    19___11:1:58    6       4     2     7.33    ---   -2    
3.15    19___11:2:17    7       4     3     6.73    +++   -1    
17.23   19___11:2:53    8       4     4     8.04    +++   0     
1.11    19___11:3:6     9       5     4     7.27    ---   -1    
3.64    19___11:3:27    10      5     5     6.91    +++   0     
2       19___11:3:44    11      5     6     6.46    +++   1     
1.88    19___11:4:0     12      6     6     6.08    ---   0     
1.6     19___11:4:16    13      7     6     5.73    ---   -1    
1.83    19___11:4:32    14      8     6     5.45    ---   -2    
5.61    19___11:4:56    15      8     7     5.46    +++   -1    
3.84    19___11:5:17    16      8     8     5.36    +++   0     
1.75    19___11:5:33    17      9     8     5.15    ---   -1    
1.27    19___11:5:47    18      10    8     4.93    ---   -2    
8.21    19___11:6:15    19      10    9     5.11    +++   -1    
1.83    19___11:6:31    20      11    9     4.94    ---   -2    
3.32    19___11:6:51    21      11    10    4.86    +++   -1    
2.15    19___11:7:8     22      11    11    4.74    +++   0     
1.01    19___11:7:20    23      12    11    4.58    ---   -1    
7.19    19___11:7:46    24      12    12    4.69    +++   0     
1.54    19___11:8:1     25      13    12    4.56    ---   -1    
1.68    19___11:8:17    26      14    12    4.45    ---   -2    
3.47    19___11:8:37    27      14    13    4.41    +++   -1    
11.53   19___11:9:8     28      14    14    4.67    +++   0     
1.78    19___11:9:25    29      15    14    4.57    ---   -1    
1.17    19___11:9:38    30      16    14    4.45    ---   -2    
3.36    19___11:9:58    31      16    15    4.42    +++   -1    
1.03    19___11:10:10   32      17    15    4.31    ---   -2    
1.5     19___11:10:25   33      18    15    4.23    ---   -3    
4.49    19___11:10:47   34      18    16    4.24    +++   -2    
1.17    19___11:11:0    35      19    16    4.15    ---   -3    
3.04    19___11:11:20   36      19    17    4.12    +++   -2    
2.17    19___11:11:37   37      19    18    4.06    +++   -1    
1       19___11:11:48   38      20    18    3.98    ---   -2    
2.48    19___11:12:6    39      20    19    3.94    +++   -1    
1.22    19___11:12:19   40      21    19    3.88    ---   -2    
1.19    19___11:12:33   41      22    19    3.81    ---   -3    
1.22    19___11:12:46   42      23    19    3.75    ---   -4    
1.08    19___11:12:59   43      24    19    3.69    ---   -5    
1.27    19___11:13:12   44      25    19    3.63    ---   -6    
1.85    19___11:13:29   45      26    19    3.59    ---   -7    
1.05    19___11:13:41   46      27    19    3.54    ---   -8    
1.17    19___11:13:54   47      28    19    3.49    ---   -9    
29.62   19___11:14:38   48      28    20    4.03    +++   -8    
2.76    19___11:14:57   49      28    21    4       +++   -7    
1.33    19___11:15:11   50      29    21    3.95    ---   -8    
17.06   19___11:15:47   51      29    22    4.21    +++   -7    
1.21    19___11:16:1    52      30    22    4.15    ---   -8    
11.94   19___11:16:32   53      30    23    4.3     +++   -7    
2.94    19___11:16:52   54      30    24    4.27    +++   -6    
1.55    19___11:17:7    55      31    24    4.22    ---   -7    
2.02    19___11:17:24   56      31    25    4.18    +++   -6    
3.59    19___11:17:45   57      31    26    4.17    +++   -5    
1.42    19___11:17:59   58      32    26    4.12    ---   -6    
1.75    19___11:18:15   59      33    26    4.08    ---   -7    
1.09    19___11:18:28   60      34    26    4.03    ---   -8    
1.02    19___11:18:39   61      35    26    3.98    ---   -9    
2.28    19___11:18:57   62      35    27    3.96    +++   -8    
1.35    19___11:19:11   63      36    27    3.92    ---   -9    
12.28   19___11:19:43   64      36    28    4.05    +++   -8    
1.88    19___11:19:59   65      37    28    4.01    ---   -9    
1.11    19___11:20:12   66      38    28    3.97    ---   -10   
4.84    19___11:20:35   67      38    29    3.98    +++   -9    
4.03    19___11:20:56   68      38    30    3.98    +++   -8    
1.43    19___11:21:11   69      39    30    3.95    ---   -9    
3.2     19___11:21:31   70      39    31    3.93    +++   -8    
5.44    19___11:21:55   71      39    32    3.96    +++   -7    
2.73    19___11:22:14   72      39    33    3.94    +++   -6    
2.27    19___11:22:31   73      39    34    3.92    +++   -5    
1.14    19___11:22:44   74      40    34    3.88    ---   -6    
1.85    19___11:23:1    75      41    34    3.85    ---   -7    
1.25    19___11:23:14   76      42    34    3.82    ---   -8    
1.81    19___11:23:31   77      43    34    3.79    ---   -9    
1.59    19___11:23:46   78      44    34    3.76    ---   -10   
20.2    19___11:24:24   79      44    35    3.97    +++   -9    
7.59    19___11:24:51   80      44    36    4.02    +++   -8    
5.72    19___11:25:15   81      44    37    4.04    +++   -7    
2.42    19___11:25:33   82      44    38    4.02    +++   -6    
7.16    19___11:26:0    83      44    39    4.05    +++   -5    
1       19___11:26:10   84      45    39    4.02    ---   -6    
3.04    19___11:26:30   85      45    40    4.01    +++   -5    
1.29    19___11:26:44   86      46    40    3.97    ---   -6    
1.49    19___11:26:59   87      47    40    3.95    ---   -7    
1.04    19___11:27:11   88      48    40    3.91    ---   -8    
25.74   19___11:27:53   89      48    41    4.16    +++   -7    
1.24    19___11:28:6    90      49    41    4.13    ---   -8    
1.67    19___11:28:22   91      50    41    4.1     ---   -9    
1.24    19___11:28:36   92      51    41    4.07    ---   -10   
1.1     19___11:28:48   93      52    41    4.04    ---   -11   
2.95    19___11:29:7    94      52    42    4.02    +++   -10   
1.41    19___11:29:22   95      53    42    4       ---   -11   
6.39    19___11:29:47   96      53    43    4.02    +++   -10   
3.44    19___11:30:8    97      53    44    4.02    +++   -9    
1.89    19___11:30:24   98      54    44    3.99    ---   -10   
3.76    19___11:30:45   99      54    45    3.99    +++   -9    
3.2     19___11:31:5    100     54    46    3.98    +++   -8    
2.4     19___11:31:23   101     54    47    3.97    +++   -7    
1.49    19___11:31:38   102     55    47    3.94    ---   -8    
1       19___11:31:49   103     56    47    3.91    ---   -9    
5.19    19___11:32:12   104     56    48    3.93    +++   -8    
1.95    19___11:32:29   105     57    48    3.91    ---   -9    
4.77    19___11:32:52   106     57    49    3.92    +++   -8    
1.51    19___11:33:7    107     58    49    3.89    ---   -9    
4.57    19___11:33:29   108     58    50    3.9     +++   -8    
2.3     19___11:33:47   109     58    51    3.89    +++   -7    
6.97    19___11:34:13   110     58    52    3.91    +++   -6    
1.93    19___11:34:30   111     59    52    3.9     ---   -7    
1.35    19___11:34:44   112     60    52    3.87    ---   -8    
2.23    19___11:35:2    113     60    53    3.86    +++   -7    
1.12    19___11:35:14   114     61    53    3.83    ---   -8    
1.1     19___11:35:27   115     62    53    3.81    ---   -9    
5.26    19___11:35:51   116     62    54    3.82    +++   -8    
1       19___11:36:1    117     63    54    3.8     ---   -9    
2.22    19___11:36:19   118     63    55    3.78    +++   -8    
1.24    19___11:36:32   119     64    55    3.76    ---   -9    
7.81    19___11:36:59   120     64    56    3.8     +++   -8    
6.23    19___11:37:24   121     64    57    3.82    +++   -7    
2.82    19___11:37:43   122     64    58    3.81    +++   -6    
7.28    19___11:38:10   123     64    59    3.84    +++   -5    
11.27   19___11:38:41   124     64    60    3.9     +++   -4    
1.05    19___11:38:53   125     65    60    3.87    ---   -5    
2.03    19___11:39:10   126     65    61    3.86    +++   -4    
1.59    19___11:39:25   127     66    61    3.84    ---   -5    
3.68    19___11:39:46   128     66    62    3.84    +++   -4    
1       19___11:39:56   129     67    62    3.82    ---   -5    
7.13    19___11:40:23   130     67    63    3.84    +++   -4    
8.23    19___11:40:50   131     67    64    3.88    +++   -3    
1       19___11:41:1    132     68    64    3.86    ---   -4    
5.36    19___11:41:24   133     68    65    3.87    +++   -3    
1.48    19___11:41:39   134     69    65    3.85    ---   -4    
5.51    19___11:42:3    135     69    66    3.86    +++   -3    
1.52    19___11:42:18   136     70    66    3.84    ---   -4    
1.79    19___11:42:35   137     71    66    3.83    ---   -5    
1.05    19___11:42:47   138     72    66    3.81    ---   -6    
1.54    19___11:43:2    139     73    66    3.79    ---   -7    
2.83    19___11:43:21   140     73    67    3.79    +++   -6    
2.5     19___11:43:39   141     73    68    3.78    +++   -5    
3.96    19___11:44:1    142     73    69    3.78    +++   -4    
13.32   19___11:44:33   143     73    70    3.84    +++   -3    
1.61    19___11:44:49   144     74    70    3.83    ---   -4    
1.21    19___11:45:2    145     75    70    3.81    ---   -5    
12.33   19___11:45:34   146     75    71    3.87    +++   -4    
2.14    19___11:45:51   147     75    72    3.86    +++   -3    
6.69    19___11:46:17   148     75    73    3.88    +++   -2    
1.51    19___11:46:32   149     76    73    3.86    ---   -3    
3.82    19___11:46:53   150     76    74    3.86    +++   -2    
1.11    19___11:47:6    151     77    74    3.84    ---   -3    
14.19   19___11:47:40   152     77    75    3.91    +++   -2    
1.06    19___11:47:52   153     78    75    3.89    ---   -3    
3.2     19___11:48:12   154     78    76    3.89    +++   -2    
6.37    19___11:48:37   155     78    77    3.9     +++   -1    
1.6     19___11:48:52   156     79    77    3.89    ---   -2    
1.12    19___11:49:5    157     80    77    3.87    ---   -3    
1.33    19___11:49:19   158     81    77    3.85    ---   -4    
1.07    19___11:49:31   159     82    77    3.84    ---   -5    
1       19___11:49:42   160     83    77    3.82    ---   -6    
1.01    19___11:49:53   161     84    77    3.8     ---   -7    
1.06    19___11:50:5    162     85    77    3.78    ---   -8    
2.96    19___11:50:25   163     85    78    3.78    +++   -7    
6.8     19___11:50:50   164     85    79    3.8     +++   -6    
13.17   19___11:51:23   165     85    80    3.85    +++   -5    
1.16    19___11:51:36   166     86    80    3.84    ---   -6    
1.21    19___11:51:49   167     87    80    3.82    ---   -7    
1.45    19___11:52:4    168     88    80    3.81    ---   -8    
1.37    19___11:52:19   169     89    80    3.79    ---   -9    
2.52    19___11:52:37   170     89    81    3.79    +++   -8    
3.15    19___11:52:57   171     89    82    3.78    +++   -7    
1.07    19___11:53:9    172     90    82    3.77    ---   -8    
2.88    19___11:53:28   173     90    83    3.76    +++   -7    
1.3     19___11:53:43   174     91    83    3.75    ---   -8    
1.65    19___11:53:58   175     92    83    3.74    ---   -9    
31.66   19___11:54:43   176     92    84    3.89    +++   -8    
1.24    19___11:54:57   177     93    84    3.88    ---   -9    
1.16    19___11:55:10   178     94    84    3.86    ---   -10   
1.1     19___11:55:23   179     95    84    3.85    ---   -11   
2.67    19___11:55:41   180     95    85    3.84    +++   -10   
1.42    19___11:55:56   181     96    85    3.83    ---   -11   
15.58   19___11:56:31   182     96    86    3.89    +++   -10   
2.69    19___11:56:49   183     96    87    3.89    +++   -9    
1.07    19___11:57:2    184     97    87    3.87    ---   -10   
1.04    19___11:57:14   185     98    87    3.86    ---   -11   
1.26    19___11:57:27   186     99    87    3.84    ---   -12   
3.15    19___11:57:47   187     99    88    3.84    +++   -11   
1.85    19___11:58:3    188     100   88    3.83    ---   -12   
1.27    19___11:58:17   189     101   88    3.81    ---   -13   
31.63   19___11:59:3    190     101   89    3.96    +++   -12   
2.07    19___11:59:20   191     101   90    3.95    +++   -11   
2.83    19___11:59:39   192     101   91    3.94    +++   -10   
1.49    19___11:59:54   193     102   91    3.93    ---   -11   
