1       19___13:0:7     1       1     0     1       ---   -1    
7.33    19___13:0:34    2       1     1     4.16    +++   0     
1.09    19___13:0:46    3       2     1     3.14    ---   -1    
26.76   19___13:1:29    4       2     2     9.04    +++   0     
1.04    19___13:1:41    5       3     2     7.44    ---   -1    
1       19___13:1:51    6       4     2     6.37    ---   -2    
1.57    19___13:2:7     7       5     2     5.68    ---   -3    
1.24    19___13:2:20    8       6     2     5.12    ---   -4    
5.31    19___13:2:44    9       6     3     5.14    +++   -3    
1.55    19___13:2:59    10      7     3     4.78    ---   -4    
3.11    19___13:3:19    11      7     4     4.63    +++   -3    
4.15    19___13:3:41    12      7     5     4.59    +++   -2    
9.95    19___13:4:10    13      7     6     5       +++   -1    
1.37    19___13:4:24    14      8     6     4.74    ---   -2    
3.47    19___13:4:45    15      8     7     4.66    +++   -1    
1.12    19___13:4:58    16      9     7     4.44    ---   -2    
2.05    19___13:5:15    17      9     8     4.3     +++   -1    
1.59    19___13:5:30    18      10    8     4.15    ---   -2    
2.21    19___13:5:48    19      10    9     4.04    +++   -1    
1.21    19___13:6:1     20      11    9     3.9     ---   -2    
1.42    19___13:6:16    21      12    9     3.78    ---   -3    
1.07    19___13:6:28    22      13    9     3.66    ---   -4    
2.43    19___13:6:46    23      13    10    3.61    +++   -3    
2.32    19___13:7:4     24      13    11    3.55    +++   -2    
1.07    19___13:7:16    25      14    11    3.45    ---   -3    
2.16    19___13:7:33    26      14    12    3.4     +++   -2    
7.69    19___13:8:0     27      14    13    3.56    +++   -1    
5.98    19___13:8:25    28      14    14    3.65    +++   0     
1.02    19___13:8:36    29      15    14    3.56    ---   -1    
1.78    19___13:8:52    30      16    14    3.5     ---   -2    
1.64    19___13:9:8     31      17    14    3.44    ---   -3    
1.5     19___13:9:23    32      18    14    3.38    ---   -4    
3.82    19___13:9:44    33      18    15    3.39    +++   -3    
4.27    19___13:10:6    34      18    16    3.42    +++   -2    
1.21    19___13:10:20   35      19    16    3.35    ---   -3    
4.02    19___13:10:41   36      19    17    3.37    +++   -2    
19.5    19___13:22:24   1       0     1     19.5    +++   1     
1.5     19___13:22:39   2       1     1     10.5    ---   0     
4.07    19___13:23:1    3       1     2     8.35    +++   1     
1.39    19___13:23:15   4       2     2     6.61    ---   0     
3.73    19___13:23:36   5       2     3     6.03    +++   1     
6.11    19___13:24:1    6       2     4     6.05    +++   2     
2.5     19___13:24:19   7       2     5     5.54    +++   3     
1.23    19___13:24:33   8       3     5     5       ---   2     
1.03    19___13:24:44   9       4     5     4.56    ---   1     
2.63    19___13:25:3    10      4     6     4.36    +++   2     
2.42    19___13:25:21   11      4     7     4.19    +++   3     
1.27    19___13:25:35   12      5     7     3.94    ---   2     
2.1     19___13:25:52   13      5     8     3.8     +++   3     
8.12    19___13:26:19   14      5     9     4.11    +++   4     
1.69    19___13:26:35   15      6     9     3.95    ---   3     
2.76    19___13:26:54   16      6     10    3.87    +++   4     
4.75    19___13:27:17   17      6     11    3.92    +++   5     
1.05    19___13:27:29   18      7     11    3.76    ---   4     
1.5     19___13:27:44   19      8     11    3.65    ---   3     
1.15    19___13:27:57   20      9     11    3.52    ---   2     
1.95    19___13:28:14   21      10    11    3.45    ---   1     
1.36    19___13:28:28   22      11    11    3.35    ---   0     
28.83   19___13:29:55   23      11    12    4.46    +++   1     
1.44    19___13:30:10   24      12    12    4.33    ---   0     
1.75    19___13:30:30   25      13    12    4.23    ---   -1    
11.97   19___13:31:6    26      13    13    4.53    +++   0     
1.14    19___13:31:24   27      14    13    4.4     ---   -1    
1.56    19___13:32:10   28      15    13    4.3     ---   -2    
1.31    19___13:32:41   29      16    13    4.2     ---   -3    
1.24    19___13:33:47   30      17    13    4.1     ---   -4    
1       19___13:36:15   31      18    13    4       ---   -5    
2.86    19___13:36:36   32      18    14    3.96    +++   -4    
1       19___13:36:49   33      19    14    3.87    ---   -5    
1.68    19___13:37:39   34      20    14    3.81    ---   -6    
5.09    19___13:38:8    35      20    15    3.84    +++   -5    
2.82    19___13:49:13   36      20    16    3.81    +++   -4    
1.76    19___13:49:29   37      21    16    3.76    ---   -5    
2.49    19___13:49:49   38      21    17    3.73    +++   -4    
1.76    19___13:50:5    39      22    17    3.67    ---   -5    
34.91   19___13:50:52   40      22    18    4.46    +++   -4    
1.7     19___13:51:8    41      23    18    4.39    ---   -5    
3.76    19___13:51:29   42      23    19    4.37    +++   -4    
2.46    19___13:51:48   43      23    20    4.33    +++   -3    
1.28    19___13:52:1    44      24    20    4.26    ---   -4    
2.47    19___13:52:20   45      24    21    4.22    +++   -3    
1.82    19___13:52:36   46      25    21    4.17    ---   -4    
2.02    19___13:52:53   47      25    22    4.12    +++   -3    
1.94    19___13:53:9    48      26    22    4.08    ---   -4    
1.93    19___13:53:26   49      27    22    4.03    ---   -5    
1.44    19___13:53:41   50      28    22    3.98    ---   -6    
2.41    19___13:53:59   51      28    23    3.95    +++   -5    
1.19    19___13:54:12   52      29    23    3.9     ---   -6    
6.37    19___13:54:37   53      29    24    3.94    +++   -5    
1       19___13:54:48   54      30    24    3.89    ---   -6    
1.03    19___13:54:59   55      31    24    3.84    ---   -7    
2.86    19___13:55:19   56      31    25    3.82    +++   -6    
2.96    19___13:55:38   57      31    26    3.8     +++   -5    
2.06    19___13:55:55   58      31    27    3.77    +++   -4    
1       19___13:56:6    59      32    27    3.73    ---   -5    
10.08   19___13:56:35   60      32    28    3.83    +++   -4    
1.94    19___13:56:52   61      33    28    3.8     ---   -5    
3.92    19___13:57:24   62      33    29    3.8     +++   -4    
1.12    19___13:57:36   63      34    29    3.76    ---   -5    
4.39    19___13:57:59   64      34    30    3.77    +++   -4    
4.45    19___13:58:21   65      34    31    3.78    +++   -3    
1.1     19___13:58:33   66      35    31    3.74    ---   -4    
2.92    19___13:58:53   67      35    32    3.73    +++   -3    
1.57    19___13:59:8    68      36    32    3.7     ---   -4    
1.95    19___13:59:25   69      37    32    3.67    ---   -5    
2.26    19___13:59:42   70      37    33    3.65    +++   -4    
