1.21    19___17:0:9     1       1     0     1.21    ---   -1    
7.58    19___17:0:35    2       1     1     4.39    +++   0     
1       19___17:0:46    3       2     1     3.26    ---   -1    
13.98   19___17:1:19    4       2     2     5.94    +++   0     
2.17    19___17:1:37    5       2     3     5.18    +++   1     
1.25    19___17:1:50    6       3     3     4.53    ---   0     
2.7     19___17:2:9     7       3     4     4.26    +++   1     
1.1     19___17:2:22    8       4     4     3.87    ---   0     
2.38    19___17:2:40    9       4     5     3.7     +++   1     
2.95    19___17:2:59    10      4     6     3.63    +++   2     
1.3     19___17:3:13    11      5     6     3.42    ---   1     
8.07    19___17:3:41    12      5     7     3.8     +++   2     
1.11    19___17:3:53    13      6     7     3.59    ---   1     
2.64    19___17:4:12    14      6     8     3.53    +++   2     
1.22    19___17:4:25    15      7     8     3.37    ---   1     
1.24    19___17:4:39    16      8     8     3.24    ---   0     
2.47    19___17:4:57    17      8     9     3.19    +++   1     
2.05    19___17:5:14    18      8     10    3.13    +++   2     
1.47    19___17:5:29    19      9     10    3.04    ---   1     
2.11    19___17:5:46    20      9     11    2.99    +++   2     
28.7    19___17:6:30    21      9     12    4.22    +++   3     
2.04    19___17:6:47    22      9     13    4.12    +++   4     
3.05    19___17:7:7     23      9     14    4.07    +++   5     
9.13    19___17:7:36    24      9     15    4.28    +++   6     
2.53    19___17:7:54    25      9     16    4.21    +++   7     
5.67    19___17:8:18    26      9     17    4.27    +++   8     
11.92   19___17:8:50    27      9     18    4.55    +++   9     
2.24    19___17:9:7     28      9     19    4.47    +++   10    
1.06    19___17:9:19    29      10    19    4.35    ---   9     
1.14    19___17:9:32    30      11    19    4.24    ---   8     
7.92    19___17:9:59    31      11    20    4.36    +++   9     
7.41    19___17:10:26   32      11    21    4.46    +++   10    
1.52    19___17:10:41   33      12    21    4.37    ---   9     
1.46    19___17:10:56   34      13    21    4.28    ---   8     
20.05   19___17:11:34   35      13    22    4.73    +++   9     
1.09    19___17:11:47   36      14    22    4.63    ---   8     
1.43    19___17:12:1    37      15    22    4.55    ---   7     
1.35    19___17:12:16   38      16    22    4.46    ---   6     
5.94    19___17:12:40   39      16    23    4.5     +++   7     
1.16    19___17:12:53   40      17    23    4.42    ---   6     
2.48    19___17:13:12   41      17    24    4.37    +++   7     
7.26    19___17:13:38   42      17    25    4.44    +++   8     
1.03    19___17:13:50   43      18    25    4.36    ---   7     
2.15    19___17:14:7    44      18    26    4.31    +++   8     
1.56    19___17:14:22   45      19    26    4.25    ---   7     
2.23    19___17:14:40   46      19    27    4.2     +++   8     
2.36    19___17:14:58   47      19    28    4.16    +++   9     
2.08    19___17:15:15   48      19    29    4.12    +++   10    
1.68    19___17:15:31   49      20    29    4.07    ---   9     
2.21    19___17:15:48   50      20    30    4.03    +++   10    
3.46    19___17:16:9    51      20    31    4.02    +++   11    
2.26    19___17:16:26   52      20    32    3.99    +++   12    
4.43    19___17:16:49   53      20    33    4       +++   13    
2.34    19___17:17:6    54      20    34    3.96    +++   14    
1.57    19___17:17:22   55      21    34    3.92    ---   13    
1.94    19___17:17:38   56      22    34    3.89    ---   12    
3.45    19___17:17:59   57      22    35    3.88    +++   13    
5.18    19___17:18:22   58      22    36    3.9     +++   14    
1.8     19___17:18:39   59      23    36    3.86    ---   13    
1.91    19___17:18:55   60      24    36    3.83    ---   12    
3.16    19___17:19:15   61      24    37    3.82    +++   13    
3.47    19___17:19:36   62      24    38    3.81    +++   14    
3.63    19___17:19:56   63      24    39    3.81    +++   15    
2.28    19___17:20:22   64      24    40    3.79    +++   16    
6.58    19___17:20:48   65      24    41    3.83    +++   17    
1.15    19___17:21:1    66      25    41    3.79    ---   16    
3.82    19___17:21:22   67      25    42    3.79    +++   17    
1.56    19___17:21:37   68      26    42    3.76    ---   16    
2.97    19___17:21:57   69      26    43    3.75    +++   17    
1.9     19___17:22:13   70      27    43    3.72    ---   16    
17.06   19___17:22:49   71      27    44    3.91    +++   17    
1.76    19___17:23:5    72      28    44    3.88    ---   16    
1.37    19___17:23:20   73      29    44    3.84    ---   15    
2.11    19___17:23:37   74      29    45    3.82    +++   16    
8.5     19___17:24:5    75      29    46    3.88    +++   17    
29.75   19___17:24:49   76      29    47    4.22    +++   18    
1.1     19___17:25:2    77      30    47    4.18    ---   17    
1.06    19___17:25:14   78      31    47    4.14    ---   16    
3.11    19___17:25:34   79      31    48    4.13    +++   17    
1.88    19___17:25:50   80      32    48    4.1     ---   16    
2.08    19___17:26:7    81      32    49    4.08    +++   17    
2.92    19___17:26:27   82      32    50    4.06    +++   18    
2.31    19___17:26:44   83      32    51    4.04    +++   19    
2.85    19___17:27:4    84      32    52    4.03    +++   20    
1.56    19___17:27:19   85      33    52    4       ---   19    
8.84    19___17:27:47   86      33    53    4.05    +++   20    
2.29    19___17:28:5    87      33    54    4.03    +++   21    
15.21   19___17:28:39   88      33    55    4.16    +++   22    
1.22    19___17:28:53   89      34    55    4.13    ---   21    
6.7     19___17:29:18   90      34    56    4.15    +++   22    
2.22    19___17:29:36   91      34    57    4.13    +++   23    
7.35    19___17:30:3    92      34    58    4.17    +++   24    
1.43    19___17:30:17   93      35    58    4.14    ---   23    
24.63   19___17:30:59   94      35    59    4.36    +++   24    
1.51    19___17:31:14   95      36    59    4.33    ---   23    
1.3     19___17:31:28   96      37    59    4.3     ---   22    
1.29    19___17:31:42   97      38    59    4.26    ---   21    
10.2    19___17:32:12   98      38    60    4.32    +++   22    
2.01    19___17:32:29   99      38    61    4.3     +++   23    
1.61    19___17:32:44   100     39    61    4.27    ---   22    
4.34    19___17:33:6    101     39    62    4.28    +++   23    
1.21    19___17:33:20   102     40    62    4.24    ---   22    
2.77    19___17:33:39   103     40    63    4.23    +++   23    
4.08    19___17:34:0    104     40    64    4.23    +++   24    
1.42    19___17:34:15   105     41    64    4.2     ---   23    
15.68   19___17:34:50   106     41    65    4.31    +++   24    
4.59    19___17:35:12   107     41    66    4.31    +++   25    
1.6     19___17:35:28   108     42    66    4.29    ---   24    
1.28    19___17:35:42   109     43    66    4.26    ---   23    
1.12    19___17:35:55   110     44    66    4.23    ---   22    
1.13    19___17:36:7    111     45    66    4.2     ---   21    
13.86   19___17:36:41   112     45    67    4.29    +++   22    
2.36    19___17:36:59   113     45    68    4.27    +++   23    
1.13    19___17:37:12   114     46    68    4.25    ---   22    
1.03    19___17:37:23   115     47    68    4.22    ---   21    
18.06   19___17:38:0    116     47    69    4.34    +++   22    
3.12    19___17:38:20   117     47    70    4.33    +++   23    
4.15    19___17:38:41   118     47    71    4.32    +++   24    
1.58    19___17:38:57   119     48    71    4.3     ---   23    
7.32    19___17:39:23   120     48    72    4.33    +++   24    
1.52    19___17:39:38   121     49    72    4.3     ---   23    
2.74    19___17:39:57   122     49    73    4.29    +++   24    
1.06    19___17:40:9    123     50    73    4.26    ---   23    
3.66    19___17:40:30   124     50    74    4.26    +++   24    
1.18    19___17:40:44   125     51    74    4.23    ---   23    
2.42    19___17:41:2    126     51    75    4.22    +++   24    
16.57   19___17:41:37   127     51    76    4.32    +++   25    
5.09    19___17:42:0    128     51    77    4.32    +++   26    
1.03    19___17:42:12   129     52    77    4.3     ---   25    
2       19___17:42:29   130     52    78    4.28    +++   26    
1.92    19___17:42:46   131     53    78    4.26    ---   25    
1.77    19___17:43:2    132     54    78    4.24    ---   24    
1.46    19___17:43:17   133     55    78    4.22    ---   23    
1.34    19___17:43:31   134     56    78    4.2     ---   22    
8.53    19___17:43:59   135     56    79    4.23    +++   23    
1.64    19___17:44:14   136     57    79    4.21    ---   22    
1.28    19___17:44:28   137     58    79    4.19    ---   21    
1.11    19___17:44:41   138     59    79    4.17    ---   20    
6.4     19___17:45:6    139     59    80    4.19    +++   21    
1.43    19___17:45:21   140     60    80    4.17    ---   20    
1.08    19___17:45:33   141     61    80    4.14    ---   19    
1.58    19___17:45:49   142     62    80    4.13    ---   18    
20.39   19___17:46:27   143     62    81    4.24    +++   19    
4.84    19___17:46:50   144     62    82    4.24    +++   20    
1.12    19___17:47:3    145     63    82    4.22    ---   19    
1.23    19___17:47:17   146     64    82    4.2     ---   18    
2.58    19___17:47:35   147     64    83    4.19    +++   19    
21.73   19___17:48:14   148     64    84    4.31    +++   20    
1.97    19___17:48:31   149     65    84    4.29    ---   19    
1.3     19___17:48:45   150     66    84    4.27    ---   18    
2.38    19___17:49:3    151     66    85    4.26    +++   19    
2.97    19___17:49:23   152     66    86    4.25    +++   20    
1.91    19___17:49:39   153     67    86    4.24    ---   19    
2.1     19___17:49:56   154     67    87    4.22    +++   20    
1.52    19___17:50:12   155     68    87    4.21    ---   19    
2.56    19___17:50:30   156     68    88    4.19    +++   20    
4.46    19___17:50:52   157     68    89    4.2     +++   21    
5.75    19___17:51:17   158     68    90    4.21    +++   22    
4.91    19___17:51:40   159     68    91    4.21    +++   23    
34.8    19___17:52:27   160     68    92    4.4     +++   24    
2.81    19___17:52:46   161     68    93    4.39    +++   25    
1.03    19___17:52:58   162     69    93    4.37    ---   24    
1.89    19___17:53:14   163     70    93    4.36    ---   23    
8.41    19___17:53:42   164     70    94    4.38    +++   24    
2.18    19___17:53:59   165     70    95    4.37    +++   25    
1.18    19___17:54:13   166     71    95    4.35    ---   24    
5.11    19___17:54:36   167     71    96    4.35    +++   25    
1.11    19___17:54:49   168     72    96    4.33    ---   24    
1.04    19___17:55:1    169     73    96    4.31    ---   23    
3.06    19___17:55:20   170     73    97    4.31    +++   24    
1.25    19___17:55:34   171     74    97    4.29    ---   23    
1.77    19___17:55:50   172     75    97    4.27    ---   22    
1.09    19___17:56:3    173     76    97    4.26    ---   21    
2.55    19___17:56:21   174     76    98    4.25    +++   22    
23.92   19___17:57:2    175     76    99    4.36    +++   23    
1       19___17:57:13   176     77    99    4.34    ---   22    
1.21    19___17:57:26   177     78    99    4.32    ---   21    
2.3     19___17:57:44   178     78    100   4.31    +++   22    
3.1     19___17:58:4    179     78    101   4.3     +++   23    
1.55    19___17:58:19   180     79    101   4.29    ---   22    
1.83    19___17:58:35   181     80    101   4.27    ---   21    
1.15    19___17:58:48   182     81    101   4.26    ---   20    
1.29    19___17:59:2    183     82    101   4.24    ---   19    
4.47    19___17:59:24   184     82    102   4.24    +++   20    
5.05    19___17:59:48   185     82    103   4.25    +++   21    
