2.75    19___9:1:26     1       0     1     2.75    +++   1     
7.85    19___9:1:53     2       0     2     5.3     +++   2     
1.17    19___9:2:6      3       1     2     3.92    ---   1     
1       19___9:2:16     4       2     2     3.19    ---   0     
1.23    19___9:2:30     5       3     2     2.8     ---   -1    
1.35    19___9:2:44     6       4     2     2.55    ---   -2    
1.38    19___9:2:59     7       5     2     2.39    ---   -3    
9.98    19___9:3:28     8       5     3     3.33    +++   -2    
1.66    19___9:3:44     9       6     3     3.15    ---   -3    
20.67   19___9:4:22     10      6     4     4.9     +++   -2    
10.11   19___9:4:52     11      6     5     5.37    +++   -1    
2.54    19___9:5:10     12      6     6     5.14    +++   0     
1.98    19___9:5:27     13      7     6     4.89    ---   -1    
1.04    19___9:5:39     14      8     6     4.62    ---   -2    
2.01    19___9:5:56     15      8     7     4.44    +++   -1    
1.4     19___9:6:11     16      9     7     4.25    ---   -2    
2.1     19___9:6:28     17      9     8     4.13    +++   -1    
4.84    19___9:6:51     18      9     9     4.17    +++   0     
1.22    19___9:7:4      19      10    9     4.01    ---   -1    
1.42    19___9:7:19     20      11    9     3.88    ---   -2    
2.26    19___9:7:36     21      11    10    3.8     +++   -1    
1.97    19___9:7:53     22      12    10    3.72    ---   -2    
1.11    19___9:8:6      23      13    10    3.61    ---   -3    
1.75    19___9:8:22     24      14    10    3.53    ---   -4    
2.39    19___9:8:40     25      14    11    3.48    +++   -3    
1.27    19___9:8:54     26      15    11    3.4     ---   -4    
1.07    19___9:9:6      27      16    11    3.31    ---   -5    
3.4     19___9:9:26     28      16    12    3.31    +++   -4    
21.36   19___9:10:6     29      16    13    3.94    +++   -3    
8       19___9:10:33    30      16    14    4.07    +++   -2    
1.27    19___9:10:47    31      17    14    3.98    ---   -3    
1.26    19___9:11:0     32      18    14    3.9     ---   -4    
1       19___9:11:11    33      19    14    3.81    ---   -5    
3.85    19___9:11:32    34      19    15    3.81    +++   -4    
1.33    19___9:11:46    35      20    15    3.74    ---   -5    
1.24    19___9:12:0     36      21    15    3.67    ---   -6    
1.61    19___9:12:15    37      22    15    3.61    ---   -7    
20.66   19___9:12:54    38      22    16    4.06    +++   -6    
2.52    19___9:13:12    39      22    17    4.02    +++   -5    
1.78    19___9:13:28    40      23    17    3.97    ---   -6    
1.1     19___9:13:41    41      24    17    3.9     ---   -7    
1.55    19___9:13:56    42      25    17    3.84    ---   -8    
3.16    19___9:14:16    43      25    18    3.82    +++   -7    
4.29    19___9:14:38    44      25    19    3.83    +++   -6    
1.43    19___9:14:53    45      26    19    3.78    ---   -7    
31.29   19___9:15:38    46      26    20    4.38    +++   -6    
2.25    19___9:15:56    47      26    21    4.33    +++   -5    
1.42    19___9:16:10    48      27    21    4.27    ---   -6    
17.01   19___9:16:46    49      27    22    4.53    +++   -5    
1.38    19___9:17:1     50      28    22    4.47    ---   -6    
4.59    19___9:17:23    51      28    23    4.47    +++   -5    
2.06    19___9:17:40    52      28    24    4.42    +++   -4    
3.2     19___9:18:0     53      28    25    4.4     +++   -3    
1.19    19___9:18:14    54      29    25    4.34    ---   -4    
2.85    19___9:18:33    55      29    26    4.31    +++   -3    
1.1     19___9:18:45    56      30    26    4.26    ---   -4    
3.77    19___9:19:6     57      30    27    4.25    +++   -3    
1.45    19___9:19:21    58      31    27    4.2     ---   -4    
4.18    19___9:19:43    59      31    28    4.2     +++   -3    
9.23    19___9:20:12    60      31    29    4.28    +++   -2    
1.12    19___9:20:24    61      32    29    4.23    ---   -3    
1.88    19___9:20:41    62      33    29    4.19    ---   -4    
1.67    19___9:20:57    63      34    29    4.15    ---   -5    
3.48    19___9:21:17    64      34    30    4.14    +++   -4    
1.04    19___9:21:29    65      35    30    4.09    ---   -5    
1.66    19___9:21:45    66      36    30    4.06    ---   -6    
2.55    19___9:22:3     67      36    31    4.04    +++   -5    
1.44    19___9:22:18    68      37    31    4       ---   -6    
1.83    19___9:22:34    69      38    31    3.97    ---   -7    
1.19    19___9:22:48    70      39    31    3.93    ---   -8    
1.06    19___9:23:0     71      40    31    3.89    ---   -9    
3.45    19___9:23:20    72      40    32    3.88    +++   -8    
2.74    19___9:23:39    73      40    33    3.86    +++   -7    
2.79    19___9:23:58    74      40    34    3.85    +++   -6    
1       19___9:24:9     75      41    34    3.81    ---   -7    
2.27    19___9:24:26    76      41    35    3.79    +++   -6    
2.07    19___9:24:44    77      41    36    3.77    +++   -5    
1.04    19___9:24:55    78      42    36    3.73    ---   -6    
1.36    19___9:25:9     79      43    36    3.7     ---   -7    
1.5     19___9:25:24    80      44    36    3.68    ---   -8    
13.27   19___9:25:57    81      44    37    3.79    +++   -7    
13.67   19___9:26:30    82      44    38    3.91    +++   -6    
1.71    19___9:26:46    83      45    38    3.89    ---   -7    
1.08    19___9:26:59    84      46    38    3.85    ---   -8    
21.42   19___9:27:37    85      46    39    4.06    +++   -7    
1.69    19___9:27:53    86      47    39    4.03    ---   -8    
5.55    19___9:28:17    87      47    40    4.05    +++   -7    
1.3     19___9:28:31    88      48    40    4.02    ---   -8    
1.33    19___9:28:46    89      49    40    3.99    ---   -9    
4.62    19___9:29:8     90      49    41    4       +++   -8    
5.13    19___9:29:31    91      49    42    4.01    +++   -7    
1.87    19___9:29:48    92      50    42    3.99    ---   -8    
2.02    19___9:30:5     93      50    43    3.96    +++   -7    
1.36    19___9:30:19    94      51    43    3.94    ---   -8    
1.43    19___9:30:34    95      52    43    3.91    ---   -9    
1.19    19___9:30:47    96      53    43    3.88    ---   -10   
1.02    19___9:30:59    97      54    43    3.85    ---   -11   
1.92    19___9:31:15    98      55    43    3.83    ---   -12   
2.61    19___9:31:34    99      55    44    3.82    +++   -11   
1.19    19___9:31:47    100     56    44    3.79    ---   -12   
1.44    19___9:32:2     101     57    44    3.77    ---   -13   
1.69    19___9:32:18    102     58    44    3.75    ---   -14   
5.11    19___9:32:41    103     58    45    3.76    +++   -13   
1.01    19___9:32:52    104     59    45    3.74    ---   -14   
2.15    19___9:33:10    105     59    46    3.72    +++   -13   
1.15    19___9:33:23    106     60    46    3.7     ---   -14   
1.28    19___9:33:36    107     61    46    3.67    ---   -15   
7.65    19___9:34:3     108     61    47    3.71    +++   -14   
1.26    19___9:34:17    109     62    47    3.69    ---   -15   
1.73    19___9:34:33    110     63    47    3.67    ---   -16   
1.31    19___9:34:47    111     64    47    3.65    ---   -17   
4.26    19___9:35:9     112     64    48    3.65    +++   -16   
1.15    19___9:35:22    113     65    48    3.63    ---   -17   
5.02    19___9:35:45    114     65    49    3.64    +++   -16   
1.94    19___9:36:2     115     66    49    3.63    ---   -17   
1.22    19___9:36:15    116     67    49    3.61    ---   -18   
2.15    19___9:36:33    117     67    50    3.6     +++   -17   
1.73    19___9:36:49    118     68    50    3.58    ---   -18   
1.48    19___9:37:4     119     69    50    3.56    ---   -19   
1.26    19___9:37:18    120     70    50    3.54    ---   -20   
3.8     19___9:37:39    121     70    51    3.55    +++   -19   
7.74    19___9:38:6     122     70    52    3.58    +++   -18   
1.1     19___9:38:18    123     71    52    3.56    ---   -19   
24.51   19___9:38:59    124     71    53    3.73    +++   -18   
2.19    19___9:39:17    125     71    54    3.72    +++   -17   
4.13    19___9:39:38    126     71    55    3.72    +++   -16   
3.29    19___9:39:59    127     71    56    3.72    +++   -15   
1.86    19___9:40:15    128     72    56    3.7     ---   -16   
2.83    19___9:40:34    129     72    57    3.69    +++   -15   
1.69    19___9:40:50    130     73    57    3.68    ---   -16   
2.22    19___9:41:7     131     73    58    3.67    +++   -15   
1.04    19___9:41:19    132     74    58    3.65    ---   -16   
1.33    19___9:41:33    133     75    58    3.63    ---   -17   
1.45    19___9:41:48    134     76    58    3.61    ---   -18   
2.32    19___9:42:6     135     76    59    3.6     +++   -17   
2       19___9:42:23    136     76    60    3.59    +++   -16   
2.66    19___9:42:42    137     76    61    3.59    +++   -15   
1       19___9:42:52    138     77    61    3.57    ---   -16   
34.03   19___9:43:39    139     77    62    3.79    +++   -15   
1.96    19___9:43:56    140     78    62    3.77    ---   -16   
1.42    19___9:44:10    141     79    62    3.76    ---   -17   
1.99    19___9:44:27    142     80    62    3.74    ---   -18   
1.05    19___9:44:39    143     81    62    3.73    ---   -19   
1.73    19___9:44:55    144     82    62    3.71    ---   -20   
12.31   19___9:45:27    145     82    63    3.77    +++   -19   
3.47    19___9:45:47    146     82    64    3.77    +++   -18   
4.52    19___9:46:10    147     82    65    3.77    +++   -17   
3.22    19___9:46:30    148     82    66    3.77    +++   -16   
1.47    19___9:46:45    149     83    66    3.75    ---   -17   
1.05    19___9:46:56    150     84    66    3.74    ---   -18   
7.93    19___9:47:24    151     84    67    3.76    +++   -17   
2.3     19___9:47:42    152     84    68    3.75    +++   -16   
1.76    19___9:47:57    153     85    68    3.74    ---   -17   
2.6     19___9:48:16    154     85    69    3.73    +++   -16   
1.71    19___9:48:32    155     86    69    3.72    ---   -17   
1       19___9:48:42    156     87    69    3.7     ---   -18   
2.74    19___9:49:1     157     87    70    3.7     +++   -17   
1.08    19___9:49:14    158     88    70    3.68    ---   -18   
3.46    19___9:49:34    159     88    71    3.68    +++   -17   
1.3     19___9:49:48    160     89    71    3.66    ---   -18   
1.44    19___9:50:3     161     90    71    3.65    ---   -19   
3.01    19___9:50:22    162     90    72    3.65    +++   -18   
12.64   19___9:50:55    163     90    73    3.7     +++   -17   
2.06    19___9:51:12    164     90    74    3.69    +++   -16   
1.54    19___9:51:27    165     91    74    3.68    ---   -17   
2.05    19___9:51:44    166     91    75    3.67    +++   -16   
22.51   19___9:52:24    167     91    76    3.78    +++   -15   
1.82    19___9:52:40    168     92    76    3.77    ---   -16   
1.77    19___9:52:56    169     93    76    3.76    ---   -17   
1.7     19___9:53:14    170     94    76    3.75    ---   -18   
2.77    19___9:53:31    171     94    77    3.74    +++   -17   
3.42    19___9:53:52    172     94    78    3.74    +++   -16   
1.04    19___9:54:3     173     95    78    3.72    ---   -17   
1.04    19___9:54:16    174     96    78    3.71    ---   -18   
1.19    19___9:54:28    175     97    78    3.69    ---   -19   
13.72   19___9:55:1     176     97    79    3.75    +++   -18   
1.76    19___9:55:17    177     98    79    3.74    ---   -19   
1.29    19___9:55:32    178     99    79    3.72    ---   -20   
2.43    19___9:55:50    179     99    80    3.72    +++   -19   
9.23    19___9:56:18    180     99    81    3.75    +++   -18   
5.46    19___9:56:42    181     99    82    3.76    +++   -17   
10.86   19___9:57:12    182     99    83    3.8     +++   -16   
1.39    19___9:57:27    183     100   83    3.78    ---   -17   
1.1     19___9:57:40    184     101   83    3.77    ---   -18   
3.96    19___9:58:1     185     101   84    3.77    +++   -17   
1.3     19___9:58:15    186     102   84    3.76    ---   -18   
1       19___9:58:25    187     103   84    3.74    ---   -19   
2.69    19___9:58:44    188     103   85    3.74    +++   -18   
2.19    19___9:59:2     189     103   86    3.73    +++   -17   
1.04    19___9:59:14    190     104   86    3.71    ---   -18   
1.18    19___9:59:27    191     105   86    3.7     ---   -19   
1.15    19___9:59:40    192     106   86    3.69    ---   -20   
