1.56    21___18:0:6     1       1     0     1.56    ---   -1    
1.09    21___18:0:18    2       2     0     1.32    ---   -2    
8.15    21___18:0:46    3       2     1     3.6     +++   -1    
5.47    21___18:1:9     4       2     2     4.06    +++   0     
1.21    21___18:1:23    5       3     2     3.49    ---   -1    
1.04    21___18:1:35    6       4     2     3.08    ---   -2    
1       21___18:1:45    7       5     2     2.78    ---   -3    
1.03    21___18:1:57    8       6     2     2.56    ---   -4    
1.65    21___18:2:13    9       7     2     2.46    ---   -5    
1.23    21___18:2:26    10      8     2     2.34    ---   -6    
1.51    21___18:2:41    11      9     2     2.26    ---   -7    
1.35    21___18:2:55    12      10    2     2.19    ---   -8    
1.54    21___18:3:11    13      11    2     2.14    ---   -9    
1.23    21___18:3:24    14      12    2     2.07    ---   -10   
2.32    21___18:3:42    15      12    3     2.09    +++   -9    
1.08    21___18:3:55    16      13    3     2.02    ---   -10   
1.57    21___18:4:10    17      14    3     2       ---   -11   
13.93   21___18:4:43    18      14    4     2.66    +++   -10   
22.11   21___18:5:22    19      14    5     3.68    +++   -9    
