3.52    21___17:0:15    1       0     1     3.52    +++   1     
21.55   21___17:0:54    2       0     2     12.53   +++   2     
1.46    21___17:1:9     3       1     2     8.84    ---   1     
1.2     21___17:1:22    4       2     2     6.93    ---   0     
1.02    21___17:1:34    5       3     2     5.75    ---   -1    
1.56    21___17:1:49    6       4     2     5.05    ---   -2    
2.49    21___17:2:7     7       4     3     4.68    +++   -1    
1.31    21___17:2:21    8       5     3     4.26    ---   -2    
1.42    21___17:2:36    9       6     3     3.94    ---   -3    
3.24    21___17:2:56    10      6     4     3.87    +++   -2    
3.06    21___17:3:16    11      6     5     3.8     +++   -1    
1.22    21___17:3:29    12      7     5     3.58    ---   -2    
4.36    21___17:3:51    13      7     6     3.64    +++   -1    
1.22    21___17:4:5     14      8     6     3.47    ---   -2    
3.15    21___17:4:25    15      8     7     3.45    +++   -1    
5.54    21___17:4:49    16      8     8     3.58    +++   0     
2.13    21___17:5:6     17      8     9     3.49    +++   1     
6.24    21___17:5:31    18      8     10    3.64    +++   2     
1       21___17:5:42    19      9     10    3.51    ---   1     
4.1     21___17:6:3     20      9     11    3.53    +++   2     
15.75   21___17:6:38    21      9     12    4.12    +++   3     
24.69   21___17:7:20    22      9     13    5.05    +++   4     
1.22    21___17:7:33    23      10    13    4.88    ---   3     
1.63    21___17:7:49    24      11    13    4.75    ---   2     
2.26    21___17:8:6     25      11    14    4.65    +++   3     
1       21___17:8:17    26      12    14    4.51    ---   2     
3.71    21___17:8:38    27      12    15    4.48    +++   3     
1.17    21___17:8:51    28      13    15    4.36    ---   2     
2.32    21___17:9:9     29      13    16    4.29    +++   3     
1.77    21___17:9:25    30      14    16    4.21    ---   2     
1.33    21___17:9:39    31      15    16    4.11    ---   1     
1.11    21___17:9:52    32      16    16    4.02    ---   0     
2.32    21___17:10:10   33      16    17    3.97    +++   1     
8.25    21___17:10:37   34      16    18    4.09    +++   2     
14.4    21___17:11:11   35      16    19    4.39    +++   3     
1.31    21___17:11:25   36      17    19    4.3     ---   2     
1.15    21___17:11:38   37      18    19    4.22    ---   1     
1.17    21___17:11:51   38      19    19    4.14    ---   0     
2.92    21___17:12:11   39      19    20    4.1     +++   1     
1.72    21___17:12:26   40      20    20    4.04    ---   0     
1.03    21___17:12:44   41      21    20    3.97    ---   -1    
1.33    21___17:12:58   42      22    20    3.91    ---   -2    
1.6     21___17:13:14   43      23    20    3.85    ---   -3    
2.7     21___17:13:33   44      23    21    3.83    +++   -2    
4.09    21___17:13:54   45      23    22    3.83    +++   -1    
1.12    21___17:14:7    46      24    22    3.77    ---   -2    
1.83    21___17:14:23   47      25    22    3.73    ---   -3    
1.17    21___17:14:37   48      26    22    3.68    ---   -4    
2.12    21___17:14:54   49      26    23    3.65    +++   -3    
1.54    21___17:15:9    50      27    23    3.61    ---   -4    
1.26    21___17:15:23   51      28    23    3.56    ---   -5    
2.95    21___17:15:42   52      28    24    3.55    +++   -4    
1.29    21___17:15:56   53      29    24    3.5     ---   -5    
1.07    21___17:16:8    54      30    24    3.46    ---   -6    
3.96    21___17:16:30   55      30    25    3.47    +++   -5    
1       21___17:16:45   56      31    25    3.42    ---   -6    
1.67    21___17:16:56   57      32    25    3.39    ---   -7    
1.84    21___17:17:12   58      33    25    3.37    ---   -8    
1.01    21___17:17:24   59      34    25    3.33    ---   -9    
3.06    21___17:17:43   60      34    26    3.32    +++   -8    
1.23    21___17:17:57   61      35    26    3.29    ---   -9    
1.46    21___17:18:12   62      36    26    3.26    ---   -10   
4       21___17:18:33   63      36    27    3.27    +++   -9    
2.11    21___17:18:50   64      36    28    3.25    +++   -8    
2.21    21___17:19:8    65      36    29    3.24    +++   -7    
2.79    21___17:19:27   66      36    30    3.23    +++   -6    
1.06    21___17:19:39   67      37    30    3.2     ---   -7    
3.39    21___17:19:59   68      37    31    3.2     +++   -6    
1.31    21___17:20:13   69      38    31    3.17    ---   -7    
1.52    21___17:20:29   70      39    31    3.15    ---   -8    
2.82    21___17:20:48   71      39    32    3.14    +++   -7    
2.13    21___17:21:5    72      39    33    3.13    +++   -6    
1.11    21___17:21:18   73      40    33    3.1     ---   -7    
1.46    21___17:21:33   74      41    33    3.08    ---   -8    
20.19   21___17:22:11   75      41    34    3.31    +++   -7    
1.08    21___17:22:23   76      42    34    3.28    ---   -8    
3.5     21___17:22:44   77      42    35    3.28    +++   -7    
11.86   21___17:23:15   78      42    36    3.39    +++   -6    
1.25    21___17:23:29   79      43    36    3.36    ---   -7    
2.27    21___17:23:46   80      43    37    3.35    +++   -6    
2.15    21___17:24:4    81      43    38    3.33    +++   -5    
1.21    21___17:24:17   82      44    38    3.31    ---   -6    
2.39    21___17:24:35   83      44    39    3.3     +++   -5    
5.46    21___17:24:59   84      44    40    3.32    +++   -4    
1.03    21___17:25:11   85      45    40    3.3     ---   -5    
1.05    21___17:25:23   86      46    40    3.27    ---   -6    
2.78    21___17:25:42   87      46    41    3.26    +++   -5    
1.52    21___17:25:57   88      47    41    3.24    ---   -6    
2       21___17:26:14   89      47    42    3.23    +++   -5    
1.02    21___17:26:25   90      48    42    3.21    ---   -6    
1.11    21___17:26:38   91      49    42    3.18    ---   -7    
6.05    21___17:27:2    92      49    43    3.21    +++   -6    
2.94    21___17:27:22   93      49    44    3.21    +++   -5    
1.5     21___17:27:37   94      50    44    3.19    ---   -6    
2.78    21___17:27:56   95      50    45    3.19    +++   -5    
3.1     21___17:28:15   96      50    46    3.19    +++   -4    
3.55    21___17:28:36   97      50    47    3.19    +++   -3    
1.68    21___17:28:52   98      51    47    3.18    ---   -4    
7.75    21___17:29:19   99      51    48    3.22    +++   -3    
1.77    21___17:29:35   100     52    48    3.21    ---   -4    
2.53    21___17:29:53   101     52    49    3.2     +++   -3    
2.4     21___17:30:11   102     52    50    3.19    +++   -2    
27.7    21___17:30:54   103     52    51    3.43    +++   -1    
1.02    21___17:31:24   104     53    51    3.41    ---   -2    
2.48    21___17:31:42   105     53    52    3.4     +++   -1    
2.21    21___17:32:0    106     53    53    3.39    +++   0     
1.02    21___17:32:11   107     54    53    3.36    ---   -1    
1.31    21___17:32:25   108     55    53    3.35    ---   -2    
2.66    21___17:32:44   109     55    54    3.34    +++   -1    
2.49    21___17:33:3    110     55    55    3.33    +++   0     
4.53    21___17:33:25   111     55    56    3.34    +++   1     
20.66   21___17:34:4    112     55    57    3.5     +++   2     
1.21    21___17:34:17   113     56    57    3.48    ---   1     
1       21___17:34:28   114     57    57    3.45    ---   0     
3.11    21___17:34:47   115     57    58    3.45    +++   1     
1.22    21___17:35:1    116     58    58    3.43    ---   0     
1.51    21___17:35:16   117     59    58    3.42    ---   -1    
1.05    21___17:35:28   118     60    58    3.4     ---   -2    
5.77    21___17:35:52   119     60    59    3.42    +++   -1    
2.64    21___17:36:11   120     60    60    3.41    +++   0     
4.42    21___17:36:33   121     60    61    3.42    +++   1     
1.85    21___17:36:50   122     61    61    3.4     ---   0     
2.01    21___17:37:6    123     61    62    3.39    +++   1     
1.03    21___17:37:18   124     62    62    3.37    ---   0     
2.91    21___17:37:37   125     62    63    3.37    +++   1     
1.15    21___17:37:50   126     63    63    3.35    ---   0     
1.77    21___17:38:6    127     64    63    3.34    ---   -1    
1.82    21___17:38:23   128     65    63    3.33    ---   -2    
1.32    21___17:38:37   129     66    63    3.31    ---   -3    
3.47    21___17:38:57   130     66    64    3.31    +++   -2    
2.69    21___17:39:16   131     66    65    3.31    +++   -1    
1.15    21___17:39:29   132     67    65    3.29    ---   -2    
9.92    21___17:39:59   133     67    66    3.34    +++   -1    
4.11    21___17:40:20   134     67    67    3.35    +++   0     
2.01    21___17:40:37   135     67    68    3.34    +++   1     
1.6     21___17:40:53   136     68    68    3.33    ---   0     
30.34   21___17:41:14   137     68    69    3.52    +++   1     
8.82    21___17:41:42   138     68    70    3.56    +++   2     
2.23    21___17:42:0    139     68    71    3.55    +++   3     
1.62    21___17:42:15   140     69    71    3.54    ---   2     
6.84    21___17:42:41   141     69    72    3.56    +++   3     
5.4     21___17:43:5    142     69    73    3.57    +++   4     
1.69    21___17:43:21   143     70    73    3.56    ---   3     
1.27    21___17:43:35   144     71    73    3.54    ---   2     
6.22    21___17:44:0    145     71    74    3.56    +++   3     
5.41    21___17:44:23   146     71    75    3.58    +++   4     
1.34    21___17:44:38   147     72    75    3.56    ---   3     
1.27    21___17:44:51   148     73    75    3.55    ---   2     
8.39    21___17:45:19   149     73    76    3.58    +++   3     
1.35    21___17:45:33   150     74    76    3.56    ---   2     
22.68   21___17:46:13   151     74    77    3.69    +++   3     
3.98    21___17:46:35   152     74    78    3.69    +++   4     
32.98   21___17:47:21   153     74    79    3.88    +++   5     
4.2     21___17:47:43   154     74    80    3.88    +++   6     
2.77    21___17:48:2    155     74    81    3.88    +++   7     
2.14    21___17:48:19   156     74    82    3.87    +++   8     
1.03    21___17:48:31   157     75    82    3.85    ---   7     
1.07    21___17:48:43   158     76    82    3.83    ---   6     
1.43    21___17:48:58   159     77    82    3.82    ---   5     
1.87    21___17:49:6    160     78    82    3.8     ---   4     
1.61    21___17:49:22   161     79    82    3.79    ---   3     
7.38    21___17:49:48   162     79    83    3.81    +++   4     
2.55    21___17:50:7    163     79    84    3.8     +++   5     
1.07    21___17:50:19   164     80    84    3.79    ---   4     
1       21___17:50:30   165     81    84    3.77    ---   3     
1.03    21___17:50:41   166     82    84    3.75    ---   2     
1       21___17:50:52   167     83    84    3.74    ---   1     
3.99    21___17:51:13   168     83    85    3.74    +++   2     
3.22    21___17:51:33   169     83    86    3.74    +++   3     
1       21___17:51:44   170     84    86    3.72    ---   2     
1.75    21___17:52:0    171     85    86    3.71    ---   1     
3.2     21___17:52:20   172     85    87    3.7     +++   2     
1.82    21___17:52:36   173     86    87    3.69    ---   1     
1.2     21___17:52:50   174     87    87    3.68    ---   0     
1.01    21___17:53:1    175     88    87    3.66    ---   -1    
9.74    21___17:53:30   176     88    88    3.7     +++   0     
1.13    21___17:53:43   177     89    88    3.68    ---   -1    
1.24    21___17:53:57   178     90    88    3.67    ---   -2    
24.51   21___17:54:38   179     90    89    3.79    +++   -1    
2.23    21___17:54:55   180     90    90    3.78    +++   0     
1.04    21___17:55:7    181     91    90    3.76    ---   -1    
2.6     21___17:55:26   182     91    91    3.76    +++   0     
1.28    21___17:55:40   183     92    91    3.74    ---   -1    
4.03    21___17:56:1    184     92    92    3.74    +++   0     
3.11    21___17:56:21   185     92    93    3.74    +++   1     
2.04    21___17:56:38   186     92    94    3.73    +++   2     
1.1     21___17:56:50   187     93    94    3.72    ---   1     
1.13    21___17:57:3    188     94    94    3.7     ---   0     
1.3     21___17:57:17   189     95    94    3.69    ---   -1    
2.99    21___17:57:39   190     95    95    3.69    +++   0     
1.25    21___17:57:53   191     96    95    3.67    ---   -1    
3.04    21___17:58:13   192     96    96    3.67    +++   0     
1.28    21___17:58:27   193     97    96    3.66    ---   -1    
1.48    21___17:58:42   194     98    96    3.65    ---   -2    
1.22    21___17:58:55   195     99    96    3.64    ---   -3    
4.05    21___17:59:17   196     99    97    3.64    +++   -2    
3.21    21___17:59:37   197     99    98    3.64    +++   -1    
1.27    21___17:59:50   198     100   98    3.62    ---   -2    
