2.53    21___16:0:13    1       0     1     2.52    +++   1     
1.75    21___16:0:29    2       1     1     2.13    ---   0     
2.63    21___16:0:48    3       1     2     2.3     +++   1     
3.1     21___16:1:8     4       1     3     2.5     +++   2     
1.51    21___16:1:23    5       2     3     2.3     ---   1     
2.21    21___16:1:40    6       2     4     2.28    +++   2     
4.9     21___16:2:3     7       2     5     2.66    +++   3     
1.09    21___16:2:16    8       3     5     2.46    ---   2     
2.54    21___16:2:34    9       3     6     2.47    +++   3     
4.81    21___16:2:57    10      3     7     2.7     +++   4     
2.16    21___16:3:15    11      3     8     2.65    +++   5     
8.85    21___16:3:43    12      3     9     3.17    +++   6     
1.05    21___16:3:55    13      4     9     3.01    ---   5     
5.54    21___16:4:19    14      4     10    3.19    +++   6     
1.07    21___16:4:31    15      5     10    3.04    ---   5     
1.16    21___16:4:44    16      6     10    2.93    ---   4     
1       21___16:4:54    17      7     10    2.81    ---   3     
2.01    21___16:5:11    18      7     11    2.77    +++   4     
1.84    21___16:5:28    19      8     11    2.72    ---   3     
1.14    21___16:5:41    20      9     11    2.64    ---   2     
2.74    21___16:5:59    21      9     12    2.64    +++   3     
6.76    21___16:6:25    22      9     13    2.83    +++   4     
1.76    21___16:6:41    23      10    13    2.78    ---   3     
1.15    21___16:6:54    24      11    13    2.72    ---   2     
2.92    21___16:7:14    25      11    14    2.72    +++   3     
1       21___16:7:24    26      12    14    2.66    ---   2     
1.35    21___16:7:38    27      13    14    2.61    ---   1     
8.16    21___16:8:6     28      13    15    2.81    +++   2     
6.4     21___16:8:31    29      13    16    2.93    +++   3     
7.66    21___16:8:58    30      13    17    3.09    +++   4     
1.71    21___16:9:14    31      14    17    3.04    ---   3     
1.67    21___16:9:30    32      15    17    3       ---   2     
6.28    21___16:9:55    33      15    18    3.1     +++   3     
3.2     21___16:10:15   34      15    19    3.1     +++   4     
1.99    21___16:10:31   35      16    19    3.07    ---   3     
1.19    21___16:10:45   36      17    19    3.02    ---   2     
1.3     21___16:10:59   37      18    19    2.97    ---   1     
5.47    21___16:11:23   38      18    20    3.04    +++   2     
2.03    21___16:11:40   39      18    21    3.01    +++   3     
27.58   21___16:12:23   40      18    22    3.63    +++   4     
1.52    21___16:12:38   41      19    22    3.57    ---   3     
1.77    21___16:12:54   42      20    22    3.53    ---   2     
3.77    21___16:13:15   43      20    23    3.54    +++   3     
3.5     21___16:13:36   44      20    24    3.54    +++   4     
2.37    21___16:13:54   45      20    25    3.51    +++   5     
1.44    21___16:14:8    46      21    25    3.46    ---   4     
1.1     21___16:14:21   47      22    25    3.41    ---   3     
2.58    21___16:14:39   48      22    26    3.4     +++   4     
1.42    21___16:14:54   49      23    26    3.36    ---   3     
3.52    21___16:15:15   50      23    27    3.36    +++   4     
1.76    21___16:15:31   51      24    27    3.33    ---   3     
3.06    21___16:15:50   52      24    28    3.32    +++   4     
6.26    21___16:16:15   53      24    29    3.38    +++   5     
1.63    21___16:16:31   54      25    29    3.35    ---   4     
3.28    21___16:16:51   55      25    30    3.34    +++   5     
1.55    21___16:17:6    56      26    30    3.31    ---   4     
1.35    21___16:17:21   57      27    30    3.28    ---   3     
1.62    21___16:17:36   58      28    30    3.25    ---   2     
2.14    21___16:17:53   59      28    31    3.23    +++   3     
2.26    21___16:18:11   60      28    32    3.21    +++   4     
3.27    21___16:18:31   61      28    33    3.21    +++   5     
3.01    21___16:18:51   62      28    34    3.21    +++   6     
9.11    21___16:19:19   63      28    35    3.3     +++   7     
9.98    21___16:19:49   64      28    36    3.41    +++   8     
4.22    21___16:20:11   65      28    37    3.42    +++   9     
1.63    21___16:20:26   66      29    37    3.39    ---   8     
1.85    21___16:20:42   67      30    37    3.37    ---   7     
1.17    21___16:20:56   68      31    37    3.34    ---   6     
1.1     21___16:21:8    69      32    37    3.31    ---   5     
1.66    21___16:21:24   70      33    37    3.28    ---   4     
1.47    21___16:21:39   71      34    37    3.26    ---   3     
12.21   21___16:22:10   72      34    38    3.38    +++   4     
19.91   21___16:22:48   73      34    39    3.61    +++   5     
3.06    21___16:23:8    74      34    40    3.6     +++   6     
7.65    21___16:23:35   75      34    41    3.65    +++   7     
1.3     21___16:23:49   76      35    41    3.62    ---   6     
1.07    21___16:24:1    77      36    41    3.59    ---   5     
1.2     21___16:24:15   78      37    41    3.56    ---   4     
2.51    21___16:24:33   79      37    42    3.55    +++   5     
1.15    21___16:24:46   80      38    42    3.52    ---   4     
1.45    21___16:25:1    81      39    42    3.49    ---   3     
1.23    21___16:25:14   82      40    42    3.46    ---   2     
3.42    21___16:25:35   83      40    43    3.46    +++   3     
1.48    21___16:25:50   84      41    43    3.44    ---   2     
1.02    21___16:26:2    85      42    43    3.41    ---   1     
1.19    21___16:26:15   86      43    43    3.38    ---   0     
1       21___16:26:25   87      44    43    3.36    ---   -1    
16.82   21___16:27:1    88      44    44    3.51    +++   0     
2.13    21___16:27:18   89      44    45    3.49    +++   1     
6.3     21___16:27:43   90      44    46    3.52    +++   2     
1.77    21___16:28:0    91      45    46    3.51    ---   1     
3.3     21___16:28:20   92      45    47    3.5     +++   2     
6.52    21___16:28:45   93      45    48    3.54    +++   3     
17.82   21___16:29:22   94      45    49    3.69    +++   4     
1.34    21___16:29:36   95      46    49    3.66    ---   3     
14.42   21___16:30:10   96      46    50    3.77    +++   4     
1.09    21___16:30:22   97      47    50    3.75    ---   3     
1.48    21___16:30:37   98      48    50    3.72    ---   2     
1.89    21___16:30:53   99      49    50    3.71    ---   1     
2.04    21___16:31:10   100     49    51    3.69    +++   2     
1       21___16:31:21   101     50    51    3.66    ---   1     
1.17    21___16:31:34   102     51    51    3.64    ---   0     
2.78    21___16:31:53   103     51    52    3.63    +++   1     
2.17    21___16:32:11   104     51    53    3.61    +++   2     
2.08    21___16:32:28   105     51    54    3.6     +++   3     
1.43    21___16:32:42   106     52    54    3.58    ---   2     
15.81   21___16:33:17   107     52    55    3.69    +++   3     
2.21    21___16:33:35   108     52    56    3.68    +++   4     
19.68   21___16:34:13   109     52    57    3.83    +++   5     
1.84    21___16:34:29   110     53    57    3.81    ---   4     
3.85    21___16:34:50   111     53    58    3.81    +++   5     
2.13    21___16:35:7    112     53    59    3.79    +++   6     
1.54    21___16:35:23   113     54    59    3.77    ---   5     
22.69   21___16:36:3    114     54    60    3.94    +++   6     
3.53    21___16:36:23   115     54    61    3.94    +++   7     
1.29    21___16:36:37   116     55    61    3.91    ---   6     
3.53    21___16:36:58   117     55    62    3.91    +++   7     
1.03    21___16:37:9    118     56    62    3.89    ---   6     
4.82    21___16:37:32   119     56    63    3.89    +++   7     
2.19    21___16:37:50   120     56    64    3.88    +++   8     
1.39    21___16:38:4    121     57    64    3.86    ---   7     
1.36    21___16:38:19   122     58    64    3.84    ---   6     
5.58    21___16:38:43   123     58    65    3.85    +++   7     
1.27    21___16:38:57   124     59    65    3.83    ---   6     
5.36    21___16:39:20   125     59    66    3.84    +++   7     
1.69    21___16:39:36   126     60    66    3.83    ---   6     
2.6     21___16:39:55   127     60    67    3.82    +++   7     
2.57    21___16:40:13   128     60    68    3.81    +++   8     
6.37    21___16:40:38   129     60    69    3.83    +++   9     
29.54   21___16:41:23   130     60    70    4.02    +++   10    
2.38    21___16:41:41   131     60    71    4.01    +++   11    
21.95   21___16:42:20   132     60    72    4.15    +++   12    
1.78    21___16:42:36   133     61    72    4.13    ---   11    
4.84    21___16:42:59   134     61    73    4.14    +++   12    
2.62    21___16:43:18   135     61    74    4.12    +++   13    
4.03    21___16:43:39   136     61    75    4.12    +++   14    
4.78    21___16:44:2    137     61    76    4.13    +++   15    
3.76    21___16:44:23   138     61    77    4.13    +++   16    
1.4     21___16:44:38   139     62    77    4.11    ---   15    
1.35    21___16:44:52   140     63    77    4.09    ---   14    
6.15    21___16:45:17   141     63    78    4.1     +++   15    
1.2     21___16:45:30   142     64    78    4.08    ---   14    
9.19    21___16:45:59   143     64    79    4.12    +++   15    
2.91    21___16:46:18   144     64    80    4.11    +++   16    
1.83    21___16:46:35   145     65    80    4.09    ---   15    
1.14    21___16:46:48   146     66    80    4.07    ---   14    
3.73    21___16:47:9    147     66    81    4.07    +++   15    
1.46    21___16:47:23   148     67    81    4.05    ---   14    
2.27    21___16:47:41   149     67    82    4.04    +++   15    
1.11    21___16:47:54   150     68    82    4.02    ---   14    
1.47    21___16:48:9    151     69    82    4       ---   13    
6.18    21___16:48:34   152     69    83    4.02    +++   14    
17.89   21___16:49:10   153     69    84    4.11    +++   15    
1.46    21___16:49:25   154     70    84    4.09    ---   14    
2.68    21___16:49:44   155     70    85    4.08    +++   15    
2.05    21___16:50:1    156     70    86    4.07    +++   16    
1.21    21___16:50:18   157     71    86    4.05    ---   15    
2.48    21___16:50:36   158     71    87    4.04    +++   16    
1.68    21___16:50:52   159     72    87    4.03    ---   15    
5.86    21___16:51:17   160     72    88    4.04    +++   16    
21.45   21___16:51:56   161     72    89    4.14    +++   17    
3.76    21___16:52:17   162     72    90    4.14    +++   18    
1       21___16:52:28   163     73    90    4.12    ---   17    
1.44    21___16:52:42   164     74    90    4.11    ---   16    
11      21___16:53:13   165     74    91    4.15    +++   17    
4.65    21___16:53:35   166     74    92    4.15    +++   18    
1.13    21___16:53:48   167     75    92    4.13    ---   17    
1.99    21___16:54:5    168     76    92    4.12    ---   16    
5.85    21___16:54:29   169     76    93    4.13    +++   17    
1.48    21___16:54:44   170     77    93    4.12    ---   16    
4.02    21___16:55:6    171     77    94    4.11    +++   17    
11.25   21___16:55:37   172     77    95    4.16    +++   18    
5.3     21___16:56:0    173     77    96    4.16    +++   19    
2.05    21___16:56:17   174     77    97    4.15    +++   20    
5.75    21___16:56:42   175     77    98    4.16    +++   21    
1.03    21___16:56:53   176     78    98    4.14    ---   20    
1.76    21___16:57:9    177     79    98    4.13    ---   19    
1.94    21___16:57:26   178     80    98    4.12    ---   18    
1.01    21___16:57:37   179     81    98    4.1     ---   17    
1.8     21___16:57:54   180     82    98    4.09    ---   16    
1.45    21___16:58:8    181     83    98    4.07    ---   15    
7.5     21___16:58:35   182     83    99    4.09    +++   16    
4.23    21___16:58:57   183     83    100   4.09    +++   17    
1.66    21___16:59:13   184     84    100   4.08    ---   16    
5.06    21___16:59:36   185     84    101   4.08    +++   17    
2.5     21___16:59:54   186     84    102   4.07    +++   18    
