1.85    21___12:0:1     1       1     0     1.85    ---   -1    
1.6     21___12:0:17    2       2     0     1.72    ---   -2    
4.11    21___12:0:38    3       2     1     2.52    +++   -1    
3.31    21___12:0:58    4       2     2     2.71    +++   0     
1.4     21___12:1:13    5       3     2     2.45    ---   -1    
1.1     21___12:1:26    6       4     2     2.22    ---   -2    
1.65    21___12:1:41    7       5     2     2.14    ---   -3    
1.75    21___12:1:57    8       6     2     2.09    ---   -4    
2.02    21___12:2:14    9       6     3     2.08    +++   -3    
2.64    21___12:2:33    10      6     4     2.14    +++   -2    
1.39    21___12:2:47    11      7     4     2.07    ---   -3    
2.53    21___12:3:6     12      7     5     2.11    +++   -2    
5.11    21___12:3:29    13      7     6     2.34    +++   -1    
19.91   21___12:4:7     14      7     7     3.59    +++   0     
1.36    21___12:4:21    15      8     7     3.44    ---   -1    
2       21___12:4:38    16      8     8     3.35    +++   0     
1.77    21___12:4:54    17      9     8     3.26    ---   -1    
7.84    21___12:5:21    18      9     9     3.51    +++   0     
25.42   21___12:6:3     19      9     10    4.67    +++   1     
6.11    21___12:6:28    20      9     11    4.74    +++   2     
1.45    21___12:6:43    21      10    11    4.58    ---   1     
1.04    21___12:6:55    22      11    11    4.42    ---   0     
15.63   21___12:7:29    23      11    12    4.91    +++   1     
1.87    21___12:7:46    24      12    12    4.78    ---   0     
2.37    21___12:8:4     25      12    13    4.68    +++   1     
1.61    21___12:8:19    26      13    13    4.57    ---   0     
3.52    21___12:8:40    27      13    14    4.53    +++   1     
1.57    21___12:8:55    28      14    14    4.42    ---   0     
5.45    21___12:9:19    29      14    15    4.46    +++   1     
1.02    21___12:9:31    30      15    15    4.34    ---   0     
1.53    21___12:9:46    31      16    15    4.25    ---   -1    
4.89    21___12:10:9    32      16    16    4.27    +++   0     
6.18    21___12:10:34   33      16    17    4.33    +++   1     
5.37    21___12:10:57   34      16    18    4.36    +++   2     
3.59    21___12:11:18   35      16    19    4.34    +++   3     
4.25    21___12:11:40   36      16    20    4.33    +++   4     
1.47    21___12:11:55   37      17    20    4.26    ---   3     
2       21___12:12:12   38      17    21    4.2     +++   4     
21.63   21___12:12:51   39      17    22    4.64    +++   5     
1.02    21___12:13:3    40      18    22    4.55    ---   4     
1.32    21___12:13:17   41      19    22    4.47    ---   3     
6.04    21___12:13:41   42      19    23    4.51    +++   4     
7.22    21___12:14:8    43      19    24    4.57    +++   5     
20.69   21___12:14:46   44      19    25    4.94    +++   6     
1.74    21___12:15:2    45      20    25    4.87    ---   5     
1.23    21___12:15:16   46      21    25    4.79    ---   4     
8.43    21___12:15:44   47      21    26    4.87    +++   5     
2.43    21___12:16:2    48      21    27    4.82    +++   6     
1.97    21___12:16:18   49      22    27    4.76    ---   5     
21.93   21___12:16:58   50      22    28    5.1     +++   6     
1.45    21___12:17:13   51      23    28    5.03    ---   5     
1.61    21___12:17:28   52      24    28    4.96    ---   4     
1.86    21___12:17:45   53      25    28    4.91    ---   3     
2.45    21___12:18:3    54      25    29    4.86    +++   4     
1.34    21___12:18:17   55      26    29    4.8     ---   3     
1.06    21___12:18:29   56      27    29    4.73    ---   2     
6.2     21___12:18:54   57      27    30    4.75    +++   3     
1.48    21___12:19:9    58      28    30    4.7     ---   2     
2.98    21___12:19:29   59      28    31    4.67    +++   3     
1.17    21___12:19:42   60      29    31    4.61    ---   2     
2.05    21___12:19:59   61      29    32    4.57    +++   3     
4.38    21___12:20:21   62      29    33    4.57    +++   4     
14.22   21___12:20:55   63      29    34    4.72    +++   5     
1.54    21___12:21:10   64      30    34    4.67    ---   4     
2.51    21___12:21:28   65      30    35    4.64    +++   5     
1.09    21___12:21:40   66      31    35    4.58    ---   4     
1       21___12:21:51   67      32    35    4.53    ---   3     
1.34    21___12:22:5    68      33    35    4.48    ---   2     
28.68   21___12:22:49   69      33    36    4.83    +++   3     
3.8     21___12:23:10   70      33    37    4.82    +++   4     
1.71    21___12:23:26   71      34    37    4.77    ---   3     
18.96   21___12:24:3    72      34    38    4.97    +++   4     
10.72   21___12:24:34   73      34    39    5.05    +++   5     
2.84    21___12:24:53   74      34    40    5.02    +++   6     
6.12    21___12:25:18   75      34    41    5.03    +++   7     
1.62    21___12:25:33   76      35    41    4.99    ---   6     
16.04   21___12:26:8    77      35    42    5.13    +++   7     
1.99    21___12:26:25   78      36    42    5.09    ---   6     
5.29    21___12:26:49   79      36    43    5.09    +++   7     
1.09    21___12:27:1    80      37    43    5.04    ---   6     
11.15   21___12:27:32   81      37    44    5.12    +++   7     
2.63    21___12:27:51   82      37    45    5.09    +++   8     
10.5    21___12:28:21   83      37    46    5.15    +++   9     
4.73    21___12:28:43   84      37    47    5.15    +++   10    
1.15    21___12:28:56   85      38    47    5.1     ---   9     
3.52    21___12:29:17   86      38    48    5.08    +++   10    
1       21___12:29:27   87      39    48    5.04    ---   9     
1.06    21___12:29:40   88      40    48    4.99    ---   8     
4.81    21___12:30:3    89      40    49    4.99    +++   9     
3.55    21___12:30:23   90      40    50    4.97    +++   10    
1.77    21___12:30:39   91      41    50    4.94    ---   9     
2.9     21___12:30:59   92      41    51    4.92    +++   10    
1.25    21___12:31:12   93      42    51    4.88    ---   9     
1.61    21___12:31:28   94      43    51    4.84    ---   8     
2.2     21___12:31:45   95      43    52    4.81    +++   9     
2.28    21___12:32:3    96      43    53    4.79    +++   10    
2.91    21___12:32:22   97      43    54    4.77    +++   11    
5.06    21___12:32:46   98      43    55    4.77    +++   12    
1       21___12:32:56   99      44    55    4.73    ---   11    
3.55    21___12:33:17   100     44    56    4.72    +++   12    
1.82    21___12:33:33   101     45    56    4.69    ---   11    
2.32    21___12:33:51   102     45    57    4.67    +++   12    
1.62    21___12:34:6    103     46    57    4.64    ---   11    
2.69    21___12:34:25   104     46    58    4.62    +++   12    
1.91    21___12:34:42   105     47    58    4.59    ---   11    
1.57    21___12:34:57   106     48    58    4.57    ---   10    
1.12    21___12:35:10   107     49    58    4.53    ---   9     
5.22    21___12:35:33   108     49    59    4.54    +++   10    
2.11    21___12:35:51   109     49    60    4.52    +++   11    
3.73    21___12:36:12   110     49    61    4.51    +++   12    
1       21___12:36:22   111     50    61    4.48    ---   11    
1.55    21___12:36:37   112     51    61    4.45    ---   10    
1       21___12:36:48   113     52    61    4.42    ---   9     
17.29   21___12:37:24   114     52    62    4.53    +++   10    
1.59    21___12:37:39   115     53    62    4.51    ---   9     
1.12    21___12:37:52   116     54    62    4.48    ---   8     
1.27    21___12:38:6    117     55    62    4.45    ---   7     
2.44    21___12:38:24   118     55    63    4.44    +++   8     
1.61    21___12:38:40   119     56    63    4.41    ---   7     
1.61    21___12:38:55   120     57    63    4.39    ---   6     
2.67    21___12:39:14   121     57    64    4.37    +++   7     
3.73    21___12:39:35   122     57    65    4.37    +++   8     
2.66    21___12:39:53   123     57    66    4.35    +++   9     
2.68    21___12:40:12   124     57    67    4.34    +++   10    
1.16    21___12:40:25   125     58    67    4.32    ---   9     
1.22    21___12:40:39   126     59    67    4.29    ---   8     
4.5     21___12:41:1    127     59    68    4.29    +++   9     
9.64    21___12:41:30   128     59    69    4.33    +++   10    
1.53    21___12:41:45   129     60    69    4.31    ---   9     
2.14    21___12:42:3    130     60    70    4.3     +++   10    
1.31    21___12:42:17   131     61    70    4.27    ---   9     
8.01    21___12:42:44   132     61    71    4.3     +++   10    
1.66    21___12:43:0    133     62    71    4.28    ---   9     
3.91    21___12:43:21   134     62    72    4.28    +++   10    
1.08    21___12:43:33   135     63    72    4.25    ---   9     
1.32    21___12:43:48   136     64    72    4.23    ---   8     
1.26    21___12:44:1    137     65    72    4.21    ---   7     
1.47    21___12:44:16   138     66    72    4.19    ---   6     
20.15   21___12:44:54   139     66    73    4.31    +++   7     
2.04    21___12:45:11   140     66    74    4.29    +++   8     
1.17    21___12:45:25   141     67    74    4.27    ---   7     
11.48   21___12:45:56   142     67    75    4.32    +++   8     
3.69    21___12:46:17   143     67    76    4.31    +++   9     
2.01    21___12:46:33   144     67    77    4.3     +++   10    
1.26    21___12:46:47   145     68    77    4.28    ---   9     
4.55    21___12:47:10   146     68    78    4.28    +++   10    
1.27    21___12:47:23   147     69    78    4.26    ---   9     
3.55    21___12:47:44   148     69    79    4.25    +++   10    
4.58    21___12:48:7    149     69    80    4.26    +++   11    
8.11    21___12:48:34   150     69    81    4.28    +++   12    
2.57    21___12:48:53   151     69    82    4.27    +++   13    
3.47    21___12:49:13   152     69    83    4.26    +++   14    
2.48    21___12:49:31   153     69    84    4.25    +++   15    
5.09    21___12:49:55   154     69    85    4.26    +++   16    
1.1     21___12:50:7    155     70    85    4.24    ---   15    
1.36    21___12:50:21   156     71    85    4.22    ---   14    
4.36    21___12:50:44   157     71    86    4.22    +++   15    
16.59   21___12:51:19   158     71    87    4.3     +++   16    
1.89    21___12:51:36   159     72    87    4.28    ---   15    
15.49   21___12:52:10   160     72    88    4.35    +++   16    
23.73   21___12:52:51   161     72    89    4.47    +++   17    
2.82    21___12:53:10   162     72    90    4.46    +++   18    
1.96    21___12:53:27   163     73    90    4.45    ---   17    
2.36    21___12:53:45   164     73    91    4.44    +++   18    
1.22    21___12:53:58   165     74    91    4.42    ---   17    
1.43    21___12:54:13   166     75    91    4.4     ---   16    
1.24    21___12:54:26   167     76    91    4.38    ---   15    
1.57    21___12:54:42   168     77    91    4.36    ---   14    
3.44    21___12:55:2    169     77    92    4.36    +++   15    
1.27    21___12:55:16   170     78    92    4.34    ---   14    
2.07    21___12:55:33   171     78    93    4.33    +++   15    
2.01    21___12:55:50   172     78    94    4.31    +++   16    
5.42    21___12:56:14   173     78    95    4.32    +++   17    
1.89    21___12:56:30   174     79    95    4.3     ---   16    
11.41   21___12:57:1    175     79    96    4.34    +++   17    
1.28    21___12:57:15   176     80    96    4.33    ---   16    
1       21___12:57:26   177     81    96    4.31    ---   15    
1.38    21___12:57:40   178     82    96    4.29    ---   14    
2.09    21___12:57:57   179     82    97    4.28    +++   15    
2.6     21___12:58:16   180     82    98    4.27    +++   16    
5.58    21___12:58:40   181     82    99    4.28    +++   17    
10.06   21___12:59:10   182     82    100   4.31    +++   18    
6.49    21___12:59:35   183     82    101   4.32    +++   19    
