33.97   21___14:0:21    1       0     1     33.97   +++   1     
10.47   21___14:0:51    2       0     2     22.22   +++   2     
34.74   21___14:1:38    3       0     3     26.39   +++   3     
3.09    21___14:1:58    4       0     4     20.56   +++   4     
1.23    21___14:2:12    5       1     4     16.7    ---   3     
13.46   21___14:2:45    6       1     5     16.16   +++   4     
1.05    21___14:2:57    7       2     5     14      ---   3     
14.78   21___14:3:31    8       2     6     14.09   +++   4     
4.27    21___14:3:52    9       2     7     13      +++   5     
1.23    21___14:4:6     10      3     7     11.82   ---   4     
1.26    21___14:4:20    11      4     7     10.86   ---   3     
1.5     21___14:4:35    12      5     7     10.08   ---   2     
2.19    21___14:4:52    13      5     8     9.48    +++   3     
1.22    21___14:5:6     14      6     8     8.89    ---   2     
3.7     21___14:5:27    15      6     9     8.54    +++   3     
4.77    21___14:5:50    16      6     10    8.3     +++   4     
1.11    21___14:6:2     17      7     10    7.88    ---   3     
4.09    21___14:6:24    18      7     11    7.67    +++   4     
1       21___14:6:35    19      8     11    7.32    ---   3     
1.42    21___14:6:49    20      9     11    7.02    ---   2     
1.29    21___14:7:3     21      10    11    6.75    ---   1     
1.16    21___14:7:16    22      11    11    6.5     ---   0     
1.74    21___14:7:32    23      12    11    6.29    ---   -1    
2.11    21___14:7:50    24      12    12    6.11    +++   0     
9.33    21___14:8:18    25      12    13    6.24    +++   1     
6.95    21___14:8:44    26      12    14    6.27    +++   2     
1       21___14:8:55    27      13    14    6.07    ---   1     
1.38    21___14:9:9     28      14    14    5.91    ---   0     
4.93    21___14:9:33    29      14    15    5.87    +++   1     
1.77    21___14:9:49    30      15    15    5.74    ---   0     
1.12    21___14:10:1    31      16    15    5.59    ---   -1    
1.08    21___14:10:14   32      17    15    5.45    ---   -2    
1.37    21___14:10:28   33      18    15    5.32    ---   -3    
1.48    21___14:10:43   34      19    15    5.21    ---   -4    
3.18    21___14:11:3    35      19    16    5.15    +++   -3    
2.33    21___14:11:21   36      19    17    5.07    +++   -2    
1.95    21___14:11:38   37      20    17    4.99    ---   -3    
6.47    21___14:12:3    38      20    18    5.03    +++   -2    
9.19    21___14:12:31   39      20    19    5.13    +++   -1    
4.31    21___14:12:54   40      20    20    5.11    +++   0     
31.07   21___14:13:39   41      20    21    5.75    +++   1     
1.01    21___14:13:50   42      21    21    5.63    ---   0     
22.93   21___14:14:30   43      21    22    6.03    +++   1     
2.84    21___14:14:49   44      21    23    5.96    +++   2     
1.45    21___14:15:4    45      22    23    5.86    ---   1     
1.24    21___14:15:18   46      23    23    5.76    ---   0     
1.9     21___14:15:34   47      24    23    5.68    ---   -1    
8.7     21___14:16:2    48      24    24    5.74    +++   0     
24.81   21___14:16:44   49      24    25    6.13    +++   1     
23.56   21___14:17:24   50      24    26    6.48    +++   2     
15.94   21___14:17:59   51      24    27    6.66    +++   3     
1.57    21___14:18:15   52      25    27    6.57    ---   2     
11.35   21___14:18:46   53      25    28    6.66    +++   3     
1.42    21___14:19:0    54      26    28    6.56    ---   2     
8.65    21___14:19:28   55      26    29    6.6     +++   3     
1.08    21___14:19:41   56      27    29    6.5     ---   2     
4.15    21___14:20:2    57      27    30    6.46    +++   3     
1.07    21___14:20:15   58      28    30    6.36    ---   2     
10.23   21___14:20:44   59      28    31    6.43    +++   3     
2.41    21___14:21:2    60      28    32    6.36    +++   4     
1.39    21___14:21:17   61      29    32    6.28    ---   3     
1.95    21___14:21:34   62      30    32    6.21    ---   2     
1.47    21___14:21:49   63      31    32    6.14    ---   1     
1.7     21___14:22:5    64      32    32    6.07    ---   0     
1.42    21___14:22:19   65      33    32    6       ---   -1    
1.5     21___14:22:34   66      34    32    5.93    ---   -2    
1.49    21___14:22:49   67      35    32    5.86    ---   -3    
3.2     21___14:23:9    68      35    33    5.82    +++   -2    
1.18    21___14:23:22   69      36    33    5.75    ---   -3    
1.38    21___14:23:37   70      37    33    5.69    ---   -4    
1.1     21___14:23:49   71      38    33    5.63    ---   -5    
3.39    21___14:24:10   72      38    34    5.6     +++   -4    
2.65    21___14:24:28   73      38    35    5.56    +++   -3    
1.5     21___14:24:43   74      39    35    5.5     ---   -4    
4.5     21___14:25:6    75      39    36    5.49    +++   -3    
1.38    21___14:25:20   76      40    36    5.43    ---   -4    
1.03    21___14:25:32   77      41    36    5.38    ---   -5    
1.18    21___14:25:45   78      42    36    5.32    ---   -6    
1.62    21___14:26:1    79      43    36    5.27    ---   -7    
17.1    21___14:26:37   80      43    37    5.42    +++   -6    
2.11    21___14:26:54   81      43    38    5.38    +++   -5    
20.23   21___14:27:32   82      43    39    5.56    +++   -4    
1.33    21___14:27:46   83      44    39    5.51    ---   -5    
2.27    21___14:28:4    84      44    40    5.47    +++   -4    
2.1     21___14:28:21   85      44    41    5.43    +++   -3    
3.66    21___14:28:42   86      44    42    5.41    +++   -2    
1.03    21___14:28:54   87      45    42    5.36    ---   -3    
2.33    21___14:29:11   88      45    43    5.33    +++   -2    
3.06    21___14:29:31   89      45    44    5.3     +++   -1    
14.43   21___14:30:5    90      45    45    5.4     +++   0     
1.26    21___14:30:18   91      46    45    5.36    ---   -1    
1       21___14:30:29   92      47    45    5.31    ---   -2    
27.39   21___14:31:12   93      47    46    5.55    +++   -1    
4.12    21___14:31:34   94      47    47    5.53    +++   0     
2.63    21___14:31:52   95      47    48    5.5     +++   1     
2.24    21___14:32:10   96      47    49    5.47    +++   2     
1.98    21___14:32:27   97      48    49    5.43    ---   1     
2.88    21___14:32:46   98      48    50    5.41    +++   2     
1       21___14:32:57   99      49    50    5.36    ---   1     
4.09    21___14:33:18   100     49    51    5.35    +++   2     
3.03    21___14:33:38   101     49    52    5.33    +++   3     
1.42    21___14:33:52   102     50    52    5.29    ---   2     
1.58    21___14:34:8    103     51    52    5.25    ---   1     
29.96   21___14:34:53   104     51    53    5.49    +++   2     
1.03    21___14:35:4    105     52    53    5.45    ---   1     
1.08    21___14:35:17   106     53    53    5.4     ---   0     
1.18    21___14:35:30   107     54    53    5.37    ---   -1    
2.28    21___14:35:47   108     54    54    5.34    +++   0     
1.2     21___14:36:1    109     55    54    5.3     ---   -1    
22.71   21___14:36:41   110     55    55    5.46    +++   0     
5.33    21___14:37:5    111     55    56    5.46    +++   1     
1.99    21___14:37:21   112     56    56    5.42    ---   0     
6.71    21___14:37:47   113     56    57    5.44    +++   1     
2.96    21___14:38:7    114     56    58    5.41    +++   2     
21.36   21___14:38:46   115     56    59    5.55    +++   3     
1.27    21___14:38:59   116     57    59    5.52    ---   2     
2.76    21___14:39:18   117     57    60    5.49    +++   3     
1.8     21___14:39:35   118     58    60    5.46    ---   2     
33.96   21___14:40:21   119     58    61    5.7     +++   3     
1.29    21___14:40:35   120     59    61    5.66    ---   2     
1.31    21___14:40:50   121     60    61    5.63    ---   1     
1.12    21___14:41:2    122     61    61    5.59    ---   0     
1.19    21___14:41:16   123     62    61    5.55    ---   -1    
1.87    21___14:41:32   124     63    61    5.53    ---   -2    
1.31    21___14:41:46   125     64    61    5.49    ---   -3    
2.67    21___14:42:5    126     64    62    5.47    +++   -2    
11.14   21___14:43:10   127     64    63    5.51    +++   -1    
1.58    21___14:43:25   128     65    63    5.48    ---   -2    
1.5     21___14:43:40   129     66    63    5.45    ---   -3    
1.13    21___14:43:53   130     67    63    5.42    ---   -4    
1.05    21___14:44:5    131     68    63    5.39    ---   -5    
1.05    21___14:44:17   132     69    63    5.35    ---   -6    
1.17    21___14:44:30   133     70    63    5.32    ---   -7    
1.48    21___14:44:45   134     71    63    5.29    ---   -8    
1.43    21___14:45:0    135     72    63    5.26    ---   -9    
3.32    21___14:45:20   136     72    64    5.25    +++   -8    
1.41    21___14:45:35   137     73    64    5.22    ---   -9    
3.77    21___14:45:56   138     73    65    5.21    +++   -8    
1.08    21___14:46:8    139     74    65    5.18    ---   -9    
14.48   21___14:46:42   140     74    66    5.25    +++   -8    
4.36    21___14:47:4    141     74    67    5.24    +++   -7    
32.21   21___14:47:50   142     74    68    5.43    +++   -6    
1.22    21___14:48:3    143     75    68    5.4     ---   -7    
5.1     21___14:48:27   144     75    69    5.4     +++   -6    
1.05    21___14:48:39   145     76    69    5.37    ---   -7    
1.03    21___14:48:50   146     77    69    5.34    ---   -8    
3.8     21___14:49:11   147     77    70    5.33    +++   -7    
1.64    21___14:49:27   148     78    70    5.3     ---   -8    
1       21___14:49:37   149     79    70    5.27    ---   -9    
1.35    21___14:49:52   150     80    70    5.25    ---   -10   
1.91    21___14:50:8    151     81    70    5.23    ---   -11   
23.35   21___14:50:49   152     81    71    5.35    +++   -10   
1.01    21___14:51:0    153     82    71    5.32    ---   -11   
1.41    21___14:51:15   154     83    71    5.29    ---   -12   
1.29    21___14:51:29   155     84    71    5.27    ---   -13   
1.34    21___14:51:43   156     85    71    5.24    ---   -14   
2.28    21___14:52:0    157     85    72    5.22    +++   -13   
1.82    21___14:52:17   158     86    72    5.2     ---   -14   
2.15    21___14:52:34   159     86    73    5.18    +++   -13   
1.01    21___14:52:45   160     87    73    5.16    ---   -14   
1.17    21___14:52:58   161     88    73    5.13    ---   -15   
18.18   21___14:53:35   162     88    74    5.21    +++   -14   
3.08    21___14:53:55   163     88    75    5.2     +++   -13   
1.17    21___14:54:8    164     89    75    5.17    ---   -14   
2.5     21___14:54:26   165     89    76    5.16    +++   -13   
1.83    21___14:54:42   166     90    76    5.14    ---   -14   
1       21___14:54:53   167     91    76    5.11    ---   -15   
20.51   21___14:55:31   168     91    77    5.2     +++   -14   
3.05    21___14:55:51   169     91    78    5.19    +++   -13   
1.77    21___14:56:7    170     92    78    5.17    ---   -14   
1.24    21___14:56:21   171     93    78    5.15    ---   -15   
4.7     21___14:56:44   172     93    79    5.15    +++   -14   
1.85    21___14:57:0    173     94    79    5.13    ---   -15   
1.02    21___14:57:11   174     95    79    5.1     ---   -16   
1.39    21___14:57:26   175     96    79    5.08    ---   -17   
6.6     21___14:57:51   176     96    80    5.09    +++   -16   
3.47    21___14:58:12   177     96    81    5.08    +++   -15   
2.46    21___14:58:30   178     96    82    5.07    +++   -14   
2       21___14:58:47   179     96    83    5.05    +++   -13   
7.44    21___14:59:13   180     96    84    5.06    +++   -12   
1.58    21___14:59:29   181     97    84    5.04    ---   -13   
1.55    21___14:59:44   182     98    84    5.02    ---   -14   
