4.46    21___15:0:6     1       0     1     4.46    +++   1     
1.78    21___15:0:23    2       1     1     3.12    ---   0     
2.18    21___15:0:40    3       1     2     2.8     +++   1     
3.28    21___15:1:0     4       1     3     2.92    +++   2     
21.01   21___15:1:39    5       1     4     6.54    +++   3     
1.28    21___15:1:53    6       2     4     5.66    ---   2     
3.87    21___15:2:14    7       2     5     5.4     +++   3     
6.51    21___15:2:39    8       2     6     5.54    +++   4     
8.34    21___15:3:7     9       2     7     5.85    +++   5     
1.05    21___15:3:19    10      3     7     5.37    ---   4     
2.31    21___15:3:37    11      3     8     5.09    +++   5     
3.51    21___15:3:57    12      3     9     4.96    +++   6     
2.52    21___15:4:16    13      3     10    4.77    +++   7     
21.21   21___15:4:55    14      3     11    5.95    +++   8     
3.42    21___15:5:15    15      3     12    5.78    +++   9     
3.32    21___15:5:35    16      3     13    5.62    +++   10    
1.77    21___15:5:51    17      4     13    5.4     ---   9     
23.4    21___15:6:32    18      4     14    6.4     +++   10    
8.39    21___15:6:59    19      4     15    6.5     +++   11    
1.22    21___15:7:13    20      5     15    6.24    ---   10    
4.12    21___15:7:35    21      5     16    6.14    +++   11    
2.87    21___15:7:54    22      5     17    5.99    +++   12    
2.21    21___15:8:11    23      5     18    5.82    +++   13    
4.3     21___15:8:33    24      5     19    5.76    +++   14    
5.26    21___15:8:57    25      5     20    5.74    +++   15    
2.84    21___15:9:16    26      5     21    5.63    +++   16    
17.75   21___15:9:53    27      5     22    6.08    +++   17    
3.92    21___15:10:14   28      5     23    6       +++   18    
3       21___15:10:33   29      5     24    5.9     +++   19    
2.55    21___15:10:52   30      5     25    5.78    +++   20    
2.76    21___15:11:11   31      5     26    5.69    +++   21    
1.41    21___15:11:25   32      6     26    5.55    ---   20    
15.33   21___15:12:0    33      6     27    5.85    +++   21    
4       21___15:12:22   34      6     28    5.79    +++   22    
2.1     21___15:12:39   35      6     29    5.69    +++   23    
3.76    21___15:13:0    36      6     30    5.63    +++   24    
1.99    21___15:13:17   37      7     30    5.54    ---   23    
3.73    21___15:13:38   38      7     31    5.49    +++   24    
1.61    21___15:13:53   39      8     31    5.39    ---   23    
1.44    21___15:14:8    40      9     31    5.29    ---   22    
1.76    21___15:14:24   41      10    31    5.2     ---   21    
1.32    21___15:14:38   42      11    31    5.11    ---   20    
1.77    21___15:14:54   43      12    31    5.03    ---   19    
3.89    21___15:15:15   44      12    32    5.01    +++   20    
1.89    21___15:15:32   45      13    32    4.94    ---   19    
1.15    21___15:15:45   46      14    32    4.85    ---   18    
1.44    21___15:16:0    47      15    32    4.78    ---   17    
1.13    21___15:16:12   48      16    32    4.71    ---   16    
2       21___15:16:30   49      16    33    4.65    +++   17    
3.75    21___15:16:50   50      16    34    4.63    +++   18    
20.6    21___15:17:29   51      16    35    4.95    +++   19    
1.05    21___15:17:41   52      17    35    4.87    ---   18    
4.03    21___15:18:3    53      17    36    4.85    +++   19    
1.86    21___15:18:19   54      18    36    4.8     ---   18    
1.01    21___15:18:30   55      19    36    4.73    ---   17    
4.71    21___15:18:53   56      19    37    4.73    +++   18    
2.91    21___15:19:12   57      19    38    4.7     +++   19    
3.63    21___15:19:33   58      19    39    4.68    +++   20    
6.59    21___15:19:58   59      19    40    4.71    +++   21    
1.7     21___15:20:14   60      20    40    4.66    ---   20    
1.08    21___15:20:26   61      21    40    4.6     ---   19    
4.7     21___15:20:50   62      21    41    4.6     +++   20    
3.03    21___15:21:9    63      21    42    4.58    +++   21    
1.1     21___15:21:23   64      22    42    4.52    ---   20    
1.68    21___15:21:37   65      23    42    4.48    ---   19    
1.41    21___15:21:52   66      24    42    4.43    ---   18    
1.94    21___15:22:9    67      25    42    4.4     ---   17    
1       21___15:22:19   68      26    42    4.35    ---   16    
1.27    21___15:22:33   69      27    42    4.3     ---   15    
2.56    21___15:22:51   70      27    43    4.28    +++   16    
4.27    21___15:23:13   71      27    44    4.28    +++   17    
7.96    21___15:23:40   72      27    45    4.33    +++   18    
1.13    21___15:23:53   73      28    45    4.28    ---   17    
6.91    21___15:24:19   74      28    46    4.32    +++   18    
1.15    21___15:24:32   75      29    46    4.28    ---   17    
1.3     21___15:24:46   76      30    46    4.24    ---   16    
1.23    21___15:25:0    77      31    46    4.2     ---   15    
2.44    21___15:25:18   78      31    47    4.18    +++   16    
1.88    21___15:25:35   79      32    47    4.15    ---   15    
3.91    21___15:25:56   80      32    48    4.14    +++   16    
3.02    21___15:26:15   81      32    49    4.13    +++   17    
1.26    21___15:26:29   82      33    49    4.09    ---   16    
1.86    21___15:26:45   83      34    49    4.07    ---   15    
4.02    21___15:27:7    84      34    50    4.07    +++   16    
3.83    21___15:27:28   85      34    51    4.06    +++   17    
1.73    21___15:27:44   86      35    51    4.04    ---   16    
1.02    21___15:27:55   87      36    51    4       ---   15    
5.31    21___15:28:19   88      36    52    4.02    +++   16    
6.44    21___15:28:44   89      36    53    4.04    +++   17    
1.65    21___15:29:0    90      37    53    4.02    ---   16    
3.15    21___15:29:20   91      37    54    4.01    +++   17    
6.17    21___15:29:45   92      37    55    4.03    +++   18    
25.6    21___15:30:27   93      37    56    4.26    +++   19    
4.64    21___15:30:49   94      37    57    4.27    +++   20    
2.41    21___15:31:7    95      37    58    4.25    +++   21    
1.06    21___15:31:19   96      38    58    4.21    ---   20    
1.13    21___15:31:32   97      39    58    4.18    ---   19    
2.28    21___15:31:50   98      39    59    4.16    +++   20    
1.24    21___15:32:4    99      40    59    4.13    ---   19    
1       21___15:32:14   100     41    59    4.1     ---   18    
1.08    21___15:32:26   101     42    59    4.07    ---   17    
1.09    21___15:32:39   102     43    59    4.04    ---   16    
1.51    21___15:32:54   103     44    59    4.02    ---   15    
1.67    21___15:33:10   104     45    59    4       ---   14    
1.6     21___15:33:25   105     46    59    3.97    ---   13    
4.18    21___15:33:47   106     46    60    3.97    +++   14    
2.19    21___15:34:4    107     46    61    3.96    +++   15    
1.58    21___15:34:20   108     47    61    3.94    ---   14    
3.35    21___15:34:40   109     47    62    3.93    +++   15    
1.02    21___15:34:51   110     48    62    3.9     ---   14    
2.8     21___15:35:10   111     48    63    3.89    +++   15    
1.28    21___15:35:24   112     49    63    3.87    ---   14    
2.9     21___15:35:44   113     49    64    3.86    +++   15    
1.45    21___15:35:58   114     50    64    3.84    ---   14    
23.76   21___15:36:39   115     50    65    4.01    +++   15    
1.93    21___15:36:56   116     51    65    4       ---   14    
1.27    21___15:37:10   117     52    65    3.97    ---   13    
1.15    21___15:37:23   118     53    65    3.95    ---   12    
1.08    21___15:37:35   119     54    65    3.92    ---   11    
1.33    21___15:37:49   120     55    65    3.9     ---   10    
5.15    21___15:38:13   121     55    66    3.91    +++   11    
1.31    21___15:38:27   122     56    66    3.89    ---   10    
25.2    21___15:39:8    123     56    67    4.07    +++   11    
1.88    21___15:39:25   124     57    67    4.05    ---   10    
2.29    21___15:39:42   125     57    68    4.03    +++   11    
2.44    21___15:40:1    126     57    69    4.02    +++   12    
1.36    21___15:40:15   127     58    69    4       ---   11    
4.3     21___15:40:37   128     58    70    4       +++   12    
7.56    21___15:41:4    129     58    71    4.03    +++   13    
12.79   21___15:41:36   130     58    72    4.1     +++   14    
2.24    21___15:41:53   131     58    73    4.08    +++   15    
1.15    21___15:42:6    132     59    73    4.06    ---   14    
1.7     21___15:42:22   133     60    73    4.04    ---   13    
1       21___15:42:33   134     61    73    4.02    ---   12    
10.27   21___15:43:3    135     61    74    4.07    +++   13    
16.36   21___15:43:38   136     61    75    4.16    +++   14    
2.99    21___15:43:58   137     61    76    4.15    +++   15    
1.21    21___15:44:11   138     62    76    4.13    ---   14    
9.26    21___15:44:40   139     62    77    4.16    +++   15    
24.1    21___15:45:21   140     62    78    4.31    +++   16    
1.04    21___15:45:33   141     63    78    4.28    ---   15    
5.02    21___15:45:56   142     63    79    4.29    +++   16    
2.39    21___15:46:14   143     63    80    4.27    +++   17    
1.06    21___15:46:26   144     64    80    4.25    ---   16    
4.26    21___15:46:48   145     64    81    4.25    +++   17    
1.76    21___15:47:4    146     65    81    4.24    ---   16    
34.44   21___15:47:51   147     65    82    4.44    +++   17    
16.85   21___15:48:27   148     65    83    4.52    +++   18    
2.13    21___15:48:44   149     65    84    4.51    +++   19    
2.99    21___15:49:4    150     65    85    4.5     +++   20    
8.2     21___15:49:31   151     65    86    4.52    +++   21    
1.5     21___15:49:46   152     66    86    4.5     ---   20    
12.47   21___15:50:18   153     66    87    4.55    +++   21    
1.31    21___15:50:32   154     67    87    4.53    ---   20    
2.51    21___15:50:50   155     67    88    4.52    +++   21    
3.19    21___15:51:10   156     67    89    4.51    +++   22    
3.83    21___15:51:32   157     67    90    4.51    +++   23    
1.41    21___15:51:46   158     68    90    4.49    ---   22    
6.82    21___15:52:12   159     68    91    4.5     +++   23    
1.2     21___15:52:26   160     69    91    4.48    ---   22    
1       21___15:52:36   161     70    91    4.46    ---   21    
3.4     21___15:52:56   162     70    92    4.45    +++   22    
1.88    21___15:53:13   163     71    92    4.44    ---   21    
1.78    21___15:53:29   164     72    92    4.42    ---   20    
1.07    21___15:53:41   165     73    92    4.4     ---   19    
3.44    21___15:54:2    166     73    93    4.4     +++   20    
2.38    21___15:54:20   167     73    94    4.38    +++   21    
1.27    21___15:54:33   168     74    94    4.36    ---   20    
1.15    21___15:54:46   169     75    94    4.35    ---   19    
3.25    21___15:55:6    170     75    95    4.34    +++   20    
2.3     21___15:55:24   171     75    96    4.33    +++   21    
6.43    21___15:55:49   172     75    97    4.34    +++   22    
1.03    21___15:56:1    173     76    97    4.32    ---   21    
1.19    21___15:56:14   174     77    97    4.3     ---   20    
30.23   21___15:56:59   175     77    98    4.45    +++   21    
1.48    21___15:57:14   176     78    98    4.43    ---   20    
1.34    21___15:57:28   177     79    98    4.42    ---   19    
1.34    21___15:57:43   178     80    98    4.4     ---   18    
1.01    21___15:57:54   179     81    98    4.38    ---   17    
2.98    21___15:58:13   180     81    99    4.37    +++   18    
1.11    21___15:58:26   181     82    99    4.35    ---   17    
1.53    21___15:58:41   182     83    99    4.34    ---   16    
3.03    21___15:59:1    183     83    100   4.33    +++   17    
3.94    21___15:59:22   184     83    101   4.33    +++   18    
13.64   21___15:59:55   185     83    102   4.38    +++   19    
