9.47    21___10:0:12    1       0     1     9.47    +++   1     
1.26    21___10:0:26    2       1     1     5.36    ---   0     
1.03    21___10:0:37    3       2     1     3.92    ---   -1    
9.13    21___10:1:6     4       2     2     5.22    +++   0     
1.27    21___10:1:20    5       3     2     4.43    ---   -1    
2.39    21___10:1:38    6       3     3     4.09    +++   0     
1.01    21___10:1:49    7       4     3     3.65    ---   -1    
8.02    21___10:2:16    8       4     4     4.19    +++   0     
2.26    21___10:2:34    9       4     5     3.98    +++   1     
1.91    21___10:2:50    10      5     5     3.77    ---   0     
1.26    21___10:3:4     11      6     5     3.54    ---   -1    
4.69    21___10:3:27    12      6     6     3.64    +++   0     
9.94    21___10:3:56    13      6     7     4.12    +++   1     
4.36    21___10:4:19    14      6     8     4.14    +++   2     
2.99    21___10:4:38    15      6     9     4.06    +++   3     
1.02    21___10:4:49    16      7     9     3.87    ---   2     
1       21___10:5:1     17      8     9     3.7     ---   1     
1.1     21___10:5:13    18      9     9     3.56    ---   0     
1.49    21___10:5:28    19      10    9     3.45    ---   -1    
2.21    21___10:5:45    20      10    10    3.39    +++   0     
1.2     21___10:5:58    21      11    10    3.28    ---   -1    
1.24    21___10:6:12    22      12    10    3.19    ---   -2    
3       21___10:6:32    23      12    11    3.18    +++   -1    
2.58    21___10:6:50    24      12    12    3.15    +++   0     
1.56    21___10:7:5     25      13    12    3.09    ---   -1    
3.31    21___10:7:25    26      13    13    3.1     +++   0     
2.06    21___10:7:43    27      13    14    3.06    +++   1     
3.12    21___10:8:2     28      13    15    3.06    +++   2     
5.29    21___10:8:26    29      13    16    3.14    +++   3     
4.22    21___10:8:48    30      13    17    3.17    +++   4     
1.44    21___10:9:3     31      14    17    3.12    ---   3     
1.08    21___10:9:15    32      15    17    3.05    ---   2     
2.88    21___10:9:34    33      15    18    3.05    +++   3     
1.26    21___10:9:48    34      16    18    3       ---   2     
31.97   21___10:10:34   35      16    19    3.82    +++   3     
1.26    21___10:10:47   36      17    19    3.75    ---   2     
2.23    21___10:11:5    37      17    20    3.71    +++   3     
3.27    21___10:11:25   38      17    21    3.7     +++   4     
5.55    21___10:11:49   39      17    22    3.75    +++   5     
2.25    21___10:12:7    40      17    23    3.71    +++   6     
2.92    21___10:12:26   41      17    24    3.69    +++   7     
2.92    21___10:12:45   42      17    25    3.67    +++   8     
4.5     21___10:13:8    43      17    26    3.69    +++   9     
2.94    21___10:13:27   44      17    27    3.67    +++   10    
1.17    21___10:13:40   45      18    27    3.62    ---   9     
2.08    21___10:13:57   46      18    28    3.58    +++   10    
1.12    21___10:14:10   47      19    28    3.53    ---   9     
4.18    21___10:14:32   48      19    29    3.55    +++   10    
27.88   21___10:15:15   49      19    30    4.04    +++   11    
2.2     21___10:15:33   50      19    31    4       +++   12    
2.14    21___10:15:50   51      19    32    3.97    +++   13    
2.14    21___10:16:7    52      19    33    3.93    +++   14    
12.6    21___10:16:39   53      19    34    4.1     +++   15    
3.73    21___10:17:0    54      19    35    4.09    +++   16    
7.87    21___10:17:27   55      19    36    4.16    +++   17    
22.54   21___10:18:7    56      19    37    4.49    +++   18    
1.26    21___10:18:21   57      20    37    4.43    ---   17    
1.69    21___10:18:37   58      21    37    4.38    ---   16    
1.17    21___10:18:50   59      22    37    4.33    ---   15    
4.63    21___10:19:13   60      22    38    4.33    +++   16    
2.02    21___10:19:29   61      22    39    4.29    +++   17    
7.43    21___10:19:56   62      22    40    4.35    +++   18    
1.26    21___10:20:10   63      23    40    4.3     ---   17    
1       21___10:20:20   64      24    40    4.24    ---   16    
1.5     21___10:20:35   65      25    40    4.2     ---   15    
2.65    21___10:20:54   66      25    41    4.18    +++   16    
1.78    21___10:21:10   67      26    41    4.14    ---   15    
2.61    21___10:21:29   68      26    42    4.12    +++   16    
8.83    21___10:21:57   69      26    43    4.19    +++   17    
2.38    21___10:22:15   70      26    44    4.16    +++   18    
1.56    21___10:22:30   71      27    44    4.13    ---   17    
7.36    21___10:22:57   72      27    45    4.17    +++   18    
1       21___10:23:7    73      28    45    4.13    ---   17    
4.86    21___10:23:30   74      28    46    4.14    +++   18    
1.3     21___10:23:44   75      29    46    4.1     ---   17    
2.24    21___10:24:2    76      29    47    4.07    +++   18    
2       21___10:24:19   77      29    48    4.05    +++   19    
1.83    21___10:24:35   78      30    48    4.02    ---   18    
2.59    21___10:24:54   79      30    49    4       +++   19    
1.06    21___10:25:6    80      31    49    3.96    ---   18    
3.74    21___10:25:27   81      31    50    3.96    +++   19    
1.21    21___10:25:40   82      32    50    3.93    ---   18    
12.43   21___10:26:12   83      32    51    4.03    +++   19    
5.94    21___10:26:37   84      32    52    4.05    +++   20    
1.72    21___10:26:53   85      33    52    4.03    ---   19    
4.89    21___10:27:16   86      33    53    4.04    +++   20    
1.01    21___10:27:27   87      34    53    4       ---   19    
1.88    21___10:27:43   88      35    53    3.98    ---   18    
18.16   21___10:28:20   89      35    54    4.14    +++   19    
1.06    21___10:28:32   90      36    54    4.1     ---   18    
1.12    21___10:28:45   91      37    54    4.07    ---   17    
5.08    21___10:29:8    92      37    55    4.08    +++   18    
1.48    21___10:29:23   93      38    55    4.05    ---   17    
1.33    21___10:29:37   94      39    55    4.02    ---   16    
29.57   21___10:30:22   95      39    56    4.29    +++   17    
1.63    21___10:30:37   96      40    56    4.26    ---   16    
6.74    21___10:31:3    97      40    57    4.29    +++   17    
1.55    21___10:31:18   98      41    57    4.26    ---   16    
8.01    21___10:31:45   99      41    58    4.3     +++   17    
6.49    21___10:32:11   100     41    59    4.32    +++   18    
1.18    21___10:32:24   101     42    59    4.29    ---   17    
2.57    21___10:32:42   102     42    60    4.27    +++   18    
2.06    21___10:32:59   103     42    61    4.25    +++   19    
2.78    21___10:33:18   104     42    62    4.24    +++   20    
2.95    21___10:33:38   105     42    63    4.22    +++   21    
31.37   21___10:34:23   106     42    64    4.48    +++   22    
1.16    21___10:34:36   107     43    64    4.45    ---   21    
1.36    21___10:34:51   108     44    64    4.42    ---   20    
5.4     21___10:35:14   109     44    65    4.43    +++   21    
2.59    21___10:35:33   110     44    66    4.41    +++   22    
1.42    21___10:35:48   111     45    66    4.39    ---   21    
1       21___10:35:58   112     46    66    4.36    ---   20    
2.7     21___10:36:17   113     46    67    4.34    +++   21    
1.08    21___10:36:29   114     47    67    4.31    ---   20    
1.37    21___10:36:44   115     48    67    4.29    ---   19    
1.14    21___10:36:57   116     49    67    4.26    ---   18    
1.26    21___10:37:10   117     50    67    4.23    ---   17    
1.17    21___10:37:23   118     51    67    4.21    ---   16    
1.98    21___10:37:40   119     52    67    4.19    ---   15    
1.17    21___10:37:53   120     53    67    4.16    ---   14    
21.41   21___10:38:33   121     53    68    4.31    +++   15    
1.61    21___10:38:48   122     54    68    4.28    ---   14    
1.32    21___10:39:2    123     55    68    4.26    ---   13    
1.65    21___10:39:18   124     56    68    4.24    ---   12    
13.64   21___10:39:51   125     56    69    4.31    +++   13    
3.3     21___10:40:11   126     56    70    4.31    +++   14    
1.21    21___10:40:24   127     57    70    4.28    ---   13    
1.62    21___10:40:40   128     58    70    4.26    ---   12    
4.46    21___10:41:2    129     58    71    4.26    +++   13    
1.71    21___10:41:18   130     59    71    4.24    ---   12    
1.51    21___10:41:33   131     60    71    4.22    ---   11    
2.57    21___10:41:52   132     60    72    4.21    +++   12    
3.15    21___10:42:11   133     60    73    4.2     +++   13    
1       21___10:42:22   134     61    73    4.18    ---   12    
1.12    21___10:42:35   135     62    73    4.15    ---   11    
1.94    21___10:42:51   136     63    73    4.14    ---   10    
10.17   21___10:43:21   137     63    74    4.18    +++   11    
4.28    21___10:43:43   138     63    75    4.18    +++   12    
5.73    21___10:44:7    139     63    76    4.19    +++   13    
1.24    21___10:44:21   140     64    76    4.17    ---   12    
4.57    21___10:44:43   141     64    77    4.18    +++   13    
1.33    21___10:44:58   142     65    77    4.16    ---   12    
6.96    21___10:45:24   143     65    78    4.18    +++   13    
1.32    21___10:45:38   144     66    78    4.16    ---   12    
3.19    21___10:45:58   145     66    79    4.15    +++   13    
1       21___10:46:8    146     67    79    4.13    ---   12    
2.19    21___10:46:26   147     67    80    4.11    +++   13    
28.82   21___10:47:10   148     67    81    4.28    +++   14    
3.5     21___10:47:30   149     67    82    4.28    +++   15    
2.62    21___10:47:49   150     67    83    4.26    +++   16    
1.3     21___10:48:3    151     68    83    4.24    ---   15    
1.05    21___10:48:15   152     69    83    4.22    ---   14    
1       21___10:48:25   153     70    83    4.2     ---   13    
10.07   21___10:48:55   154     70    84    4.24    +++   14    
1.41    21___10:49:9    155     71    84    4.22    ---   13    
2.45    21___10:49:28   156     71    85    4.21    +++   14    
1.68    21___10:49:43   157     72    85    4.19    ---   13    
2.41    21___10:50:1    158     72    86    4.18    +++   14    
1.92    21___10:50:18   159     73    86    4.17    ---   13    
1.78    21___10:50:34   160     74    86    4.15    ---   12    
1.48    21___10:50:49   161     75    86    4.14    ---   11    
1.29    21___10:51:3    162     76    86    4.12    ---   10    
2       21___10:51:20   163     76    87    4.11    +++   11    
1.54    21___10:51:35   164     77    87    4.09    ---   10    
30.3    21___10:52:20   165     77    88    4.25    +++   11    
1.22    21___10:52:33   166     78    88    4.23    ---   10    
2.45    21___10:52:52   167     78    89    4.22    +++   11    
1.29    21___10:53:6    168     79    89    4.2     ---   10    
1.15    21___10:53:19   169     80    89    4.19    ---   9     
1.56    21___10:53:34   170     81    89    4.17    ---   8     
15.96   21___10:54:9    171     81    90    4.24    +++   9     
3.32    21___10:54:29   172     81    91    4.23    +++   10    
1.22    21___10:54:43   173     82    91    4.22    ---   9     
1.16    21___10:54:56   174     83    91    4.2     ---   8     
1.06    21___10:55:8    175     84    91    4.18    ---   7     
1.22    21___10:55:21   176     85    91    4.16    ---   6     
1.14    21___10:55:34   177     86    91    4.15    ---   5     
1.04    21___10:55:46   178     87    91    4.13    ---   4     
4.43    21___10:56:8    179     87    92    4.13    +++   5     
1.11    21___10:56:21   180     88    92    4.11    ---   4     
3.83    21___10:56:42   181     88    93    4.11    +++   5     
2.8     21___10:57:1    182     88    94    4.11    +++   6     
12.52   21___10:57:33   183     88    95    4.15    +++   7     
7.72    21___10:58:0    184     88    96    4.17    +++   8     
2.59    21___10:58:18   185     88    97    4.16    +++   9     
3.64    21___10:58:39   186     88    98    4.16    +++   10    
1.36    21___10:58:54   187     89    98    4.14    ---   9     
5.08    21___10:59:17   188     89    99    4.15    +++   10    
2.7     21___10:59:36   189     89    100   4.14    +++   11    
1.77    21___10:59:52   190     90    100   4.13    ---   10    
