21.98   21___13:0:14    1       0     1     21.98   +++   1     
2.12    21___13:0:32    2       0     2     12.05   +++   2     
1.29    21___13:0:46    3       1     2     8.46    ---   1     
1.23    21___13:0:59    4       2     2     6.65    ---   0     
3.04    21___13:1:19    5       2     3     5.93    +++   1     
2.29    21___13:1:37    6       2     4     5.32    +++   2     
1.65    21___13:1:52    7       3     4     4.8     ---   1     
4.46    21___13:2:14    8       3     5     4.75    +++   2     
1.12    21___13:2:27    9       4     5     4.35    ---   1     
1.07    21___13:2:39    10      5     5     4.02    ---   0     
7.77    21___13:3:6     11      5     6     4.36    +++   1     
2.85    21___13:3:26    12      5     7     4.23    +++   2     
3.77    21___13:3:47    13      5     8     4.2     +++   3     
1.57    21___13:4:2     14      6     8     4.01    ---   2     
2.38    21___13:4:20    15      6     9     3.9     +++   3     
1.3     21___13:4:34    16      7     9     3.74    ---   2     
12.81   21___13:5:6     17      7     10    4.27    +++   3     
25      21___13:5:48    18      7     11    5.42    +++   4     
1.97    21___13:6:5     19      8     11    5.24    ---   3     
1.95    21___13:6:21    20      9     11    5.08    ---   2     
1.15    21___13:6:34    21      10    11    4.89    ---   1     
1.13    21___13:6:47    22      11    11    4.72    ---   0     
1.4     21___13:7:2     23      12    11    4.57    ---   -1    
4.1     21___13:7:23    24      12    12    4.55    +++   0     
4.01    21___13:7:45    25      12    13    4.53    +++   1     
1.85    21___13:8:1     26      13    13    4.43    ---   0     
21.77   21___13:8:41    27      13    14    5.07    +++   1     
2.34    21___13:8:58    28      13    15    4.97    +++   2     
5.19    21___13:9:22    29      13    16    4.98    +++   3     
3.02    21___13:9:41    30      13    17    4.91    +++   4     
2.88    21___13:10:1    31      13    18    4.85    +++   5     
3.06    21___13:10:20   32      13    19    4.79    +++   6     
11.99   21___13:10:52   33      13    20    5.01    +++   7     
1.5     21___13:11:7    34      14    20    4.91    ---   6     
6.23    21___13:11:32   35      14    21    4.94    +++   7     
3.59    21___13:11:53   36      14    22    4.91    +++   8     
1.29    21___13:12:7    37      15    22    4.81    ---   7     
2.29    21___13:12:24   38      15    23    4.74    +++   8     
1.71    21___13:12:40   39      16    23    4.66    ---   7     
1.96    21___13:12:57   40      17    23    4.6     ---   6     
1       21___13:13:7    41      18    23    4.51    ---   5     
5.17    21___13:13:31   42      18    24    4.52    +++   6     
1       21___13:13:42   43      19    24    4.44    ---   5     
4.84    21___13:14:4    44      19    25    4.45    +++   6     
2.24    21___13:14:22   45      19    26    4.4     +++   7     
1.6     21___13:14:38   46      20    26    4.34    ---   6     
2.3     21___13:14:55   47      20    27    4.3     +++   7     
1.52    21___13:15:10   48      21    27    4.24    ---   6     
1.16    21___13:15:24   49      22    27    4.18    ---   5     
2.75    21___13:15:42   50      22    28    4.15    +++   6     
1       21___13:15:53   51      23    28    4.09    ---   5     
4.24    21___13:16:15   52      23    29    4.09    +++   6     
4.97    21___13:16:38   53      23    30    4.11    +++   7     
27.18   21___13:17:21   54      23    31    4.53    +++   8     
1.14    21___13:17:34   55      24    31    4.47    ---   7     
1.38    21___13:17:48   56      25    31    4.42    ---   6     
1.05    21___13:18:0    57      26    31    4.36    ---   5     
1.66    21___13:18:16   58      27    31    4.31    ---   4     
1.64    21___13:18:32   59      28    31    4.26    ---   3     
32.18   21___13:19:17   60      28    32    4.73    +++   4     
1.63    21___13:19:33   61      29    32    4.68    ---   3     
1.63    21___13:19:49   62      30    32    4.63    ---   2     
1.33    21___13:20:3    63      31    32    4.58    ---   1     
13.34   21___13:20:36   64      31    33    4.71    +++   2     
3.52    21___13:20:56   65      31    34    4.7     +++   3     
1.25    21___13:21:10   66      32    34    4.64    ---   2     
1.38    21___13:21:24   67      33    34    4.59    ---   1     
2.63    21___13:21:43   68      33    35    4.57    +++   2     
5.21    21___13:22:6    69      33    36    4.57    +++   3     
2.13    21___13:22:24   70      33    37    4.54    +++   4     
1.06    21___13:22:36   71      34    37    4.49    ---   3     
1.36    21___13:22:50   72      35    37    4.45    ---   2     
1.98    21___13:23:7    73      36    37    4.41    ---   1     
1.3     21___13:23:21   74      37    37    4.37    ---   0     
5.85    21___13:23:46   75      37    38    4.39    +++   1     
1.85    21___13:24:3    76      38    38    4.36    ---   0     
1.62    21___13:24:18   77      39    38    4.32    ---   -1    
5.95    21___13:24:43   78      39    39    4.34    +++   0     
21.13   21___13:25:22   79      39    40    4.56    +++   1     
1.27    21___13:25:36   80      40    40    4.51    ---   0     
1.31    21___13:25:50   81      41    40    4.47    ---   -1    
3.31    21___13:26:10   82      41    41    4.46    +++   0     
4.3     21___13:26:32   83      41    42    4.46    +++   1     
1.3     21___13:26:46   84      42    42    4.42    ---   0     
1.02    21___13:26:57   85      43    42    4.38    ---   -1    
1.34    21___13:27:12   86      44    42    4.34    ---   -2    
1.01    21___13:27:23   87      45    42    4.31    ---   -3    
4.36    21___13:27:45   88      45    43    4.31    +++   -2    
2.19    21___13:28:3    89      45    44    4.28    +++   -1    
1.04    21___13:28:14   90      46    44    4.25    ---   -2    
3.43    21___13:28:35   91      46    45    4.24    +++   -1    
1.44    21___13:28:49   92      47    45    4.21    ---   -2    
1.17    21___13:29:2    93      48    45    4.18    ---   -3    
1.08    21___13:29:15   94      49    45    4.14    ---   -4    
1.39    21___13:29:29   95      50    45    4.11    ---   -5    
1.48    21___13:29:44   96      51    45    4.09    ---   -6    
7.48    21___13:30:11   97      51    46    4.12    +++   -5    
5.59    21___13:30:35   98      51    47    4.14    +++   -4    
10.82   21___13:31:5    99      51    48    4.2     +++   -3    
1.18    21___13:31:19   100     52    48    4.17    ---   -4    
8.75    21___13:31:47   101     52    49    4.22    +++   -3    
7.31    21___13:32:13   102     52    50    4.25    +++   -2    
2.27    21___13:32:31   103     52    51    4.23    +++   -1    
1.8     21___13:32:47   104     53    51    4.21    ---   -2    
4.53    21___13:33:9    105     53    52    4.21    +++   -1    
9.63    21___13:33:39   106     53    53    4.26    +++   0     
2.14    21___13:33:56   107     53    54    4.24    +++   1     
1       21___13:34:6    108     54    54    4.21    ---   0     
2.16    21___13:34:24   109     54    55    4.19    +++   1     
1.26    21___13:34:37   110     55    55    4.16    ---   0     
2.81    21___13:34:57   111     55    56    4.15    +++   1     
29.11   21___13:35:41   112     55    57    4.37    +++   2     
6.96    21___13:36:7    113     55    58    4.4     +++   3     
1.79    21___13:36:23   114     56    58    4.37    ---   2     
1.01    21___13:36:34   115     57    58    4.35    ---   1     
2.82    21___13:36:53   116     57    59    4.33    +++   2     
4.26    21___13:37:15   117     57    60    4.33    +++   3     
1.4     21___13:37:30   118     58    60    4.31    ---   2     
1.63    21___13:37:45   119     59    60    4.28    ---   1     
1.2     21___13:37:59   120     60    60    4.26    ---   0     
2.54    21___13:38:17   121     60    61    4.24    +++   1     
1.19    21___13:38:30   122     61    61    4.22    ---   0     
1.56    21___13:38:46   123     62    61    4.2     ---   -1    
1.12    21___13:38:58   124     63    61    4.17    ---   -2    
1.03    21___13:39:10   125     64    61    4.15    ---   -3    
1.14    21___13:39:23   126     65    61    4.12    ---   -4    
1.07    21___13:39:35   127     66    61    4.1     ---   -5    
1.07    21___13:39:47   128     67    61    4.08    ---   -6    
3.54    21___13:40:8    129     67    62    4.07    +++   -5    
6.26    21___13:40:33   130     67    63    4.09    +++   -4    
2.24    21___13:40:51   131     67    64    4.07    +++   -3    
1.5     21___13:41:6    132     68    64    4.05    ---   -4    
1.99    21___13:41:22   133     69    64    4.04    ---   -5    
1.14    21___13:41:35   134     70    64    4.02    ---   -6    
2.59    21___13:41:54   135     70    65    4.01    +++   -5    
1       21___13:42:4    136     71    65    3.98    ---   -6    
1.16    21___13:42:17   137     72    65    3.96    ---   -7    
1.57    21___13:42:33   138     73    65    3.95    ---   -8    
1.99    21___13:42:50   139     74    65    3.93    ---   -9    
2.27    21___13:43:7    140     74    66    3.92    +++   -8    
3.29    21___13:43:27   141     74    67    3.92    +++   -7    
1.95    21___13:43:44   142     75    67    3.9     ---   -8    
1.95    21___13:44:1    143     76    67    3.89    ---   -9    
2.06    21___13:44:18   144     76    68    3.88    +++   -8    
1.49    21___13:44:33   145     77    68    3.86    ---   -9    
1.33    21___13:44:47   146     78    68    3.84    ---   -10   
1       21___13:44:58   147     79    68    3.82    ---   -11   
11.26   21___13:45:28   148     79    69    3.87    +++   -10   
3.45    21___13:45:49   149     79    70    3.87    +++   -9    
19.65   21___13:46:27   150     79    71    3.98    +++   -8    
6.57    21___13:46:52   151     79    72    3.99    +++   -7    
2.11    21___13:47:9    152     79    73    3.98    +++   -6    
1.38    21___13:47:24   153     80    73    3.96    ---   -7    
1.26    21___13:47:38   154     81    73    3.95    ---   -8    
3.79    21___13:47:59   155     81    74    3.94    +++   -7    
1.3     21___13:48:13   156     82    74    3.93    ---   -8    
3.88    21___13:48:34   157     82    75    3.93    +++   -7    
1.3     21___13:48:48   158     83    75    3.91    ---   -8    
1.7     21___13:49:4    159     84    75    3.9     ---   -9    
9.23    21___13:49:33   160     84    76    3.93    +++   -8    
4.08    21___13:49:54   161     84    77    3.93    +++   -7    
1.3     21___13:50:8    162     85    77    3.91    ---   -8    
1.06    21___13:50:20   163     86    77    3.9     ---   -9    
1.13    21___13:50:33   164     87    77    3.88    ---   -10   
1.72    21___13:50:49   165     88    77    3.87    ---   -11   
15.95   21___13:51:24   166     88    78    3.94    +++   -10   
2.18    21___13:51:41   167     88    79    3.93    +++   -9    
1.05    21___13:51:53   168     89    79    3.91    ---   -10   
1.99    21___13:52:10   169     90    79    3.9     ---   -11   
5       21___13:52:34   170     90    80    3.91    +++   -10   
1.09    21___13:52:46   171     91    80    3.89    ---   -11   
1.28    21___13:53:0    172     92    80    3.87    ---   -12   
1.06    21___13:53:12   173     93    80    3.86    ---   -13   
3.33    21___13:53:32   174     93    81    3.86    +++   -12   
1.14    21___13:53:45   175     94    81    3.84    ---   -13   
1.28    21___13:53:59   176     95    81    3.83    ---   -14   
4.74    21___13:54:22   177     95    82    3.83    +++   -13   
3.2     21___13:54:42   178     95    83    3.83    +++   -12   
19.68   21___13:55:20   179     95    84    3.92    +++   -11   
1.05    21___13:55:31   180     96    84    3.9     ---   -12   
20.21   21___13:56:10   181     96    85    3.99    +++   -11   
5.02    21___13:56:33   182     96    86    4       +++   -10   
2.77    21___13:56:52   183     96    87    3.99    +++   -9    
2.93    21___13:57:11   184     96    88    3.98    +++   -8    
1.69    21___13:57:27   185     97    88    3.97    ---   -9    
1.61    21___13:57:43   186     98    88    3.96    ---   -10   
4.84    21___13:58:5    187     98    89    3.96    +++   -9    
2.52    21___13:58:24   188     98    90    3.95    +++   -8    
1.37    21___13:58:38   189     99    90    3.94    ---   -9    
1.44    21___13:58:53   190     100   90    3.93    ---   -10   
24.71   21___13:59:34   191     100   91    4.04    +++   -9    
