3.33    21___11:0:12    1       0     1     3.33    +++   1     
1.47    21___11:0:27    2       1     1     2.4     ---   0     
1.98    21___11:0:44    3       2     1     2.25    ---   -1    
1.86    21___11:1:0     4       3     1     2.15    ---   -2    
3.6     21___11:1:21    5       3     2     2.44    +++   -1    
1.21    21___11:1:34    6       4     2     2.24    ---   -2    
1.38    21___11:1:49    7       5     2     2.11    ---   -3    
3.86    21___11:2:10    8       5     3     2.33    +++   -2    
1.14    21___11:2:23    9       6     3     2.2     ---   -3    
2.16    21___11:2:40    10      6     4     2.19    +++   -2    
3.05    21___11:3:0     11      6     5     2.27    +++   -1    
1.24    21___11:3:13    12      7     5     2.19    ---   -2    
24.22   21___11:3:54    13      7     6     3.88    +++   -1    
1.25    21___11:4:8     14      8     6     3.69    ---   -2    
2.81    21___11:4:27    15      8     7     3.63    +++   -1    
2.99    21___11:4:47    16      8     8     3.59    +++   0     
5.74    21___11:5:11    17      8     9     3.72    +++   1     
1.28    21___11:5:25    18      9     9     3.58    ---   0     
1.29    21___11:5:39    19      10    9     3.46    ---   -1    
1.69    21___11:5:55    20      11    9     3.37    ---   -2    
2.88    21___11:6:14    21      11    10    3.35    +++   -1    
1.47    21___11:6:29    22      12    10    3.26    ---   -2    
2.84    21___11:6:48    23      12    11    3.24    +++   -1    
2.42    21___11:7:6     24      12    12    3.21    +++   0     
1.46    21___11:7:21    25      13    12    3.14    ---   -1    
1.14    21___11:7:34    26      14    12    3.06    ---   -2    
1.14    21___11:7:47    27      15    12    2.99    ---   -3    
1.07    21___11:7:59    28      16    12    2.92    ---   -4    
19.17   21___11:8:36    29      16    13    3.48    +++   -3    
1.31    21___11:8:50    30      17    13    3.41    ---   -4    
1.15    21___11:9:3     31      18    13    3.34    ---   -5    
1.14    21___11:9:16    32      19    13    3.27    ---   -6    
15.13   21___11:9:51    33      19    14    3.63    +++   -5    
2.68    21___11:10:9    34      19    15    3.6     +++   -4    
1.38    21___11:10:24   35      20    15    3.54    ---   -5    
5.37    21___11:10:47   36      20    16    3.59    +++   -4    
1.12    21___11:11:0    37      21    16    3.52    ---   -5    
2.02    21___11:11:17   38      21    17    3.48    +++   -4    
2.46    21___11:11:35   39      21    18    3.45    +++   -3    
1.6     21___11:11:51   40      22    18    3.41    ---   -4    
3.1     21___11:12:10   41      22    19    3.4     +++   -3    
1.46    21___11:12:25   42      23    19    3.35    ---   -4    
7.88    21___11:12:52   43      23    20    3.46    +++   -3    
2.75    21___11:13:11   44      23    21    3.44    +++   -2    
1.78    21___11:13:27   45      24    21    3.41    ---   -3    
2.11    21___11:13:45   46      24    22    3.38    +++   -2    
8.39    21___11:14:12   47      24    23    3.48    +++   -1    
1.66    21___11:14:28   48      25    23    3.45    ---   -2    
3.24    21___11:14:48   49      25    24    3.44    +++   -1    
2.14    21___11:15:5    50      25    25    3.42    +++   0     
1.03    21___11:15:17   51      26    25    3.37    ---   -1    
1.18    21___11:15:30   52      27    25    3.33    ---   -2    
34.58   21___11:16:17   53      27    26    3.92    +++   -1    
1.12    21___11:16:30   54      28    26    3.86    ---   -2    
1.36    21___11:16:45   55      29    26    3.82    ---   -3    
1.44    21___11:16:59   56      30    26    3.78    ---   -4    
26.94   21___11:17:42   57      30    27    4.18    +++   -3    
23.89   21___11:18:23   58      30    28    4.52    +++   -2    
2.21    21___11:18:40   59      30    29    4.48    +++   -1    
5.14    21___11:19:4    60      30    30    4.49    +++   0     
11.04   21___11:19:34   61      30    31    4.6     +++   1     
26.29   21___11:20:17   62      30    32    4.95    +++   2     
1.03    21___11:20:28   63      31    32    4.89    ---   1     
1.08    21___11:20:41   64      32    32    4.83    ---   0     
1.2     21___11:20:54   65      33    32    4.77    ---   -1    
3.54    21___11:21:15   66      33    33    4.75    +++   0     
2.21    21___11:21:32   67      33    34    4.72    +++   1     
19.25   21___11:22:10   68      33    35    4.93    +++   2     
1.61    21___11:22:25   69      34    35    4.88    ---   1     
2.06    21___11:22:42   70      34    36    4.84    +++   2     
2.99    21___11:23:2    71      34    37    4.81    +++   3     
2.28    21___11:23:19   72      34    38    4.78    +++   4     
1.12    21___11:23:32   73      35    38    4.73    ---   3     
1.93    21___11:23:49   74      36    38    4.69    ---   2     
2.85    21___11:24:8    75      36    39    4.67    +++   3     
1.88    21___11:24:24   76      37    39    4.63    ---   2     
23.73   21___11:25:5    77      37    40    4.88    +++   3     
5.83    21___11:25:30   78      37    41    4.89    +++   4     
22.01   21___11:26:9    79      37    42    5.11    +++   5     
1.1     21___11:26:22   80      38    42    5.06    ---   4     
1       21___11:26:32   81      39    42    5.01    ---   3     
1.33    21___11:26:46   82      40    42    4.96    ---   2     
1.22    21___11:27:0    83      41    42    4.92    ---   1     
2.66    21___11:27:19   84      41    43    4.89    +++   2     
1.23    21___11:27:32   85      42    43    4.85    ---   1     
1.09    21___11:27:45   86      43    43    4.8     ---   0     
1.24    21___11:27:58   87      44    43    4.76    ---   -1    
1.71    21___11:28:14   88      45    43    4.73    ---   -2    
2.34    21___11:28:32   89      45    44    4.7     +++   -1    
1.57    21___11:28:47   90      46    44    4.67    ---   -2    
8.04    21___11:29:15   91      46    45    4.7     +++   -1    
1       21___11:29:25   92      47    45    4.66    ---   -2    
2.16    21___11:29:43   93      47    46    4.64    +++   -1    
1.17    21___11:29:56   94      48    46    4.6     ---   -2    
1.16    21___11:30:9    95      49    46    4.56    ---   -3    
1.29    21___11:30:23   96      50    46    4.53    ---   -4    
2.67    21___11:30:41   97      50    47    4.51    +++   -3    
6.73    21___11:31:7    98      50    48    4.53    +++   -2    
2.28    21___11:31:25   99      50    49    4.51    +++   -1    
1.56    21___11:31:40   100     51    49    4.48    ---   -2    
1       21___11:31:51   101     52    49    4.44    ---   -3    
1.51    21___11:32:6    102     53    49    4.42    ---   -4    
17.34   21___11:32:42   103     53    50    4.54    +++   -3    
9.79    21___11:33:11   104     53    51    4.59    +++   -2    
1.03    21___11:33:23   105     54    51    4.56    ---   -3    
4.39    21___11:33:45   106     54    52    4.56    +++   -2    
1.27    21___11:33:59   107     55    52    4.53    ---   -3    
10.92   21___11:34:29   108     55    53    4.58    +++   -2    
4.19    21___11:34:51   109     55    54    4.58    +++   -1    
2.2     21___11:35:8    110     55    55    4.56    +++   0     
5.29    21___11:35:32   111     55    56    4.57    +++   1     
2.75    21___11:35:51   112     55    57    4.55    +++   2     
2.08    21___11:36:8    113     55    58    4.53    +++   3     
1.21    21___11:36:22   114     56    58    4.5     ---   2     
3.58    21___11:36:42   115     56    59    4.49    +++   3     
1.1     21___11:36:55   116     57    59    4.46    ---   2     
3.73    21___11:37:16   117     57    60    4.45    +++   3     
1.28    21___11:37:30   118     58    60    4.43    ---   2     
1.8     21___11:37:46   119     59    60    4.41    ---   1     
1.71    21___11:38:2    120     60    60    4.38    ---   0     
2.33    21___11:38:20   121     60    61    4.37    +++   1     
2.8     21___11:38:39   122     60    62    4.35    +++   2     
7.22    21___11:39:5    123     60    63    4.38    +++   3     
1.59    21___11:39:20   124     61    63    4.35    ---   2     
1.11    21___11:39:33   125     62    63    4.33    ---   1     
22.63   21___11:40:13   126     62    64    4.47    +++   2     
1.82    21___11:40:29   127     63    64    4.45    ---   1     
1.18    21___11:40:42   128     64    64    4.43    ---   0     
1.34    21___11:40:57   129     65    64    4.4     ---   -1    
5.18    21___11:41:20   130     65    65    4.41    +++   0     
2.51    21___11:41:38   131     65    66    4.39    +++   1     
1.71    21___11:41:54   132     66    66    4.37    ---   0     
5.49    21___11:42:18   133     66    67    4.38    +++   1     
1.22    21___11:42:32   134     67    67    4.36    ---   0     
2.97    21___11:42:51   135     67    68    4.35    +++   1     
2.36    21___11:43:9    136     67    69    4.33    +++   2     
2.66    21___11:43:28   137     67    70    4.32    +++   3     
2.24    21___11:43:45   138     67    71    4.31    +++   4     
1.8     21___11:44:2    139     68    71    4.29    ---   3     
1.1     21___11:44:14   140     69    71    4.27    ---   2     
7.87    21___11:44:41   141     69    72    4.29    +++   3     
2.16    21___11:44:59   142     69    73    4.28    +++   4     
1.17    21___11:45:12   143     70    73    4.25    ---   3     
1.65    21___11:45:27   144     71    73    4.24    ---   2     
1.27    21___11:45:41   145     72    73    4.22    ---   1     
2.92    21___11:46:1    146     72    74    4.21    +++   2     
32.48   21___11:46:47   147     72    75    4.4     +++   3     
1.17    21___11:47:0    148     73    75    4.38    ---   2     
5.8     21___11:47:24   149     73    76    4.39    +++   3     
7.2     21___11:47:50   150     73    77    4.41    +++   4     
4.21    21___11:48:12   151     73    78    4.4     +++   5     
3.45    21___11:48:33   152     73    79    4.4     +++   6     
1       21___11:48:43   153     74    79    4.38    ---   5     
1.14    21___11:48:56   154     75    79    4.35    ---   4     
5.27    21___11:49:20   155     75    80    4.36    +++   5     
2.93    21___11:49:39   156     75    81    4.35    +++   6     
1.59    21___11:49:54   157     76    81    4.33    ---   5     
4.41    21___11:50:17   158     76    82    4.33    +++   6     
13.85   21___11:50:50   159     76    83    4.39    +++   7     
2.76    21___11:51:9    160     76    84    4.38    +++   8     
3.52    21___11:51:29   161     76    85    4.38    +++   9     
2.33    21___11:51:47   162     76    86    4.37    +++   10    
3.97    21___11:52:9    163     76    87    4.36    +++   11    
1.27    21___11:52:22   164     77    87    4.34    ---   10    
2.76    21___11:52:41   165     77    88    4.33    +++   11    
1.52    21___11:52:56   166     78    88    4.32    ---   10    
1.02    21___11:53:8    167     79    88    4.3     ---   9     
20.01   21___11:53:46   168     79    89    4.39    +++   10    
1.07    21___11:53:58   169     80    89    4.37    ---   9     
2.6     21___11:54:17   170     80    90    4.36    +++   10    
2.35    21___11:54:35   171     80    91    4.35    +++   11    
1.77    21___11:54:51   172     81    91    4.33    ---   10    
4.65    21___11:55:13   173     81    92    4.34    +++   11    
3.14    21___11:55:33   174     81    93    4.33    +++   12    
1.42    21___11:55:48   175     82    93    4.31    ---   11    
11.45   21___11:56:19   176     82    94    4.35    +++   12    
3.65    21___11:56:40   177     82    95    4.35    +++   13    
16.89   21___11:57:15   178     82    96    4.42    +++   14    
3.02    21___11:57:35   179     82    97    4.41    +++   15    
1.06    21___11:57:47   180     83    97    4.39    ---   14    
8.94    21___11:58:15   181     83    98    4.42    +++   15    
1       21___11:58:26   182     84    98    4.4     ---   14    
5.14    21___11:58:49   183     84    99    4.4     +++   15    
1.25    21___11:59:3    184     85    99    4.39    ---   14    
25.43   21___11:59:45   185     85    100   4.5     +++   15    
