1.39    21___9:5:8      1       1     0     1.39    ---   -1    
1.98    21___9:5:25     2       2     0     1.68    ---   -2    
6.99    21___9:5:51     3       2     1     3.45    +++   -1    
1.53    21___9:6:6      4       3     1     2.97    ---   -2    
23.3    21___9:6:46     5       3     2     7.03    +++   -1    
1.01    21___9:6:57     6       4     2     6.03    ---   -2    
2       21___9:7:14     7       4     3     5.45    +++   -1    
1.2     21___9:7:28     8       5     3     4.92    ---   -2    
2.79    21___9:7:47     9       5     4     4.68    +++   -1    
3.44    21___9:8:7      10      5     5     4.56    +++   0     
21.49   21___9:8:46     11      5     6     6.1     +++   1     
1.34    21___9:9:0      12      6     6     5.7     ---   0     
1.71    21___9:9:16     13      7     6     5.39    ---   -1    
16.19   21___9:9:51     14      7     7     6.16    +++   0     
1.44    21___9:10:6     15      8     7     5.85    ---   -1    
1.48    21___9:10:21    16      9     7     5.57    ---   -2    
1.4     21___9:10:36    17      10    7     5.33    ---   -3    
1       21___9:10:46    18      11    7     5.09    ---   -4    
1.3     21___9:11:0     19      12    7     4.89    ---   -5    
1.99    21___9:11:17    20      13    7     4.74    ---   -6    
3.04    21___9:11:37    21      13    8     4.66    +++   -5    
1.03    21___9:11:48    22      14    8     4.5     ---   -6    
1.01    21___9:11:59    23      15    8     4.34    ---   -7    
1.35    21___9:12:14    24      16    8     4.22    ---   -8    
1.52    21___9:12:29    25      17    8     4.11    ---   -9    
1.07    21___9:12:41    26      18    8     3.99    ---   -10   
2.75    21___9:13:0     27      18    9     3.95    +++   -9    
1       21___9:13:11    28      19    9     3.84    ---   -10   
23.03   21___9:13:51    29      19    10    4.5     +++   -9    
9.76    21___9:14:20    30      19    11    4.68    +++   -8    
5.29    21___9:14:44    31      19    12    4.7     +++   -7    
4.82    21___9:15:7     32      19    13    4.7     +++   -6    
1.02    21___9:15:18    33      20    13    4.59    ---   -7    
12.7    21___9:15:50    34      20    14    4.83    +++   -6    
4.27    21___9:16:12    35      20    15    4.81    +++   -5    
1.11    21___9:16:25    36      21    15    4.71    ---   -6    
1.18    21___9:16:38    37      22    15    4.61    ---   -7    
3.72    21___9:16:59    38      22    16    4.59    +++   -6    
1.92    21___9:17:15    39      23    16    4.52    ---   -7    
1.09    21___9:17:28    40      24    16    4.44    ---   -8    
21.25   21___9:18:7     41      24    17    4.85    +++   -7    
1.05    21___9:18:19    42      25    17    4.76    ---   -8    
1.53    21___9:18:34    43      26    17    4.68    ---   -9    
1.21    21___9:18:47    44      27    17    4.6     ---   -10   
1       21___9:18:58    45      28    17    4.52    ---   -11   
5.13    21___9:19:21    46      28    18    4.53    +++   -10   
1.17    21___9:19:35    47      29    18    4.46    ---   -11   
1.04    21___9:19:46    48      30    18    4.39    ---   -12   
1.23    21___9:20:0     49      31    18    4.33    ---   -13   
3.32    21___9:20:20    50      31    19    4.31    +++   -12   
1.42    21___9:20:35    51      32    19    4.25    ---   -13   
3.14    21___9:20:55    52      32    20    4.23    +++   -12   
1.71    21___9:21:10    53      33    20    4.18    ---   -13   
2.94    21___9:21:30    54      33    21    4.16    +++   -12   
2.29    21___9:21:48    55      33    22    4.12    +++   -11   
1.06    21___9:22:0     56      34    22    4.07    ---   -12   
4.47    21___9:22:22    57      34    23    4.08    +++   -11   
3.8     21___9:22:43    58      34    24    4.07    +++   -10   
3.47    21___9:23:4     59      34    25    4.06    +++   -9    
10.93   21___9:23:34    60      34    26    4.18    +++   -8    
1.54    21___9:23:49    61      35    26    4.13    ---   -9    
2.06    21___9:24:6     62      35    27    4.1     +++   -8    
30.01   21___9:24:51    63      35    28    4.51    +++   -7    
2.31    21___9:25:9     64      35    29    4.48    +++   -6    
2.02    21___9:25:26    65      35    30    4.44    +++   -5    
9.36    21___9:25:54    66      35    31    4.51    +++   -4    
2.2     21___9:26:12    67      35    32    4.48    +++   -3    
2.53    21___9:26:30    68      35    33    4.45    +++   -2    
1.6     21___9:26:46    69      36    33    4.41    ---   -3    
1       21___9:26:56    70      37    33    4.36    ---   -4    
4.71    21___9:27:19    71      37    34    4.36    +++   -3    
1.58    21___9:27:34    72      38    34    4.32    ---   -4    
1.61    21___9:27:50    73      39    34    4.29    ---   -5    
1.2     21___9:28:3     74      40    34    4.25    ---   -6    
6.02    21___9:28:28    75      40    35    4.27    +++   -5    
5.41    21___9:28:52    76      40    36    4.28    +++   -4    
1.11    21___9:29:4     77      41    36    4.24    ---   -5    
3.04    21___9:29:24    78      41    37    4.23    +++   -4    
5.68    21___9:29:48    79      41    38    4.25    +++   -3    
4.98    21___9:30:11    80      41    39    4.25    +++   -2    
6.52    21___9:30:37    81      41    40    4.28    +++   -1    
4.34    21___9:30:59    82      41    41    4.28    +++   0     
1.24    21___9:31:14    83      42    41    4.25    ---   -1    
3.77    21___9:31:33    84      42    42    4.24    +++   0     
1.12    21___9:31:46    85      43    42    4.2     ---   -1    
1.46    21___9:32:1     86      44    42    4.17    ---   -2    
1.25    21___9:32:15    87      45    42    4.14    ---   -3    
1.66    21___9:32:30    88      46    42    4.11    ---   -4    
1.18    21___9:32:44    89      47    42    4.08    ---   -5    
1.92    21___9:33:0     90      48    42    4.05    ---   -6    
1.37    21___9:33:15    91      49    42    4.02    ---   -7    
1.52    21___9:33:30    92      50    42    4       ---   -8    
3.35    21___9:33:50    93      50    43    3.99    +++   -7    
1.06    21___9:34:2     94      51    43    3.96    ---   -8    
1       21___9:34:13    95      52    43    3.93    ---   -9    
2.57    21___9:34:31    96      52    44    3.91    +++   -8    
21.76   21___9:35:10    97      52    45    4.1     +++   -7    
1.58    21___9:35:26    98      53    45    4.07    ---   -8    
1.47    21___9:35:41    99      54    45    4.04    ---   -9    
2.3     21___9:35:58    100     54    46    4.03    +++   -8    
2.35    21___9:36:16    101     54    47    4.01    +++   -7    
1.13    21___9:36:29    102     55    47    3.98    ---   -8    
1.02    21___9:36:41    103     56    47    3.95    ---   -9    
2.76    21___9:36:59    104     56    48    3.94    +++   -8    
1.85    21___9:37:16    105     57    48    3.92    ---   -9    
4.69    21___9:37:39    106     57    49    3.93    +++   -8    
22.94   21___9:38:19    107     57    50    4.11    +++   -7    
3.75    21___9:38:40    108     57    51    4.1     +++   -6    
2.11    21___9:38:57    109     57    52    4.09    +++   -5    
24.32   21___9:39:38    110     57    53    4.27    +++   -4    
1.78    21___9:39:54    111     58    53    4.25    ---   -5    
1.81    21___9:40:10    112     59    53    4.22    ---   -6    
1.58    21___9:40:26    113     60    53    4.2     ---   -7    
7.84    21___9:40:53    114     60    54    4.23    +++   -6    
4.95    21___9:41:16    115     60    55    4.24    +++   -5    
1.44    21___9:41:31    116     61    55    4.22    ---   -6    
11.46   21___9:42:2     117     61    56    4.28    +++   -5    
2.86    21___9:42:21    118     61    57    4.26    +++   -4    
3.56    21___9:42:42    119     61    58    4.26    +++   -3    
2.12    21___9:42:59    120     61    59    4.24    +++   -2    
1.74    21___9:43:15    121     62    59    4.22    ---   -3    
7.91    21___9:43:42    122     62    60    4.25    +++   -2    
10.95   21___9:44:12    123     62    61    4.31    +++   -1    
1.17    21___9:44:26    124     63    61    4.28    ---   -2    
11.68   21___9:44:57    125     63    62    4.34    +++   -1    
1.29    21___9:45:11    126     64    62    4.31    ---   -2    
1       21___9:45:21    127     65    62    4.29    ---   -3    
1.87    21___9:45:38    128     66    62    4.27    ---   -4    
2.18    21___9:45:55    129     66    63    4.25    +++   -3    
3.02    21___9:46:15    130     66    64    4.24    +++   -2    
8.72    21___9:46:43    131     66    65    4.28    +++   -1    
9.46    21___9:47:12    132     66    66    4.32    +++   0     
1.51    21___9:47:27    133     67    66    4.3     ---   -1    
3.46    21___9:47:47    134     67    67    4.29    +++   0     
1.5     21___9:48:2     135     68    67    4.27    ---   -1    
2.45    21___9:48:20    136     68    68    4.26    +++   0     
18.02   21___9:48:57    137     68    69    4.36    +++   1     
1.12    21___9:49:10    138     69    69    4.33    ---   0     
6.36    21___9:49:35    139     69    70    4.35    +++   1     
2.65    21___9:49:54    140     69    71    4.33    +++   2     
1.03    21___9:50:5     141     70    71    4.31    ---   1     
1.5     21___9:50:20    142     71    71    4.29    ---   0     
12.17   21___9:50:52    143     71    72    4.35    +++   1     
9.6     21___9:51:21    144     71    73    4.38    +++   2     
2.73    21___9:51:40    145     71    74    4.37    +++   3     
1.11    21___9:51:52    146     72    74    4.35    ---   2     
1.02    21___9:52:4     147     73    74    4.33    ---   1     
3.99    21___9:52:25    148     73    75    4.32    +++   2     
1.78    21___9:52:41    149     74    75    4.31    ---   1     
2.34    21___9:52:59    150     74    76    4.29    +++   2     
26.04   21___9:53:41    151     74    77    4.44    +++   3     
1.08    21___9:53:54    152     75    77    4.42    ---   2     
5.18    21___9:54:17    153     75    78    4.42    +++   3     
1.08    21___9:54:30    154     76    78    4.4     ---   2     
8.14    21___9:54:57    155     76    79    4.42    +++   3     
6.46    21___9:55:22    156     76    80    4.44    +++   4     
3.59    21___9:55:43    157     76    81    4.43    +++   5     
1.85    21___9:55:59    158     77    81    4.41    ---   4     
2.42    21___9:56:18    159     77    82    4.4     +++   5     
1.75    21___9:56:34    160     78    82    4.39    ---   4     
4.15    21___9:56:55    161     78    83    4.38    +++   5     
1.02    21___9:57:7     162     79    83    4.36    ---   4     
2.13    21___9:57:24    163     79    84    4.35    +++   5     
2.72    21___9:57:43    164     79    85    4.34    +++   6     
1.68    21___9:57:59    165     80    85    4.32    ---   5     
1.06    21___9:58:11    166     81    85    4.3     ---   4     
1.02    21___9:58:22    167     82    85    4.28    ---   3     
4.19    21___9:58:44    168     82    86    4.28    +++   4     
2.91    21___9:59:3     169     82    87    4.28    +++   5     
6.42    21___9:59:29    170     82    88    4.29    +++   6     
1.39    21___9:59:43    171     83    88    4.27    ---   5     
