1.6     22___16:0:11    1       1     0     1.6     ---   -1    
5.9     22___16:0:35    2       1     1     3.75    +++   0     
4.96    22___16:0:58    3       1     2     4.15    +++   1     
1.36    22___16:1:12    4       2     2     3.45    ---   0     
4.28    22___16:1:34    5       2     3     3.62    +++   1     
2.47    22___16:1:53    6       2     4     3.42    +++   2     
4.42    22___16:2:15    7       2     5     3.57    +++   3     
2.82    22___16:2:36    8       2     6     3.47    +++   4     
2.24    22___16:2:54    9       2     7     3.33    +++   5     
7.23    22___16:3:20    10      2     8     3.72    +++   6     
1.14    22___16:3:33    11      3     8     3.49    ---   5     
2.81    22___16:3:52    12      3     9     3.43    +++   6     
1.78    22___16:4:8     13      4     9     3.3     ---   5     
1.79    22___16:4:25    14      5     9     3.2     ---   4     
1.9     22___16:4:50    15      6     9     3.11    ---   3     
1.48    22___16:4:56    16      7     9     3.01    ---   2     
15.51   22___16:5:30    17      7     10    3.74    +++   3     
1.39    22___16:5:45    18      8     10    3.61    ---   2     
3.51    22___16:6:5     19      8     11    3.61    +++   3     
1.99    22___16:6:22    20      9     11    3.52    ---   2     
2.11    22___16:6:39    21      9     12    3.46    +++   3     
1.22    22___16:6:53    22      10    12    3.35    ---   2     
1.62    22___16:7:9     23      11    12    3.28    ---   1     
21.98   22___16:7:48    24      11    13    4.06    +++   2     
2.08    22___16:8:5     25      11    14    3.98    +++   3     
1.08    22___16:8:17    26      12    14    3.87    ---   2     
7.62    22___16:8:44    27      12    15    4.01    +++   3     
1.1     22___16:8:57    28      13    15    3.9     ---   2     
1.39    22___16:9:11    29      14    15    3.82    ---   1     
1.49    22___16:9:26    30      15    15    3.74    ---   0     
1.38    22___16:9:41    31      16    15    3.66    ---   -1    
1.21    22___16:9:54    32      17    15    3.58    ---   -2    
2.25    22___16:10:12   33      17    16    3.54    +++   -1    
1.14    22___16:10:25   34      18    16    3.47    ---   -2    
1.22    22___16:10:38   35      19    16    3.41    ---   -3    
5.39    22___16:11:2    36      19    17    3.46    +++   -2    
1.41    22___16:11:17   37      20    17    3.41    ---   -3    
2.55    22___16:11:35   38      20    18    3.38    +++   -2    
1.48    22___16:11:50   39      21    18    3.34    ---   -3    
4.4     22___16:12:12   40      21    19    3.36    +++   -2    
1.3     22___16:12:26   41      22    19    3.31    ---   -3    
2       22___16:12:43   42      22    20    3.28    +++   -2    
3.42    22___16:13:3    43      22    21    3.28    +++   -1    
2.85    22___16:13:23   44      22    22    3.27    +++   0     
1.45    22___16:13:37   45      23    22    3.23    ---   -1    
1.72    22___16:13:53   46      24    22    3.2     ---   -2    
1.39    22___16:14:8    47      25    22    3.16    ---   -3    
2.17    22___16:14:25   48      25    23    3.14    +++   -2    
1.72    22___16:14:41   49      26    23    3.11    ---   -3    
1.7     22___16:14:57   50      27    23    3.08    ---   -4    
2.58    22___16:15:16   51      27    24    3.07    +++   -3    
12.43   22___16:15:47   52      27    25    3.25    +++   -2    
1.75    22___16:16:3    53      28    25    3.22    ---   -3    
1.52    22___16:16:18   54      29    25    3.19    ---   -4    
1.11    22___16:16:31   55      30    25    3.16    ---   -5    
9.95    22___16:17:0    56      30    26    3.28    +++   -4    
2.44    22___16:17:19   57      30    27    3.26    +++   -3    
10.08   22___16:17:48   58      30    28    3.38    +++   -2    
2.23    22___16:18:6    59      30    29    3.36    +++   -1    
2.18    22___16:18:23   60      30    30    3.34    +++   0     
6.43    22___16:18:48   61      30    31    3.39    +++   1     
1.02    22___16:19:0    62      31    31    3.35    ---   0     
1.08    22___16:19:12   63      32    31    3.32    ---   -1    
2.22    22___16:19:30   64      32    32    3.3     +++   0     
1.65    22___16:19:45   65      33    32    3.27    ---   -1    
5.01    22___16:20:9    66      33    33    3.3     +++   0     
3.15    22___16:20:28   67      33    34    3.3     +++   1     
11.44   22___16:20:59   68      33    35    3.42    +++   2     
1.15    22___16:21:12   69      34    35    3.38    ---   1     
3.11    22___16:21:32   70      34    36    3.38    +++   2     
1.23    22___16:21:46   71      35    36    3.35    ---   1     
1.13    22___16:21:59   72      36    36    3.32    ---   0     
1.24    22___16:22:12   73      37    36    3.29    ---   -1    
3.84    22___16:22:33   74      37    37    3.3     +++   0     
1.25    22___16:22:47   75      38    37    3.27    ---   -1    
10.85   22___16:23:18   76      38    38    3.37    +++   0     
2.32    22___16:23:35   77      38    39    3.36    +++   1     
1.47    22___16:23:50   78      39    39    3.33    ---   0     
1.16    22___16:24:3    79      40    39    3.3     ---   -1    
4.7     22___16:24:26   80      40    40    3.32    +++   0     
6.61    22___16:24:52   81      40    41    3.36    +++   1     
1.15    22___16:25:4    82      41    41    3.34    ---   0     
14.11   22___16:25:38   83      41    42    3.47    +++   1     
25.5    22___16:26:20   84      41    43    3.73    +++   2     
2.84    22___16:26:39   85      41    44    3.72    +++   3     
1.04    22___16:26:51   86      42    44    3.69    ---   2     
1       22___16:27:1    87      43    44    3.65    ---   1     
1.27    22___16:27:16   88      44    44    3.63    ---   0     
1.46    22___16:27:30   89      45    44    3.6     ---   -1    
2.21    22___16:27:48   90      45    45    3.59    +++   0     
2.76    22___16:28:7    91      45    46    3.58    +++   1     
1.5     22___16:28:22   92      46    46    3.56    ---   0     
4.3     22___16:28:44   93      46    47    3.56    +++   1     
5.12    22___16:29:7    94      46    48    3.58    +++   2     
2.24    22___16:29:25   95      46    49    3.57    +++   3     
1.11    22___16:29:37   96      47    49    3.54    ---   2     
1.3     22___16:29:51   97      48    49    3.52    ---   1     
4.11    22___16:30:13   98      48    50    3.52    +++   2     
3.23    22___16:30:33   99      48    51    3.52    +++   3     
4.2     22___16:30:55   100     48    52    3.53    +++   4     
1.75    22___16:31:11   101     49    52    3.51    ---   3     
1.4     22___16:31:27   102     50    52    3.49    ---   2     
1.31    22___16:31:40   103     51    52    3.47    ---   1     
1.16    22___16:31:53   104     52    52    3.45    ---   0     
19.76   22___16:32:31   105     52    53    3.6     +++   1     
1.7     22___16:32:46   106     53    53    3.58    ---   0     
2.57    22___16:33:5    107     53    54    3.57    +++   1     
2.37    22___16:33:23   108     53    55    3.56    +++   2     
1.24    22___16:33:36   109     54    55    3.54    ---   1     
7.35    22___16:34:3    110     54    56    3.58    +++   2     
1       22___16:34:14   111     55    56    3.55    ---   1     
1.45    22___16:34:28   112     56    56    3.53    ---   0     
7.65    22___16:34:55   113     56    57    3.57    +++   1     
1.41    22___16:35:10   114     57    57    3.55    ---   0     
1.56    22___16:35:25   115     58    57    3.53    ---   -1    
3.97    22___16:35:47   116     58    58    3.54    +++   0     
2.59    22___16:36:5    117     58    59    3.53    +++   1     
1.51    22___16:36:20   118     59    59    3.51    ---   0     
1.23    22___16:36:34   119     60    59    3.49    ---   -1    
1.63    22___16:36:49   120     61    59    3.48    ---   -2    
1.61    22___16:37:5    121     62    59    3.46    ---   -3    
22.89   22___16:37:45   122     62    60    3.62    +++   -2    
3.3     22___16:38:5    123     62    61    3.62    +++   -1    
9.72    22___16:38:34   124     62    62    3.67    +++   0     
1.2     22___16:38:48   125     63    62    3.65    ---   -1    
2.99    22___16:39:9    126     63    63    3.64    +++   0     
3.86    22___16:39:28   127     63    64    3.64    +++   1     
4.5     22___16:39:51   128     63    65    3.65    +++   2     
2.54    22___16:40:9    129     63    66    3.64    +++   3     
1.5     22___16:40:24   130     64    66    3.63    ---   2     
1.69    22___16:40:40   131     65    66    3.61    ---   1     
2.29    22___16:40:58   132     65    67    3.6     +++   2     
1.59    22___16:41:13   133     66    67    3.59    ---   1     
2.63    22___16:41:32   134     66    68    3.58    +++   2     
1.01    22___16:41:43   135     67    68    3.56    ---   1     
1       22___16:41:53   136     68    68    3.54    ---   0     
1.87    22___16:42:10   137     69    68    3.53    ---   -1    
1.67    22___16:42:25   138     70    68    3.51    ---   -2    
1.11    22___16:42:38   139     71    68    3.5     ---   -3    
2.43    22___16:42:56   140     71    69    3.49    +++   -2    
3.56    22___16:43:17   141     71    70    3.49    +++   -1    
1.09    22___16:43:29   142     72    70    3.47    ---   -2    
1.53    22___16:43:45   143     73    70    3.46    ---   -3    
3.82    22___16:44:6    144     73    71    3.46    +++   -2    
4.08    22___16:44:27   145     73    72    3.47    +++   -1    
1.72    22___16:44:43   146     74    72    3.45    ---   -2    
19.09   22___16:45:21   147     74    73    3.56    +++   -1    
5.45    22___16:45:45   148     74    74    3.57    +++   0     
1.24    22___16:45:58   149     75    74    3.56    ---   -1    
1.22    22___16:46:12   150     76    74    3.54    ---   -2    
2.62    22___16:46:30   151     76    75    3.54    +++   -1    
1.5     22___16:46:45   152     77    75    3.52    ---   -2    
1.13    22___16:46:58   153     78    75    3.51    ---   -3    
1.09    22___16:47:11   154     79    75    3.49    ---   -4    
2.5     22___16:47:29   155     79    76    3.48    +++   -3    
1       22___16:47:39   156     80    76    3.47    ---   -4    
1.35    22___16:47:54   157     81    76    3.45    ---   -5    
1.07    22___16:48:6    158     82    76    3.44    ---   -6    
1.16    22___16:48:19   159     83    76    3.43    ---   -7    
1.03    22___16:48:31   160     84    76    3.41    ---   -8    
1.04    22___16:48:42   161     85    76    3.4     ---   -9    
2.21    22___16:49:0    162     85    77    3.39    +++   -8    
6.67    22___16:49:26   163     85    78    3.41    +++   -7    
7.28    22___16:49:52   164     85    79    3.43    +++   -6    
1.96    22___16:50:9    165     86    79    3.42    ---   -7    
3.73    22___16:50:30   166     86    80    3.42    +++   -6    
1.16    22___16:50:43   167     87    80    3.41    ---   -7    
1.44    22___16:50:57   168     88    80    3.4     ---   -8    
1.1     22___16:51:10   169     89    80    3.39    ---   -9    
1.01    22___16:51:21   170     90    80    3.37    ---   -10   
1.55    22___16:51:36   171     91    80    3.36    ---   -11   
9.15    22___16:52:5    172     91    81    3.39    +++   -10   
1.41    22___16:52:20   173     92    81    3.38    ---   -11   
2.89    22___16:52:39   174     92    82    3.38    +++   -10   
2.08    22___16:52:56   175     92    83    3.37    +++   -9    
1.1     22___16:53:8    176     93    83    3.36    ---   -10   
1.04    22___16:53:20   177     94    83    3.35    ---   -11   
1.16    22___16:53:34   178     95    83    3.33    ---   -12   
2.27    22___16:53:51   179     95    84    3.33    +++   -11   
1.75    22___16:54:7    180     96    84    3.32    ---   -12   
1.92    22___16:54:24   181     97    84    3.31    ---   -13   
1.35    22___16:54:38   182     98    84    3.3     ---   -14   
1.02    22___16:54:49   183     99    84    3.29    ---   -15   
28.84   22___16:55:33   184     99    85    3.43    +++   -14   
1.63    22___16:55:49   185     100   85    3.42    ---   -15   
8.38    22___16:56:17   186     100   86    3.44    +++   -14   
1.81    22___16:56:33   187     101   86    3.44    ---   -15   
1.57    22___16:56:48   188     102   86    3.43    ---   -16   
20.04   22___16:57:26   189     102   87    3.51    +++   -15   
3.22    22___16:57:46   190     102   88    3.51    +++   -14   
1.69    22___16:58:2    191     103   88    3.5     ---   -15   
28.99   22___16:58:46   192     103   89    3.64    +++   -14   
21.84   22___16:59:25   193     103   90    3.73    +++   -13   
2.64    22___16:59:44   194     103   91    3.72    +++   -12   
