6.3     22___10:0:17    1       0     1     6.3     +++   1     
1.05    22___10:0:29    2       1     1     3.67    ---   0     
2.11    22___10:0:46    3       1     2     3.15    +++   1     
1.86    22___10:1:3     4       2     2     2.82    ---   0     
2.48    22___10:1:21    5       2     3     2.76    +++   1     
1.58    22___10:1:36    6       3     3     2.56    ---   0     
1.13    22___10:1:49    7       4     3     2.35    ---   -1    
2.1     22___10:2:6     8       4     4     2.32    +++   0     
1.61    22___10:2:22    9       5     4     2.24    ---   -1    
1.09    22___10:2:34    10      6     4     2.13    ---   -2    
2.14    22___10:2:51    11      6     5     2.13    +++   -1    
6.33    22___10:3:17    12      6     6     2.48    +++   0     
4.21    22___10:3:38    13      6     7     2.61    +++   1     
1.94    22___10:3:55    14      7     7     2.56    ---   0     
3.19    22___10:4:15    15      7     8     2.6     +++   1     
1       22___10:4:25    16      8     8     2.5     ---   0     
3.93    22___10:4:47    17      8     9     2.59    +++   1     
2.34    22___10:5:5     18      8     10    2.57    +++   2     
1.04    22___10:5:16    19      9     10    2.49    ---   1     
5.68    22___10:5:41    20      9     11    2.65    +++   2     
1.92    22___10:5:57    21      10    11    2.62    ---   1     
1.95    22___10:6:14    22      11    11    2.59    ---   0     
1.17    22___10:6:27    23      12    11    2.52    ---   -1    
2.57    22___10:6:46    24      12    12    2.53    +++   0     
3.65    22___10:7:6     25      12    13    2.57    +++   1     
5.34    22___10:7:30    26      12    14    2.68    +++   2     
1.49    22___10:7:45    27      13    14    2.63    ---   1     
6.59    22___10:8:11    28      13    15    2.77    +++   2     
2.5     22___10:8:29    29      13    16    2.76    +++   3     
1.34    22___10:8:43    30      14    16    2.72    ---   2     
1.61    22___10:8:59    31      15    16    2.68    ---   1     
21.78   22___10:9:38    32      15    17    3.28    +++   2     
1.78    22___10:9:54    33      16    17    3.23    ---   1     
1.62    22___10:10:10   34      17    17    3.18    ---   0     
1.15    22___10:10:23   35      18    17    3.13    ---   -1    
1.18    22___10:10:36   36      19    17    3.07    ---   -2    
1.31    22___10:10:50   37      20    17    3.02    ---   -3    
1.59    22___10:11:5    38      21    17    2.99    ---   -4    
1.91    22___10:11:22   39      22    17    2.96    ---   -5    
2.48    22___10:11:40   40      22    18    2.95    +++   -4    
1.25    22___10:11:54   41      23    18    2.9     ---   -5    
3.92    22___10:12:15   42      23    19    2.93    +++   -4    
3.16    22___10:12:35   43      23    20    2.93    +++   -3    
1.67    22___10:12:51   44      24    20    2.91    ---   -4    
4.28    22___10:13:13   45      24    21    2.94    +++   -3    
9.67    22___10:13:42   46      24    22    3.08    +++   -2    
3.62    22___10:14:3    47      24    23    3.09    +++   -1    
2.17    22___10:14:20   48      24    24    3.07    +++   0     
3       22___10:14:39   49      24    25    3.07    +++   1     
2.52    22___10:14:58   50      24    26    3.06    +++   2     
1.23    22___10:15:11   51      25    26    3.03    ---   1     
1.21    22___10:15:25   52      26    26    2.99    ---   0     
1.39    22___10:15:39   53      27    26    2.96    ---   -1    
4.71    22___10:16:2    54      27    27    2.99    +++   0     
4.58    22___10:16:24   55      27    28    3.02    +++   1     
1.25    22___10:16:38   56      28    28    2.99    ---   0     
5.53    22___10:17:2    57      28    29    3.03    +++   1     
1.02    22___10:17:14   58      29    29    3       ---   0     
10.43   22___10:17:44   59      29    30    3.12    +++   1     
1.06    22___10:17:56   60      30    30    3.09    ---   0     
3.56    22___10:18:16   61      30    31    3.1     +++   1     
1.47    22___10:18:31   62      31    31    3.07    ---   0     
1.22    22___10:18:45   63      32    31    3.04    ---   -1    
1.35    22___10:18:59   64      33    31    3.02    ---   -2    
5.91    22___10:19:23   65      33    32    3.06    +++   -1    
1.01    22___10:19:35   66      34    32    3.03    ---   -2    
1       22___10:19:45   67      35    32    3       ---   -3    
4.96    22___10:20:8    68      35    33    3.03    +++   -2    
1       22___10:20:19   69      36    33    3       ---   -3    
1.07    22___10:20:31   70      37    33    2.97    ---   -4    
1.07    22___10:20:43   71      38    33    2.94    ---   -5    
1.17    22___10:20:56   72      39    33    2.92    ---   -6    
2.16    22___10:21:14   73      39    34    2.91    +++   -5    
2.2     22___10:21:31   74      39    35    2.9     +++   -4    
1.12    22___10:21:44   75      40    35    2.87    ---   -5    
1.03    22___10:21:56   76      41    35    2.85    ---   -6    
1.4     22___10:22:10   77      42    35    2.83    ---   -7    
2.11    22___10:22:28   78      42    36    2.82    +++   -6    
2.7     22___10:22:46   79      42    37    2.82    +++   -5    
3.53    22___10:23:7    80      42    38    2.83    +++   -4    
1.54    22___10:23:22   81      43    38    2.81    ---   -5    
1.03    22___10:23:34   82      44    38    2.79    ---   -6    
1.53    22___10:23:49   83      45    38    2.78    ---   -7    
2.31    22___10:24:7    84      45    39    2.77    +++   -6    
2.16    22___10:24:24   85      45    40    2.76    +++   -5    
1.01    22___10:24:35   86      46    40    2.74    ---   -6    
5.81    22___10:25:0    87      46    41    2.78    +++   -5    
22.08   22___10:25:39   88      46    42    3       +++   -4    
2.08    22___10:25:56   89      46    43    2.99    +++   -3    
1.28    22___10:26:10   90      47    43    2.97    ---   -4    
3.19    22___10:26:30   91      47    44    2.97    +++   -3    
1.4     22___10:26:45   92      48    44    2.95    ---   -4    
1.38    22___10:26:59   93      49    44    2.94    ---   -5    
1.03    22___10:27:11   94      50    44    2.92    ---   -6    
1.09    22___10:27:23   95      51    44    2.9     ---   -7    
2.34    22___10:27:41   96      51    45    2.89    +++   -6    
1.07    22___10:27:53   97      52    45    2.87    ---   -7    
1       22___10:28:4    98      53    45    2.85    ---   -8    
1.07    22___10:28:16   99      54    45    2.83    ---   -9    
4.6     22___10:28:38   100     54    46    2.85    +++   -8    
2.65    22___10:28:57   101     54    47    2.85    +++   -7    
1.12    22___10:29:10   102     55    47    2.83    ---   -8    
1.99    22___10:29:27   103     56    47    2.83    ---   -9    
8.22    22___10:29:54   104     56    48    2.88    +++   -8    
12.45   22___10:30:26   105     56    49    2.97    +++   -7    
1.82    22___10:30:42   106     57    49    2.96    ---   -8    
3.6     22___10:31:3    107     57    50    2.96    +++   -7    
1.71    22___10:31:19   108     58    50    2.95    ---   -8    
1.53    22___10:31:34   109     59    50    2.94    ---   -9    
1.25    22___10:31:48   110     60    50    2.92    ---   -10   
1.6     22___10:32:3    111     61    50    2.91    ---   -11   
4.19    22___10:32:25   112     61    51    2.92    +++   -10   
2.83    22___10:32:44   113     61    52    2.92    +++   -9    
1.06    22___10:32:56   114     62    52    2.91    ---   -10   
1.62    22___10:33:12   115     63    52    2.89    ---   -11   
1.28    22___10:33:26   116     64    52    2.88    ---   -12   
1.03    22___10:33:37   117     65    52    2.86    ---   -13   
1       22___10:33:48   118     66    52    2.85    ---   -14   
1.12    22___10:34:1    119     67    52    2.83    ---   -15   
5.4     22___10:34:24   120     67    53    2.86    +++   -14   
2.44    22___10:34:42   121     67    54    2.85    +++   -13   
15.17   22___10:35:17   122     67    55    2.95    +++   -12   
2.67    22___10:35:35   123     67    56    2.95    +++   -11   
2.86    22___10:35:55   124     67    57    2.95    +++   -10   
1.18    22___10:36:8    125     68    57    2.94    ---   -11   
4.26    22___10:36:30   126     68    58    2.95    +++   -10   
1.08    22___10:36:42   127     69    58    2.93    ---   -11   
2.07    22___10:36:59   128     69    59    2.92    +++   -10   
2.52    22___10:37:18   129     69    60    2.92    +++   -9    
4.87    22___10:37:40   130     69    61    2.94    +++   -8    
1.08    22___10:37:53   131     70    61    2.92    ---   -9    
23.91   22___10:38:34   132     70    62    3.08    +++   -8    
1.73    22___10:38:50   133     71    62    3.07    ---   -9    
7.27    22___10:39:16   134     71    63    3.1     +++   -8    
15.22   22___10:40:9    135     71    64    3.19    +++   -7    
6.13    22___10:40:15   136     71    65    3.21    +++   -6    
1.81    22___10:40:31   137     72    65    3.2     ---   -7    
2.52    22___10:40:50   138     72    66    3.2     +++   -6    
2.5     22___10:41:8    139     72    67    3.19    +++   -5    
1.74    22___10:41:24   140     73    67    3.18    ---   -6    
2.07    22___10:41:41   141     73    68    3.17    +++   -5    
2.06    22___10:41:58   142     73    69    3.17    +++   -4    
2.06    22___10:42:15   143     73    70    3.16    +++   -3    
1.03    22___10:42:27   144     74    70    3.14    ---   -4    
1.3     22___10:42:41   145     75    70    3.13    ---   -5    
6.37    22___10:43:6    146     75    71    3.15    +++   -4    
2.42    22___10:43:24   147     75    72    3.15    +++   -3    
11.21   22___10:43:55   148     75    73    3.2     +++   -2    
1.06    22___10:44:7    149     76    73    3.19    ---   -3    
1       22___10:44:17   150     77    73    3.17    ---   -4    
1.2     22___10:44:31   151     78    73    3.16    ---   -5    
1.77    22___10:44:47   152     79    73    3.15    ---   -6    
3.89    22___10:45:8    153     79    74    3.16    +++   -5    
4.12    22___10:45:30   154     79    75    3.16    +++   -4    
1.78    22___10:45:46   155     80    75    3.15    ---   -5    
1.05    22___10:45:58   156     81    75    3.14    ---   -6    
1.09    22___10:46:10   157     82    75    3.13    ---   -7    
1.12    22___10:46:23   158     83    75    3.11    ---   -8    
2.14    22___10:46:40   159     83    76    3.11    +++   -7    
10.69   22___10:47:11   160     83    77    3.16    +++   -6    
1.38    22___10:47:25   161     84    77    3.14    ---   -7    
1.09    22___10:47:38   162     85    77    3.13    ---   -8    
1.55    22___10:47:53   163     86    77    3.12    ---   -9    
29.89   22___10:48:37   164     86    78    3.29    +++   -8    
1.38    22___10:48:52   165     87    78    3.27    ---   -9    
1.09    22___10:49:4    166     88    78    3.26    ---   -10   
2.45    22___10:49:22   167     88    79    3.26    +++   -9    
4.73    22___10:49:45   168     88    80    3.26    +++   -8    
2.48    22___10:50:3    169     88    81    3.26    +++   -7    
2.01    22___10:50:20   170     88    82    3.25    +++   -6    
2.47    22___10:50:38   171     88    83    3.25    +++   -5    
1.18    22___10:50:52   172     89    83    3.24    ---   -6    
3.17    22___10:51:12   173     89    84    3.24    +++   -5    
1       22___10:51:22   174     90    84    3.22    ---   -6    
1.05    22___10:51:34   175     91    84    3.21    ---   -7    
1.44    22___10:51:49   176     92    84    3.2     ---   -8    
1.42    22___10:52:3    177     93    84    3.19    ---   -9    
1.27    22___10:52:17   178     94    84    3.18    ---   -10   
1.91    22___10:52:34   179     95    84    3.17    ---   -11   
3.26    22___10:52:54   180     95    85    3.17    +++   -10   
18.79   22___10:53:31   181     95    86    3.26    +++   -9    
1.12    22___10:53:44   182     96    86    3.25    ---   -10   
1.87    22___10:54:0    183     97    86    3.24    ---   -11   
1.01    22___10:54:12   184     98    86    3.23    ---   -12   
2.02    22___10:54:28   185     98    87    3.22    +++   -11   
8.23    22___10:54:56   186     98    88    3.25    +++   -10   
2.59    22___10:55:15   187     98    89    3.24    +++   -9    
1.94    22___10:55:31   188     99    89    3.24    ---   -10   
6.55    22___10:55:57   189     99    90    3.25    +++   -9    
1.25    22___10:56:10   190     100   90    3.24    ---   -10   
1.13    22___10:56:23   191     101   90    3.23    ---   -11   
5.93    22___10:56:48   192     101   91    3.25    +++   -10   
1       22___10:56:59   193     102   91    3.24    ---   -11   
1.38    22___10:57:13   194     103   91    3.23    ---   -12   
1.02    22___10:57:24   195     104   91    3.21    ---   -13   
2.04    22___10:57:42   196     104   92    3.21    +++   -12   
1.44    22___10:57:57   197     105   92    3.2     ---   -13   
1.12    22___10:58:9    198     106   92    3.19    ---   -14   
2.3     22___10:58:27   199     106   93    3.18    +++   -13   
1       22___10:58:38   200     107   93    3.17    ---   -14   
2.46    22___10:58:56   201     107   94    3.17    +++   -13   
5.45    22___10:59:20   202     107   95    3.18    +++   -12   
19.83   22___10:59:58   203     107   96    3.26    +++   -11   
