11.14   22___13:0:0     1       0     1     11.14   +++   1     
1.41    22___13:0:14    2       1     1     6.27    ---   0     
1.55    22___13:0:30    3       2     1     4.7     ---   -1    
4.15    22___13:0:51    4       2     2     4.56    +++   0     
1.79    22___13:1:8     5       3     2     4       ---   -1    
1.34    22___13:1:22    6       4     2     3.56    ---   -2    
3.13    22___13:1:42    7       4     3     3.5     +++   -1    
2.13    22___13:1:59    8       4     4     3.32    +++   0     
4.59    22___13:2:21    9       4     5     3.47    +++   1     
1       22___13:2:32    10      5     5     3.22    ---   0     
10.5    22___13:3:2     11      5     6     3.88    +++   1     
3.38    22___13:3:22    12      5     7     3.84    +++   2     
1.37    22___13:3:37    13      6     7     3.65    ---   1     
3.51    22___13:3:57    14      6     8     3.64    +++   2     
4.89    22___13:4:20    15      6     9     3.72    +++   3     
1.24    22___13:4:34    16      7     9     3.57    ---   2     
1.04    22___13:4:46    17      8     9     3.42    ---   1     
1.05    22___13:4:58    18      9     9     3.28    ---   0     
1.07    22___13:5:10    19      10    9     3.17    ---   -1    
1       22___13:5:20    20      11    9     3.06    ---   -2    
1.16    22___13:5:33    21      12    9     2.97    ---   -3    
2.97    22___13:5:53    22      12    10    2.97    +++   -2    
2.62    22___13:6:11    23      12    11    2.95    +++   -1    
1.05    22___13:6:23    24      13    11    2.87    ---   -2    
1.07    22___13:6:36    25      14    11    2.8     ---   -3    
1.38    22___13:6:50    26      15    11    2.75    ---   -4    
3.96    22___13:7:12    27      15    12    2.79    +++   -3    
1.03    22___13:7:23    28      16    12    2.73    ---   -4    
5.61    22___13:7:47    29      16    13    2.83    +++   -3    
21.36   22___13:8:26    30      16    14    3.44    +++   -2    
1.27    22___13:8:40    31      17    14    3.37    ---   -3    
1.23    22___13:8:54    32      18    14    3.31    ---   -4    
1.15    22___13:9:7     33      19    14    3.24    ---   -5    
1.47    22___13:9:22    34      20    14    3.19    ---   -6    
1.51    22___13:9:37    35      21    14    3.14    ---   -7    
1.77    22___13:9:53    36      22    14    3.1     ---   -8    
25.74   22___13:10:35   37      22    15    3.71    +++   -7    
3.66    22___13:10:56   38      22    16    3.71    +++   -6    
1.74    22___13:11:12   39      23    16    3.66    ---   -7    
8.1     22___13:11:39   40      23    17    3.77    +++   -6    
1.58    22___13:11:55   41      24    17    3.72    ---   -7    
1.09    22___13:12:7    42      25    17    3.66    ---   -8    
1.85    22___13:12:24   43      26    17    3.61    ---   -9    
1.94    22___13:12:40   44      27    17    3.58    ---   -10   
1.11    22___13:12:53   45      28    17    3.52    ---   -11   
1.56    22___13:13:8    46      29    17    3.48    ---   -12   
1.06    22___13:13:20   47      30    17    3.43    ---   -13   
6.49    22___13:13:46   48      30    18    3.49    +++   -12   
3.92    22___13:14:7    49      30    19    3.5     +++   -11   
1.13    22___13:14:20   50      31    19    3.45    ---   -12   
1.7     22___13:14:36   51      32    19    3.42    ---   -13   
13.7    22___13:15:9    52      32    20    3.62    +++   -12   
5.49    22___13:15:33   53      32    21    3.65    +++   -11   
1.62    22___13:15:48   54      33    21    3.61    ---   -12   
1.72    22___13:16:4    55      34    21    3.58    ---   -13   
1.01    22___13:16:15   56      35    21    3.53    ---   -14   
2.19    22___13:16:33   57      35    22    3.51    +++   -13   
1.9     22___13:16:49   58      36    22    3.48    ---   -14   
1.34    22___13:17:3    59      37    22    3.44    ---   -15   
3.76    22___13:17:24   60      37    23    3.45    +++   -14   
1.64    22___13:17:40   61      38    23    3.42    ---   -15   
2.35    22___13:17:58   62      38    24    3.4     +++   -14   
1.03    22___13:18:10   63      39    24    3.36    ---   -15   
22.06   22___13:18:49   64      39    25    3.66    +++   -14   
3.72    22___13:19:10   65      39    26    3.66    +++   -13   
1.65    22___13:19:26   66      40    26    3.63    ---   -14   
2.78    22___13:19:45   67      40    27    3.61    +++   -13   
1.26    22___13:19:59   68      41    27    3.58    ---   -14   
19.39   22___13:20:36   69      41    28    3.81    +++   -13   
3.82    22___13:20:57   70      41    29    3.81    +++   -12   
1.33    22___13:21:11   71      42    29    3.77    ---   -13   
1.47    22___13:21:26   72      43    29    3.74    ---   -14   
2.01    22___13:21:43   73      43    30    3.72    +++   -13   
2.41    22___13:22:1    74      43    31    3.7     +++   -12   
1.07    22___13:22:14   75      44    31    3.67    ---   -13   
1.16    22___13:22:27   76      45    31    3.63    ---   -14   
1.75    22___13:22:43   77      46    31    3.61    ---   -15   
1.01    22___13:22:54   78      47    31    3.57    ---   -16   
1.95    22___13:23:10   79      48    31    3.55    ---   -17   
1.38    22___13:23:25   80      49    31    3.53    ---   -18   
1.68    22___13:23:41   81      50    31    3.5     ---   -19   
5.18    22___13:24:4    82      50    32    3.52    +++   -18   
1.37    22___13:24:19   83      51    32    3.5     ---   -19   
1.34    22___13:24:33   84      52    32    3.47    ---   -20   
11.47   22___13:25:4    85      52    33    3.57    +++   -19   
4.81    22___13:25:27   86      52    34    3.58    +++   -18   
1.74    22___13:25:43   87      53    34    3.56    ---   -19   
20.14   22___13:26:21   88      53    35    3.75    +++   -18   
1.54    22___13:26:36   89      54    35    3.72    ---   -19   
1.57    22___13:26:51   90      55    35    3.7     ---   -20   
16.77   22___13:27:27   91      55    36    3.84    +++   -19   
1.21    22___13:27:40   92      56    36    3.81    ---   -20   
1.42    22___13:27:55   93      57    36    3.79    ---   -21   
2.09    22___13:28:12   94      57    37    3.77    +++   -20   
1.32    22___13:28:26   95      58    37    3.74    ---   -21   
1.15    22___13:28:39   96      59    37    3.72    ---   -22   
2.62    22___13:28:58   97      59    38    3.71    +++   -21   
1.44    22___13:29:13   98      60    38    3.68    ---   -22   
2.1     22___13:29:30   99      60    39    3.67    +++   -21   
5.58    22___13:29:54   100     60    40    3.69    +++   -20   
2.48    22___13:30:12   101     60    41    3.67    +++   -19   
2.77    22___13:30:31   102     60    42    3.66    +++   -18   
1       22___13:30:42   103     61    42    3.64    ---   -19   
6.1     22___13:31:6    104     61    43    3.66    +++   -18   
4.44    22___13:31:29   105     61    44    3.67    +++   -17   
1.89    22___13:31:45   106     62    44    3.65    ---   -18   
2.02    22___13:32:2    107     62    45    3.64    +++   -17   
2.95    22___13:32:21   108     62    46    3.63    +++   -16   
3.2     22___13:32:41   109     62    47    3.63    +++   -15   
8.06    22___13:33:9    110     62    48    3.67    +++   -14   
1.95    22___13:33:25   111     63    48    3.65    ---   -15   
2.05    22___13:33:42   112     63    49    3.64    +++   -14   
1.07    22___13:33:55   113     64    49    3.61    ---   -15   
2.8     22___13:34:14   114     64    50    3.61    +++   -14   
4.07    22___13:34:35   115     64    51    3.61    +++   -13   
1.14    22___13:34:48   116     65    51    3.59    ---   -14   
20.37   22___13:35:27   117     65    52    3.73    +++   -13   
1.68    22___13:35:42   118     66    52    3.72    ---   -14   
1.33    22___13:35:57   119     67    52    3.7     ---   -15   
1.01    22___13:36:8    120     68    52    3.67    ---   -16   
2.2     22___13:36:25   121     68    53    3.66    +++   -15   
19.58   22___13:37:3    122     68    54    3.79    +++   -14   
1.07    22___13:37:15   123     69    54    3.77    ---   -15   
2.07    22___13:37:32   124     69    55    3.76    +++   -14   
20.53   22___13:38:11   125     69    56    3.89    +++   -13   
1.49    22___13:38:26   126     70    56    3.87    ---   -14   
1.57    22___13:38:41   127     71    56    3.85    ---   -15   
1.77    22___13:38:57   128     72    56    3.84    ---   -16   
1       22___13:39:8    129     73    56    3.81    ---   -17   
3.11    22___13:39:27   130     73    57    3.81    +++   -16   
5.64    22___13:39:52   131     73    58    3.82    +++   -15   
1.41    22___13:40:6    132     74    58    3.8     ---   -16   
1.08    22___13:40:19   133     75    58    3.78    ---   -17   
6.74    22___13:40:44   134     75    59    3.81    +++   -16   
1.86    22___13:41:1    135     76    59    3.79    ---   -17   
1.05    22___13:41:13   136     77    59    3.77    ---   -18   
1.28    22___13:41:27   137     78    59    3.75    ---   -19   
9.58    22___13:41:56   138     78    60    3.8     +++   -18   
1.15    22___13:42:9    139     79    60    3.78    ---   -19   
1.26    22___13:42:22   140     80    60    3.76    ---   -20   
2.77    22___13:42:41   141     80    61    3.75    +++   -19   
1.7     22___13:42:57   142     81    61    3.74    ---   -20   
33.5    22___13:43:44   143     81    62    3.95    +++   -19   
1.62    22___13:43:59   144     82    62    3.93    ---   -20   
1.22    22___13:44:13   145     83    62    3.91    ---   -21   
2.36    22___13:44:31   146     83    63    3.9     +++   -20   
10.95   22___13:45:1    147     83    64    3.95    +++   -19   
3.41    22___13:45:21   148     83    65    3.94    +++   -18   
1.45    22___13:45:36   149     84    65    3.93    ---   -19   
2.46    22___13:45:54   150     84    66    3.92    +++   -18   
1.38    22___13:46:9    151     85    66    3.9     ---   -19   
8.46    22___13:46:37   152     85    67    3.93    +++   -18   
2.51    22___13:46:55   153     85    68    3.92    +++   -17   
1.83    22___13:47:11   154     86    68    3.91    ---   -18   
1.23    22___13:47:25   155     87    68    3.89    ---   -19   
3.91    22___13:47:46   156     87    69    3.89    +++   -18   
1.16    22___13:47:59   157     88    69    3.87    ---   -19   
3.2     22___13:48:19   158     88    70    3.87    +++   -18   
3.85    22___13:48:40   159     88    71    3.87    +++   -17   
1.67    22___13:48:56   160     89    71    3.85    ---   -18   
1.59    22___13:49:12   161     90    71    3.84    ---   -19   
2.19    22___13:49:29   162     90    72    3.83    +++   -18   
1.54    22___13:49:44   163     91    72    3.82    ---   -19   
3.67    22___13:50:5    164     91    73    3.82    +++   -18   
1.19    22___13:50:19   165     92    73    3.8     ---   -19   
2.12    22___13:50:36   166     92    74    3.79    +++   -18   
2.06    22___13:50:53   167     92    75    3.78    +++   -17   
2.2     22___13:51:10   168     92    76    3.77    +++   -16   
1.53    22___13:51:26   169     93    76    3.76    ---   -17   
2.48    22___13:51:44   170     93    77    3.75    +++   -16   
1.7     22___13:52:0    171     94    77    3.74    ---   -17   
1.64    22___13:52:15   172     95    77    3.72    ---   -18   
2.5     22___13:52:34   173     95    78    3.72    +++   -17   
12.44   22___13:53:5    174     95    79    3.77    +++   -16   
1.1     22___13:53:18   175     96    79    3.75    ---   -17   
2.34    22___13:53:36   176     96    80    3.74    +++   -16   
2.83    22___13:53:55   177     96    81    3.74    +++   -15   
1.16    22___13:54:8    178     97    81    3.72    ---   -16   
2.05    22___13:54:25   179     97    82    3.71    +++   -15   
3.49    22___13:54:46   180     97    83    3.71    +++   -14   
12.64   22___13:55:18   181     97    84    3.76    +++   -13   
1.06    22___13:55:30   182     98    84    3.75    ---   -14   
20.25   22___13:56:8    183     98    85    3.84    +++   -13   
1.12    22___13:56:21   184     99    85    3.82    ---   -14   
1.42    22___13:56:35   185     100   85    3.81    ---   -15   
1.18    22___13:56:49   186     101   85    3.8     ---   -16   
1.03    22___13:57:0    187     102   85    3.78    ---   -17   
6.71    22___13:57:26   188     102   86    3.8     +++   -16   
1.88    22___13:57:42   189     103   86    3.79    ---   -17   
9.28    22___13:58:11   190     103   87    3.82    +++   -16   
2.15    22___13:58:28   191     103   88    3.81    +++   -15   
2.45    22___13:58:47   192     103   89    3.8     +++   -14   
29.49   22___13:59:31   193     103   90    3.93    +++   -13   
2.32    22___13:59:49   194     103   91    3.92    +++   -12   
