1.03    22___11:0:9     1       1     0     1.03    ---   -1    
20.36   22___11:0:48    2       1     1     10.69   +++   0     
1.21    22___11:1:1     3       2     1     7.53    ---   -1    
29.25   22___11:1:45    4       2     2     12.96   +++   0     
14.42   22___11:2:19    5       2     3     13.25   +++   1     
1.84    22___11:2:35    6       3     3     11.35   ---   0     
4.91    22___11:2:58    7       3     4     10.43   +++   1     
2.9     22___11:3:17    8       3     5     9.49    +++   2     
9.87    22___11:3:47    9       3     6     9.53    +++   3     
1.43    22___11:4:1     10      4     6     8.72    ---   2     
1.31    22___11:4:15    11      5     6     8.04    ---   1     
1.26    22___11:4:29    12      6     6     7.48    ---   0     
20.66   22___11:5:8     13      6     7     8.49    +++   1     
2.26    22___11:5:25    14      6     8     8.05    +++   2     
1.68    22___11:5:41    15      7     8     7.62    ---   1     
33.92   22___11:6:28    16      7     9     9.26    +++   2     
1.49    22___11:6:43    17      8     9     8.81    ---   1     
4.92    22___11:7:6     18      8     10    8.59    +++   2     
1.96    22___11:7:23    19      9     10    8.24    ---   1     
1.9     22___11:7:39    20      10    10    7.92    ---   0     
1.35    22___11:7:54    21      11    10    7.61    ---   -1    
1.2     22___11:8:7     22      12    10    7.32    ---   -2    
3.61    22___11:8:28    23      12    11    7.16    +++   -1    
15.11   22___11:9:2     24      12    12    7.49    +++   0     
2.86    22___11:9:21    25      12    13    7.3     +++   1     
4.04    22___11:9:43    26      12    14    7.18    +++   2     
1.19    22___11:9:56    27      13    14    6.96    ---   1     
1       22___11:10:7    28      14    14    6.74    ---   0     
1.28    22___11:10:21   29      15    14    6.55    ---   -1    
2.32    22___11:10:38   30      15    15    6.41    +++   0     
1.14    22___11:10:51   31      16    15    6.24    ---   -1    
1.43    22___11:11:6    32      17    15    6.09    ---   -2    
1.58    22___11:11:21   33      18    15    5.96    ---   -3    
2.73    22___11:11:40   34      18    16    5.86    +++   -2    
1.06    22___11:11:52   35      19    16    5.72    ---   -3    
5.6     22___11:12:16   36      19    17    5.72    +++   -2    
2.11    22___11:12:34   37      19    18    5.62    +++   -1    
6.04    22___11:12:58   38      19    19    5.63    +++   0     
4.71    22___11:13:21   39      19    20    5.61    +++   1     
1.37    22___11:13:35   40      20    20    5.5     ---   0     
1.02    22___11:13:47   41      21    20    5.39    ---   -1    
2.69    22___11:14:6    42      21    21    5.33    +++   0     
5.73    22___11:14:30   43      21    22    5.34    +++   1     
1.18    22___11:14:43   44      22    22    5.24    ---   0     
2.74    22___11:15:2    45      22    23    5.19    +++   1     
5.23    22___11:15:26   46      22    24    5.19    +++   2     
3.74    22___11:15:47   47      22    25    5.16    +++   3     
2.62    22___11:16:5    48      22    26    5.1     +++   4     
1.83    22___11:16:21   49      23    26    5.04    ---   3     
26.77   22___11:17:4    50      23    27    5.47    +++   4     
1.21    22___11:17:17   51      24    27    5.39    ---   3     
1.19    22___11:17:31   52      25    27    5.31    ---   2     
1.06    22___11:17:43   53      26    27    5.23    ---   1     
3.57    22___11:18:4    54      26    28    5.2     +++   2     
1.06    22___11:18:16   55      27    28    5.12    ---   1     
1.9     22___11:18:32   56      28    28    5.06    ---   0     
1.52    22___11:18:47   57      29    28    5       ---   -1    
13.2    22___11:19:20   58      29    29    5.14    +++   0     
1.54    22___11:19:35   59      30    29    5.08    ---   -1    
3.83    22___11:19:56   60      30    30    5.06    +++   0     
5.85    22___11:20:21   61      30    31    5.07    +++   1     
1.58    22___11:20:36   62      31    31    5.02    ---   0     
4.09    22___11:20:58   63      31    32    5       +++   1     
10.64   22___11:21:28   64      31    33    5.09    +++   2     
1.07    22___11:21:40   65      32    33    5.03    ---   1     
34.2    22___11:22:27   66      32    34    5.47    +++   2     
1.57    22___11:22:43   67      33    34    5.41    ---   1     
1.29    22___11:22:57   68      34    34    5.35    ---   0     
3.04    22___11:23:16   69      34    35    5.32    +++   1     
1.96    22___11:23:33   70      35    35    5.27    ---   0     
1.42    22___11:23:47   71      36    35    5.22    ---   -1    
2.55    22___11:24:6    72      36    36    5.18    +++   0     
1.53    22___11:24:21   73      37    36    5.13    ---   -1    
5.81    22___11:24:45   74      37    37    5.14    +++   0     
3.24    22___11:25:5    75      37    38    5.11    +++   1     
1       22___11:25:16   76      38    38    5.06    ---   0     
5.7     22___11:25:40   77      38    39    5.07    +++   1     
2.22    22___11:25:58   78      38    40    5.03    +++   2     
2.11    22___11:26:15   79      38    41    4.99    +++   3     
1.31    22___11:26:29   80      39    41    4.95    ---   2     
1.21    22___11:26:43   81      40    41    4.9     ---   1     
6.55    22___11:27:8    82      40    42    4.92    +++   2     
1       22___11:27:18   83      41    42    4.87    ---   1     
1.52    22___11:27:34   84      42    42    4.83    ---   0     
6.04    22___11:27:58   85      42    43    4.85    +++   1     
1.65    22___11:28:14   86      43    43    4.81    ---   0     
1.19    22___11:28:27   87      44    43    4.77    ---   -1    
7.85    22___11:28:54   88      44    44    4.8     +++   0     
1.63    22___11:29:10   89      45    44    4.77    ---   -1    
3.78    22___11:29:31   90      45    45    4.76    +++   0     
1.06    22___11:29:43   91      46    45    4.72    ---   -1    
1.79    22___11:29:59   92      47    45    4.68    ---   -2    
6.75    22___11:30:25   93      47    46    4.71    +++   -1    
1.12    22___11:30:38   94      48    46    4.67    ---   -2    
5.67    22___11:31:2    95      48    47    4.68    +++   -1    
1.51    22___11:31:17   96      49    47    4.65    ---   -2    
2.74    22___11:31:36   97      49    48    4.63    +++   -1    
4.02    22___11:31:57   98      49    49    4.62    +++   0     
2.77    22___11:32:16   99      49    50    4.6     +++   1     
1       22___11:32:27   100     50    50    4.56    ---   0     
1.42    22___11:32:42   101     51    50    4.53    ---   -1    
1.35    22___11:32:56   102     52    50    4.5     ---   -2    
4.8     22___11:33:19   103     52    51    4.51    +++   -1    
1.27    22___11:33:33   104     53    51    4.47    ---   -2    
9.78    22___11:34:2    105     53    52    4.52    +++   -1    
1.14    22___11:34:15   106     54    52    4.49    ---   -2    
4.47    22___11:34:37   107     54    53    4.49    +++   -1    
5.65    22___11:35:1    108     54    54    4.5     +++   0     
2.22    22___11:35:19   109     54    55    4.48    +++   1     
3.19    22___11:35:39   110     54    56    4.47    +++   2     
1.21    22___11:35:52   111     55    56    4.44    ---   1     
3.32    22___11:36:12   112     55    57    4.43    +++   2     
10.33   22___11:36:42   113     55    58    4.48    +++   3     
7.93    22___11:37:9    114     55    59    4.51    +++   4     
1.31    22___11:37:23   115     56    59    4.49    ---   3     
1.22    22___11:37:37   116     57    59    4.46    ---   2     
1.17    22___11:37:50   117     58    59    4.43    ---   1     
2.83    22___11:38:9    118     58    60    4.42    +++   2     
2.67    22___11:38:28   119     58    61    4.4     +++   3     
5.42    22___11:38:52   120     58    62    4.41    +++   4     
2.37    22___11:39:10   121     58    63    4.39    +++   5     
1.97    22___11:39:26   122     59    63    4.37    ---   4     
1.52    22___11:39:41   123     60    63    4.35    ---   3     
1.36    22___11:39:56   124     61    63    4.32    ---   2     
1.03    22___11:40:7    125     62    63    4.3     ---   1     
2.24    22___11:40:25   126     62    64    4.28    +++   2     
2.35    22___11:40:43   127     62    65    4.27    +++   3     
1.54    22___11:40:58   128     63    65    4.25    ---   2     
4.6     22___11:41:21   129     63    66    4.25    +++   3     
1.55    22___11:41:36   130     64    66    4.23    ---   2     
5.11    22___11:41:59   131     64    67    4.23    +++   3     
3.16    22___11:42:19   132     64    68    4.23    +++   4     
4.98    22___11:42:42   133     64    69    4.23    +++   5     
1.53    22___11:42:57   134     65    69    4.21    ---   4     
1.11    22___11:43:10   135     66    69    4.19    ---   3     
6.33    22___11:43:35   136     66    70    4.2     +++   4     
1.95    22___11:43:52   137     67    70    4.19    ---   3     
4.66    22___11:44:14   138     67    71    4.19    +++   4     
16.4    22___11:44:50   139     67    72    4.28    +++   5     
2.55    22___11:45:8    140     67    73    4.27    +++   6     
1.19    22___11:45:22   141     68    73    4.24    ---   5     
2.51    22___11:45:40   142     68    74    4.23    +++   6     
4.78    22___11:46:3    143     68    75    4.24    +++   7     
2.81    22___11:46:22   144     68    76    4.23    +++   8     
1.25    22___11:46:35   145     69    76    4.21    ---   7     
2.13    22___11:46:53   146     69    77    4.19    +++   8     
5.09    22___11:47:16   147     69    78    4.2     +++   9     
1.13    22___11:47:29   148     70    78    4.18    ---   8     
1.5     22___11:47:44   149     71    78    4.16    ---   7     
1.05    22___11:47:56   150     72    78    4.14    ---   6     
1.25    22___11:48:10   151     73    78    4.12    ---   5     
9.94    22___11:48:39   152     73    79    4.16    +++   6     
1.63    22___11:48:55   153     74    79    4.14    ---   5     
3.09    22___11:49:14   154     74    80    4.13    +++   6     
4.83    22___11:49:37   155     74    81    4.14    +++   7     
1.45    22___11:49:52   156     75    81    4.12    ---   6     
23.94   22___11:50:33   157     75    82    4.25    +++   7     
3.58    22___11:50:53   158     75    83    4.24    +++   8     
21.33   22___11:51:32   159     75    84    4.35    +++   9     
1.47    22___11:51:47   160     76    84    4.33    ---   8     
1.63    22___11:52:3    161     77    84    4.32    ---   7     
2.8     22___11:52:22   162     77    85    4.31    +++   8     
4.82    22___11:52:45   163     77    86    4.31    +++   9     
23.86   22___11:53:26   164     77    87    4.43    +++   10    
3.71    22___11:53:47   165     77    88    4.42    +++   11    
1.9     22___11:54:3    166     78    88    4.41    ---   10    
4.03    22___11:54:25   167     78    89    4.41    +++   11    
3.75    22___11:54:46   168     78    90    4.4     +++   12    
1       22___11:54:56   169     79    90    4.38    ---   11    
1.89    22___11:55:13   170     80    90    4.37    ---   10    
31.52   22___11:55:58   171     80    91    4.53    +++   11    
6.28    22___11:56:23   172     80    92    4.54    +++   12    
1.01    22___11:56:34   173     81    92    4.52    ---   11    
1.02    22___11:56:46   174     82    92    4.5     ---   10    
1.05    22___11:56:58   175     83    92    4.48    ---   9     
2.19    22___11:57:15   176     83    93    4.46    +++   10    
2.69    22___11:57:34   177     83    94    4.45    +++   11    
1.4     22___11:57:49   178     84    94    4.44    ---   10    
1.34    22___11:58:3    179     85    94    4.42    ---   9     
3.97    22___11:58:24   180     85    95    4.42    +++   10    
8.22    22___11:58:52   181     85    96    4.44    +++   11    
2.82    22___11:59:11   182     85    97    4.43    +++   12    
1.34    22___11:59:25   183     86    97    4.41    ---   11    
1.84    22___11:59:41   184     87    97    4.4     ---   10    
1       22___11:59:52   185     88    97    4.38    ---   9     
