2.03    22___15:0:16    1       0     1     2.02    +++   1     
1.25    22___15:0:29    2       1     1     1.64    ---   0     
1.63    22___15:0:44    3       2     1     1.63    ---   -1    
7.53    22___15:1:11    4       2     2     3.11    +++   0     
1       22___15:1:21    5       3     2     2.68    ---   -1    
19.5    22___15:1:59    6       3     3     5.48    +++   0     
1.7     22___15:2:15    7       4     3     4.94    ---   -1    
4.21    22___15:2:37    8       4     4     4.85    +++   0     
1.93    22___15:2:53    9       5     4     4.53    ---   -1    
9.89    22___15:3:23    10      5     5     5.06    +++   0     
1.06    22___15:3:35    11      6     5     4.7     ---   -1    
1.15    22___15:3:50    12      7     5     4.4     ---   -2    
20.56   22___15:4:27    13      7     6     5.64    +++   -1    
1.41    22___15:4:41    14      8     6     5.34    ---   -2    
2.24    22___15:5:0     15      8     7     5.13    +++   -1    
1.35    22___15:5:13    16      9     7     4.9     ---   -2    
2.51    22___15:5:32    17      9     8     4.76    +++   -1    
1.13    22___15:5:44    18      10    8     4.55    ---   -2    
1.01    22___15:5:55    19      11    8     4.37    ---   -3    
7.12    22___15:6:21    20      11    9     4.51    +++   -2    
1.08    22___15:6:34    21      12    9     4.34    ---   -3    
2.36    22___15:6:52    22      12    10    4.25    +++   -2    
2.99    22___15:7:11    23      12    11    4.2     +++   -1    
1.23    22___15:7:25    24      13    11    4.07    ---   -2    
28.58   22___15:8:9     25      13    12    5.05    +++   -1    
1.07    22___15:8:21    26      14    12    4.9     ---   -2    
1.73    22___15:8:37    27      15    12    4.78    ---   -3    
11.35   22___15:9:8     28      15    13    5.02    +++   -2    
3.33    22___15:9:28    29      15    14    4.96    +++   -1    
3.54    22___15:9:48    30      15    15    4.91    +++   0     
2.03    22___15:10:5    31      15    16    4.82    +++   1     
2.17    22___15:10:23   32      15    17    4.73    +++   2     
4.11    22___15:10:45   33      15    18    4.72    +++   3     
1.52    22___15:11:0    34      16    18    4.62    ---   2     
2.63    22___15:11:18   35      16    19    4.56    +++   3     
1.62    22___15:11:34   36      17    19    4.48    ---   2     
4.08    22___15:11:55   37      17    20    4.47    +++   3     
1.39    22___15:12:10   38      18    20    4.39    ---   2     
1.05    22___15:12:22   39      19    20    4.3     ---   1     
1.08    22___15:12:34   40      20    20    4.22    ---   0     
1.57    22___15:12:50   41      21    20    4.16    ---   -1    
1.57    22___15:13:5    42      22    20    4.1     ---   -2    
1.94    22___15:13:27   43      23    20    4.05    ---   -3    
2.11    22___15:13:39   44      23    21    4       +++   -2    
2.09    22___15:13:56   45      23    22    3.96    +++   -1    
1.69    22___15:14:12   46      24    22    3.91    ---   -2    
1.14    22___15:14:25   47      25    22    3.85    ---   -3    
1.08    22___15:14:37   48      26    22    3.79    ---   -4    
7.69    22___15:15:4    49      26    23    3.87    +++   -3    
1.84    22___15:15:20   50      27    23    3.83    ---   -4    
1.89    22___15:15:37   51      28    23    3.79    ---   -5    
1.68    22___15:15:53   52      29    23    3.75    ---   -6    
4.12    22___15:16:14   53      29    24    3.76    +++   -5    
1.1     22___15:16:27   54      30    24    3.71    ---   -6    
1.96    22___15:16:43   55      31    24    3.68    ---   -7    
2.52    22___15:17:2    56      31    25    3.66    +++   -6    
8.5     22___15:17:30   57      31    26    3.74    +++   -5    
1.33    22___15:17:44   58      32    26    3.7     ---   -6    
1.02    22___15:17:55   59      33    26    3.66    ---   -7    
5       22___15:18:18   60      33    27    3.68    +++   -6    
1.81    22___15:18:35   61      34    27    3.65    ---   -7    
2.54    22___15:18:53   62      34    28    3.63    +++   -6    
1.19    22___15:19:6    63      35    28    3.59    ---   -7    
2.63    22___15:19:25   64      35    29    3.58    +++   -6    
2.82    22___15:19:44   65      35    30    3.56    +++   -5    
2.29    22___15:20:2    66      35    31    3.54    +++   -4    
2.49    22___15:20:20   67      35    32    3.53    +++   -3    
2.39    22___15:20:38   68      35    33    3.51    +++   -2    
13.76   22___15:21:12   69      35    34    3.66    +++   -1    
1.77    22___15:21:27   70      36    34    3.63    ---   -2    
26.42   22___15:22:10   71      36    35    3.95    +++   -1    
1.57    22___15:22:25   72      37    35    3.92    ---   -2    
19.21   22___15:23:2    73      37    36    4.13    +++   -1    
1.56    22___15:23:18   74      38    36    4.1     ---   -2    
1.1     22___15:23:31   75      39    36    4.06    ---   -3    
2.66    22___15:23:49   76      39    37    4.04    +++   -2    
1.9     22___15:24:5    77      40    37    4.01    ---   -3    
5.35    22___15:24:29   78      40    38    4.03    +++   -2    
12.3    22___15:25:1    79      40    39    4.13    +++   -1    
4.35    22___15:25:23   80      40    40    4.13    +++   0     
3.63    22___15:25:44   81      40    41    4.13    +++   1     
3.52    22___15:26:4    82      40    42    4.12    +++   2     
3.1     22___15:26:24   83      40    43    4.11    +++   3     
1       22___15:26:35   84      41    43    4.07    ---   2     
5.12    22___15:26:58   85      41    44    4.08    +++   3     
2.35    22___15:27:17   86      41    45    4.06    +++   4     
1.49    22___15:27:31   87      42    45    4.03    ---   3     
1.97    22___15:27:48   88      43    45    4.01    ---   2     
1.44    22___15:28:2    89      44    45    3.98    ---   1     
1.41    22___15:28:17   90      45    45    3.95    ---   0     
1.35    22___15:28:31   91      46    45    3.92    ---   -1    
1.1     22___15:28:44   92      47    45    3.89    ---   -2    
1.06    22___15:28:56   93      48    45    3.86    ---   -3    
1.77    22___15:29:12   94      49    45    3.84    ---   -4    
1.9     22___15:29:29   95      50    45    3.82    ---   -5    
2.83    22___15:29:48   96      50    46    3.81    +++   -4    
6.35    22___15:30:13   97      50    47    3.84    +++   -3    
3.98    22___15:30:34   98      50    48    3.84    +++   -2    
3.45    22___15:30:55   99      50    49    3.83    +++   -1    
1.11    22___15:31:7    100     51    49    3.81    ---   -2    
2.14    22___15:31:25   101     51    50    3.79    +++   -1    
6.49    22___15:31:50   102     51    51    3.82    +++   0     
15.61   22___15:32:25   103     51    52    3.93    +++   1     
1.26    22___15:32:38   104     52    52    3.9     ---   0     
17.38   22___15:33:15   105     52    53    4.03    +++   1     
14.91   22___15:33:49   106     52    54    4.13    +++   2     
1.63    22___15:34:4    107     53    54    4.11    ---   1     
1.65    22___15:34:20   108     54    54    4.09    ---   0     
1.16    22___15:34:33   109     55    54    4.06    ---   -1    
1.27    22___15:34:47   110     56    54    4.04    ---   -2    
34.35   22___15:35:34   111     56    55    4.31    +++   -1    
21.77   22___15:36:13   112     56    56    4.47    +++   0     
1.07    22___15:36:25   113     57    56    4.44    ---   -1    
1.87    22___15:36:42   114     58    56    4.41    ---   -2    
1.98    22___15:36:59   115     59    56    4.39    ---   -3    
1.13    22___15:37:11   116     60    56    4.36    ---   -4    
2.64    22___15:37:30   117     60    57    4.35    +++   -3    
26.52   22___15:38:13   118     60    58    4.54    +++   -2    
2.3     22___15:38:30   119     60    59    4.52    +++   -1    
1.26    22___15:38:44   120     61    59    4.49    ---   -2    
4.36    22___15:39:6    121     61    60    4.49    +++   -1    
2.17    22___15:39:24   122     61    61    4.47    +++   0     
1.53    22___15:39:39   123     62    61    4.45    ---   -1    
3.05    22___15:39:59   124     62    62    4.43    +++   0     
2.18    22___15:40:16   125     62    63    4.42    +++   1     
3.32    22___15:40:37   126     62    64    4.41    +++   2     
1.62    22___15:40:52   127     63    64    4.39    ---   1     
18.31   22___15:41:28   128     63    65    4.49    +++   2     
1.19    22___15:41:42   129     64    65    4.47    ---   1     
1.01    22___15:41:53   130     65    65    4.44    ---   0     
1.32    22___15:42:7    131     66    65    4.42    ---   -1    
2.83    22___15:42:26   132     66    66    4.41    +++   0     
1.05    22___15:42:38   133     67    66    4.38    ---   -1    
2.65    22___15:42:57   134     67    67    4.37    +++   0     
3.29    22___15:43:17   135     67    68    4.36    +++   1     
2.11    22___15:43:34   136     67    69    4.34    +++   2     
1.52    22___15:43:49   137     68    69    4.32    ---   1     
1.89    22___15:44:6    138     69    69    4.31    ---   0     
1.7     22___15:44:22   139     70    69    4.29    ---   -1    
31.3    22___15:45:7    140     70    70    4.48    +++   0     
2.66    22___15:45:26   141     70    71    4.47    +++   1     
3.35    22___15:45:46   142     70    72    4.46    +++   2     
1.69    22___15:46:2    143     71    72    4.44    ---   1     
8.47    22___15:46:29   144     71    73    4.47    +++   2     
1.67    22___15:46:45   145     72    73    4.45    ---   1     
5.21    22___15:47:9    146     72    74    4.45    +++   2     
2.65    22___15:47:27   147     72    75    4.44    +++   3     
1.79    22___15:47:44   148     73    75    4.42    ---   2     
8.7     22___15:48:12   149     73    76    4.45    +++   3     
8.78    22___15:48:40   150     73    77    4.48    +++   4     
1.11    22___15:48:52   151     74    77    4.46    ---   3     
1.01    22___15:49:4    152     75    77    4.44    ---   2     
2.67    22___15:49:22   153     75    78    4.42    +++   3     
4.7     22___15:49:45   154     75    79    4.43    +++   4     
1.81    22___15:50:1    155     76    79    4.41    ---   3     
2.36    22___15:50:19   156     76    80    4.4     +++   4     
1.63    22___15:50:35   157     77    80    4.38    ---   3     
3.01    22___15:50:54   158     77    81    4.37    +++   4     
3.29    22___15:51:14   159     77    82    4.36    +++   5     
2.71    22___15:51:33   160     77    83    4.35    +++   6     
1.86    22___15:51:50   161     78    83    4.34    ---   5     
1       22___15:52:0    162     79    83    4.32    ---   4     
3.81    22___15:52:21   163     79    84    4.31    +++   5     
1.07    22___15:52:34   164     80    84    4.29    ---   4     
17.94   22___15:53:10   165     80    85    4.38    +++   5     
1.89    22___15:53:27   166     81    85    4.36    ---   4     
1.59    22___15:53:42   167     82    85    4.34    ---   3     
1.21    22___15:53:56   168     83    85    4.33    ---   2     
10.24   22___15:54:25   169     83    86    4.36    +++   3     
2.19    22___15:54:43   170     83    87    4.35    +++   4     
1.07    22___15:54:55   171     84    87    4.33    ---   3     
6.34    22___15:55:20   172     84    88    4.34    +++   4     
21.92   22___15:56:0    173     84    89    4.44    +++   5     
1.2     22___15:56:13   174     85    89    4.42    ---   4     
1.45    22___15:56:28   175     86    89    4.41    ---   3     
1.66    22___15:56:44   176     87    89    4.39    ---   2     
23.65   22___15:57:24   177     87    90    4.5     +++   3     
2.38    22___15:57:42   178     87    91    4.49    +++   4     
2.84    22___15:58:1    179     87    92    4.48    +++   5     
1.88    22___15:58:18   180     88    92    4.46    ---   4     
1       22___15:58:28   181     89    92    4.44    ---   3     
3.65    22___15:58:49   182     89    93    4.44    +++   4     
1.07    22___15:59:1    183     90    93    4.42    ---   3     
1.41    22___15:59:16   184     91    93    4.4     ---   2     
1.05    22___15:59:28   185     92    93    4.39    ---   1     
1.2     22___15:59:41   186     93    93    4.37    ---   0     
1.23    22___15:59:55   187     94    93    4.35    ---   -1    
