4.8     22___17:0:7     1       0     1     4.8     +++   1     
2.55    22___17:0:25    2       0     2     3.67    +++   2     
8.13    22___17:0:53    3       0     3     5.16    +++   3     
2.06    22___17:1:10    4       0     4     4.38    +++   4     
3.41    22___17:1:30    5       0     5     4.18    +++   5     
10.44   22___17:2:0     6       0     6     5.23    +++   6     
1.17    22___17:2:13    7       1     6     4.65    ---   5     
2.26    22___17:2:31    8       1     7     4.35    +++   6     
2.24    22___17:2:49    9       1     8     4.11    +++   7     
3.32    22___17:3:9     10      1     9     4.03    +++   8     
1       22___17:3:19    11      2     9     3.76    ---   7     
1.32    22___17:3:33    12      3     9     3.55    ---   6     
1.65    22___17:3:49    13      4     9     3.41    ---   5     
1.12    22___17:4:2     14      5     9     3.24    ---   4     
1.38    22___17:4:16    15      6     9     3.12    ---   3     
1.43    22___17:4:31    16      7     9     3.01    ---   2     
1.35    22___17:4:45    17      8     9     2.91    ---   1     
1.52    22___17:5:0     18      9     9     2.84    ---   0     
1.82    22___17:5:17    19      10    9     2.78    ---   -1    
1.56    22___17:5:32    20      11    9     2.72    ---   -2    
9.21    22___17:6:1     21      11    10    3.03    +++   -1    
1.77    22___17:6:17    22      12    10    2.97    ---   -2    
1       22___17:6:27    23      13    10    2.89    ---   -3    
3.3     22___17:6:47    24      13    11    2.9     +++   -2    
2.34    22___17:7:5     25      13    12    2.88    +++   -1    
1.75    22___17:7:21    26      14    12    2.84    ---   -2    
1.47    22___17:7:36    27      15    12    2.79    ---   -3    
1.1     22___17:7:49    28      16    12    2.73    ---   -4    
1.16    22___17:8:2     29      17    12    2.67    ---   -5    
2.54    22___17:8:20    30      17    13    2.67    +++   -4    
1.88    22___17:8:37    31      18    13    2.64    ---   -5    
2.18    22___17:8:54    32      18    14    2.63    +++   -4    
1.45    22___17:9:9     33      19    14    2.59    ---   -5    
1.11    22___17:9:21    34      20    14    2.55    ---   -6    
1.18    22___17:9:35    35      21    14    2.51    ---   -7    
3.46    22___17:9:55    36      21    15    2.53    +++   -6    
1.2     22___17:10:8    37      22    15    2.5     ---   -7    
1.7     22___17:10:24   38      23    15    2.48    ---   -8    
16.95   22___17:11:0    39      23    16    2.85    +++   -7    
1.02    22___17:11:12   40      24    16    2.8     ---   -8    
21.86   22___17:11:51   41      24    17    3.27    +++   -7    
4.78    22___17:12:14   42      24    18    3.3     +++   -6    
2.02    22___17:12:31   43      24    19    3.27    +++   -5    
4.29    22___17:12:53   44      24    20    3.3     +++   -4    
1.49    22___17:13:8    45      25    20    3.26    ---   -5    
1.7     22___17:13:24   46      26    20    3.22    ---   -6    
1.55    22___17:13:39   47      27    20    3.19    ---   -7    
1.11    22___17:13:51   48      28    20    3.14    ---   -8    
1.54    22___17:14:7    49      29    20    3.11    ---   -9    
1.23    22___17:14:20   50      30    20    3.07    ---   -10   
1.35    22___17:14:35   51      31    20    3.04    ---   -11   
2.45    22___17:14:53   52      31    21    3.03    +++   -10   
1.61    22___17:15:8    53      32    21    3       ---   -11   
3.05    22___17:15:28   54      32    22    3       +++   -10   
15.01   22___17:16:2    55      32    23    3.22    +++   -9    
1.76    22___17:16:18   56      33    23    3.19    ---   -10   
26.81   22___17:17:1    57      33    24    3.61    +++   -9    
1.21    22___17:17:14   58      34    24    3.57    ---   -10   
2.14    22___17:17:32   59      34    25    3.54    +++   -9    
1.18    22___17:17:45   60      35    25    3.5     ---   -10   
2.47    22___17:18:3    61      35    26    3.49    +++   -9    
2.07    22___17:18:20   62      35    27    3.46    +++   -8    
3.9     22___17:18:41   63      35    28    3.47    +++   -7    
6.35    22___17:19:6    64      35    29    3.51    +++   -6    
1.17    22___17:19:20   65      36    29    3.48    ---   -7    
1.33    22___17:19:34   66      37    29    3.45    ---   -8    
15      22___17:20:8    67      37    30    3.62    +++   -7    
7.35    22___17:20:34   68      37    31    3.67    +++   -6    
1.11    22___17:20:47   69      38    31    3.64    ---   -7    
1.36    22___17:21:2    70      39    31    3.6     ---   -8    
3.5     22___17:21:22   71      39    32    3.6     +++   -7    
23.04   22___17:22:2    72      39    33    3.87    +++   -6    
30.29   22___17:22:47   73      39    34    4.23    +++   -5    
1       22___17:22:57   74      40    34    4.19    ---   -6    
2.39    22___17:23:16   75      40    35    4.17    +++   -5    
1.68    22___17:23:31   76      41    35    4.13    ---   -6    
29.34   22___17:24:15   77      41    36    4.46    +++   -5    
1.13    22___17:24:28   78      42    36    4.42    ---   -6    
1.71    22___17:24:44   79      43    36    4.38    ---   -7    
1.21    22___17:24:58   80      44    36    4.34    ---   -8    
1.3     22___17:25:12   81      45    36    4.31    ---   -9    
1       22___17:25:22   82      46    36    4.27    ---   -10   
1.17    22___17:25:35   83      47    36    4.23    ---   -11   
1.27    22___17:25:49   84      48    36    4.19    ---   -12   
1.12    22___17:26:2    85      49    36    4.16    ---   -13   
1.06    22___17:26:14   86      50    36    4.12    ---   -14   
3.93    22___17:26:35   87      50    37    4.12    +++   -13   
1.2     22___17:26:49   88      51    37    4.08    ---   -14   
1       22___17:26:59   89      52    37    4.05    ---   -15   
2.05    22___17:27:16   90      52    38    4.03    +++   -14   
1.21    22___17:27:30   91      53    38    4       ---   -15   
1.27    22___17:27:44   92      54    38    3.97    ---   -16   
1       22___17:27:54   93      55    38    3.94    ---   -17   
7.23    22___17:28:21   94      55    39    3.97    +++   -16   
11.02   22___17:28:51   95      55    40    4.04    +++   -15   
1.31    22___17:29:5    96      56    40    4.02    ---   -16   
1       22___17:29:16   97      57    40    3.98    ---   -17   
15.49   22___17:29:50   98      57    41    4.1     +++   -16   
2.17    22___17:30:8    99      57    42    4.08    +++   -15   
20.94   22___17:30:46   100     57    43    4.25    +++   -14   
1.97    22___17:31:3    101     58    43    4.23    ---   -15   
20.81   22___17:31:42   102     58    44    4.39    +++   -14   
6.49    22___17:32:7    103     58    45    4.41    +++   -13   
1.02    22___17:32:19   104     59    45    4.38    ---   -14   
1.01    22___17:32:30   105     60    45    4.35    ---   -15   
1.47    22___17:32:45   106     61    45    4.32    ---   -16   
1.51    22___17:33:0    107     62    45    4.29    ---   -17   
2.1     22___17:33:17   108     62    46    4.27    +++   -16   
1.15    22___17:33:30   109     63    46    4.24    ---   -17   
1.93    22___17:33:47   110     64    46    4.22    ---   -18   
1.74    22___17:34:3    111     65    46    4.2     ---   -19   
1.03    22___17:34:14   112     66    46    4.17    ---   -20   
4.88    22___17:34:37   113     66    47    4.18    +++   -19   
1.28    22___17:34:51   114     67    47    4.15    ---   -20   
12.01   22___17:35:23   115     67    48    4.22    +++   -19   
4.23    22___17:35:45   116     67    49    4.22    +++   -18   
1.46    22___17:35:59   117     68    49    4.2     ---   -19   
21.65   22___17:36:39   118     68    50    4.35    +++   -18   
1.1     22___17:36:52   119     69    50    4.32    ---   -19   
3.85    22___17:37:13   120     69    51    4.31    +++   -18   
1.36    22___17:37:27   121     70    51    4.29    ---   -19   
7.08    22___17:37:54   122     70    52    4.31    +++   -18   
1.81    22___17:38:10   123     71    52    4.29    ---   -19   
1.8     22___17:38:25   124     72    52    4.27    ---   -20   
6.02    22___17:38:50   125     72    53    4.29    +++   -19   
7.91    22___17:39:18   126     72    54    4.31    +++   -18   
1.33    22___17:39:31   127     73    54    4.29    ---   -19   
1.79    22___17:39:48   128     74    54    4.27    ---   -20   
1.74    22___17:40:4    129     75    54    4.25    ---   -21   
1.46    22___17:40:18   130     76    54    4.23    ---   -22   
2.27    22___17:40:36   131     76    55    4.22    +++   -21   
1       22___17:40:47   132     77    55    4.19    ---   -22   
1.56    22___17:41:2    133     78    55    4.17    ---   -23   
1       22___17:41:12   134     79    55    4.15    ---   -24   
3.6     22___17:41:33   135     79    56    4.14    +++   -23   
2.05    22___17:41:50   136     79    57    4.13    +++   -22   
16.98   22___17:42:26   137     79    58    4.22    +++   -21   
2.65    22___17:42:45   138     79    59    4.21    +++   -20   
3.4     22___17:43:5    139     79    60    4.2     +++   -19   
1       22___17:43:16   140     80    60    4.18    ---   -20   
2.11    22___17:43:33   141     80    61    4.17    +++   -19   
1.7     22___17:43:49   142     81    61    4.15    ---   -20   
2.08    22___17:44:6    143     81    62    4.13    +++   -19   
1.34    22___17:44:20   144     82    62    4.12    ---   -20   
1       22___17:44:31   145     83    62    4.09    ---   -21   
1       22___17:44:41   146     84    62    4.07    ---   -22   
1.06    22___17:44:53   147     85    62    4.05    ---   -23   
1       22___17:45:4    148     86    62    4.03    ---   -24   
33.95   22___17:45:51   149     86    63    4.23    +++   -23   
4.53    22___17:46:13   150     86    64    4.23    +++   -22   
1.61    22___17:46:29   151     87    64    4.22    ---   -23   
1.64    22___17:46:44   152     88    64    4.2     ---   -24   
9.46    22___17:47:13   153     88    65    4.23    +++   -23   
1.18    22___17:47:26   154     89    65    4.21    ---   -24   
1.22    22___17:47:40   155     90    65    4.19    ---   -25   
1.27    22___17:47:54   156     91    65    4.18    ---   -26   
1.32    22___17:48:8    157     92    65    4.16    ---   -27   
1.8     22___17:48:24   158     93    65    4.14    ---   -28   
1.74    22___17:48:40   159     94    65    4.13    ---   -29   
15.31   22___17:49:14   160     94    66    4.2     +++   -28   
1.3     22___17:49:28   161     95    66    4.18    ---   -29   
10.33   22___17:49:58   162     95    67    4.22    +++   -28   
1       22___17:50:9    163     96    67    4.2     ---   -29   
6.81    22___17:50:35   164     96    68    4.21    +++   -28   
1.04    22___17:50:47   165     97    68    4.19    ---   -29   
1.04    22___17:50:59   166     98    68    4.18    ---   -30   
1.51    22___17:51:14   167     99    68    4.16    ---   -31   
31.37   22___17:51:59   168     99    69    4.32    +++   -30   
5.84    22___17:52:24   169     99    70    4.33    +++   -29   
1.93    22___17:52:40   170     100   70    4.32    ---   -30   
1.01    22___17:52:51   171     101   70    4.3     ---   -31   
1.41    22___17:53:6    172     102   70    4.28    ---   -32   
1.4     22___17:53:20   173     103   70    4.26    ---   -33   
1.32    22___17:53:35   174     104   70    4.25    ---   -34   
1.7     22___17:53:50   175     105   70    4.23    ---   -35   
6.39    22___17:54:16   176     105   71    4.24    +++   -34   
1.9     22___17:54:32   177     106   71    4.23    ---   -35   
5.16    22___17:54:56   178     106   72    4.24    +++   -34   
1.23    22___17:55:9    179     107   72    4.22    ---   -35   
2.84    22___17:55:28   180     107   73    4.21    +++   -34   
1.75    22___17:55:44   181     108   73    4.2     ---   -35   
1.03    22___17:55:56   182     109   73    4.18    ---   -36   
1.16    22___17:56:9    183     110   73    4.16    ---   -37   
1.97    22___17:56:26   184     111   73    4.15    ---   -38   
21.58   22___17:57:5    185     111   74    4.25    +++   -37   
4.53    22___17:57:27   186     111   75    4.25    +++   -36   
1.8     22___17:57:44   187     112   75    4.23    ---   -37   
1.73    22___17:58:0    188     113   75    4.22    ---   -38   
1.39    22___17:58:14   189     114   75    4.21    ---   -39   
1.24    22___17:58:28   190     115   75    4.19    ---   -40   
1.4     22___17:58:42   191     116   75    4.18    ---   -41   
1.4     22___17:58:57   192     117   75    4.16    ---   -42   
1.57    22___17:59:12   193     118   75    4.15    ---   -43   
3.16    22___17:59:32   194     118   76    4.14    +++   -42   
1.45    22___17:59:47   195     119   76    4.13    ---   -43   
