1.55    22___14:0:4     1       1     0     1.55    ---   -1    
1.25    22___14:0:18    2       2     0     1.4     ---   -2    
9.85    22___14:0:47    3       2     1     4.21    +++   -1    
2.13    22___14:1:4     4       2     2     3.69    +++   0     
1.03    22___14:1:16    5       3     2     3.16    ---   -1    
1.66    22___14:1:32    6       4     2     2.91    ---   -2    
1.73    22___14:1:48    7       5     2     2.74    ---   -3    
27.44   22___14:2:31    8       5     3     5.83    +++   -2    
14.7    22___14:3:5     9       5     4     6.81    +++   -1    
1.04    22___14:3:17    10      6     4     6.23    ---   -2    
1.95    22___14:3:34    11      7     4     5.84    ---   -3    
3.05    22___14:3:53    12      7     5     5.61    +++   -2    
2.19    22___14:4:11    13      7     6     5.35    +++   -1    
1.04    22___14:4:22    14      8     6     5.04    ---   -2    
1.44    22___14:4:37    15      9     6     4.8     ---   -3    
1.95    22___14:4:54    16      10    6     4.62    ---   -4    
1.07    22___14:5:6     17      11    6     4.41    ---   -5    
1.39    22___14:5:21    18      12    6     4.24    ---   -6    
3.25    22___14:5:41    19      12    7     4.19    +++   -5    
1.02    22___14:5:52    20      13    7     4.03    ---   -6    
1.48    22___14:6:7     21      14    7     3.91    ---   -7    
2.47    22___14:6:25    22      14    8     3.84    +++   -6    
33.18   22___14:7:12    23      14    9     5.12    +++   -5    
6.54    22___14:7:37    24      14    10    5.18    +++   -4    
2.98    22___14:7:57    25      14    11    5.09    +++   -3    
4.88    22___14:8:20    26      14    12    5.08    +++   -2    
3.12    22___14:8:40    27      14    13    5.01    +++   -1    
6.16    22___14:9:4     28      14    14    5.05    +++   0     
7.09    22___14:9:31    29      14    15    5.12    +++   1     
1.42    22___14:9:45    30      15    15    5       ---   0     
2.45    22___14:10:3    31      15    16    4.91    +++   1     
2.17    22___14:10:21   32      15    17    4.83    +++   2     
4.39    22___14:10:43   33      15    18    4.81    +++   3     
1.83    22___14:10:59   34      16    18    4.73    ---   2     
1.17    22___14:11:13   35      17    18    4.63    ---   1     
1.61    22___14:11:28   36      18    18    4.54    ---   0     
1.65    22___14:11:44   37      19    18    4.46    ---   -1    
4.75    22___14:12:7    38      19    19    4.47    +++   0     
1.79    22___14:12:23   39      20    19    4.4     ---   -1    
1.86    22___14:12:39   40      21    19    4.34    ---   -2    
3.6     22___14:13:0    41      21    20    4.32    +++   -1    
3.85    22___14:13:21   42      21    21    4.31    +++   0     
2.41    22___14:13:39   43      21    22    4.26    +++   1     
1.2     22___14:13:53   44      22    22    4.19    ---   0     
1.47    22___14:14:7    45      23    22    4.13    ---   -1    
1.51    22___14:14:22   46      24    22    4.08    ---   -2    
2.73    22___14:14:41   47      24    23    4.05    +++   -1    
1.98    22___14:14:58   48      25    23    4       ---   -2    
1.17    22___14:15:11   49      26    23    3.95    ---   -3    
1.59    22___14:15:27   50      27    23    3.9     ---   -4    
29.79   22___14:16:11   51      27    24    4.41    +++   -3    
1.3     22___14:16:25   52      28    24    4.35    ---   -4    
7.98    22___14:16:52   53      28    25    4.42    +++   -3    
1.01    22___14:17:4    54      29    25    4.35    ---   -4    
2.94    22___14:17:23   55      29    26    4.33    +++   -3    
1.09    22___14:17:35   56      30    26    4.27    ---   -4    
2.15    22___14:17:53   57      30    27    4.23    +++   -3    
4.57    22___14:18:15   58      30    28    4.24    +++   -2    
31.16   22___14:19:1    59      30    29    4.69    +++   -1    
5.49    22___14:19:24   60      30    30    4.71    +++   0     
3.47    22___14:19:45   61      30    31    4.69    +++   1     
2.32    22___14:20:3    62      30    32    4.65    +++   2     
1.99    22___14:20:20   63      31    32    4.61    ---   1     
3.77    22___14:20:41   64      31    33    4.59    +++   2     
1.51    22___14:20:56   65      32    33    4.55    ---   1     
2.16    22___14:21:13   66      32    34    4.51    +++   2     
2.06    22___14:21:30   67      32    35    4.47    +++   3     
14.02   22___14:22:3    68      32    36    4.61    +++   4     
2.46    22___14:22:22   69      32    37    4.58    +++   5     
2.1     22___14:22:39   70      32    38    4.55    +++   6     
20.92   22___14:23:18   71      32    39    4.78    +++   7     
1.03    22___14:23:29   72      33    39    4.72    ---   6     
1.68    22___14:23:45   73      34    39    4.68    ---   5     
1.1     22___14:23:58   74      35    39    4.63    ---   4     
1.52    22___14:24:13   75      36    39    4.59    ---   3     
2.53    22___14:24:31   76      36    40    4.57    +++   4     
2.14    22___14:24:48   77      36    41    4.53    +++   5     
5.81    22___14:25:13   78      36    42    4.55    +++   6     
16.9    22___14:25:49   79      36    43    4.71    +++   7     
3.94    22___14:26:10   80      36    44    4.7     +++   8     
3.82    22___14:26:31   81      36    45    4.69    +++   9     
1.18    22___14:26:44   82      37    45    4.64    ---   8     
1.7     22___14:27:0    83      38    45    4.61    ---   7     
1.84    22___14:27:16   84      39    45    4.57    ---   6     
1.35    22___14:27:31   85      40    45    4.54    ---   5     
1.49    22___14:27:46   86      41    45    4.5     ---   4     
3.31    22___14:28:6    87      41    46    4.49    +++   5     
1.24    22___14:28:20   88      42    46    4.45    ---   4     
17.44   22___14:28:56   89      42    47    4.6     +++   5     
1.73    22___14:29:12   90      43    47    4.56    ---   4     
1.83    22___14:29:28   91      44    47    4.53    ---   3     
3.5     22___14:29:49   92      44    48    4.52    +++   4     
1.18    22___14:30:2    93      45    48    4.49    ---   3     
1.9     22___14:30:19   94      46    48    4.46    ---   2     
2.25    22___14:30:36   95      46    49    4.44    +++   3     
1.37    22___14:30:51   96      47    49    4.4     ---   2     
1.03    22___14:31:2    97      48    49    4.37    ---   1     
1       22___14:31:13   98      49    49    4.33    ---   0     
1       22___14:31:23   99      50    49    4.3     ---   -1    
1       22___14:31:34   100     51    49    4.27    ---   -2    
4.2     22___14:31:56   101     51    50    4.27    +++   -1    
22.37   22___14:32:36   102     51    51    4.44    +++   0     
2.6     22___14:32:54   103     51    52    4.43    +++   1     
1.23    22___14:33:8    104     52    52    4.4     ---   0     
1.42    22___14:33:22   105     53    52    4.37    ---   -1    
2.06    22___14:33:39   106     53    53    4.35    +++   0     
1.16    22___14:33:53   107     54    53    4.32    ---   -1    
6.54    22___14:34:18   108     54    54    4.34    +++   0     
3.58    22___14:34:39   109     54    55    4.33    +++   1     
1.32    22___14:34:53   110     55    55    4.3     ---   0     
2.33    22___14:35:11   111     55    56    4.28    +++   1     
1.02    22___14:35:22   112     56    56    4.26    ---   0     
1       22___14:35:33   113     57    56    4.23    ---   -1    
2.17    22___14:35:50   114     57    57    4.21    +++   0     
22.56   22___14:36:30   115     57    58    4.37    +++   1     
11.61   22___14:37:1    116     57    59    4.43    +++   2     
1.14    22___14:37:14   117     58    59    4.4     ---   1     
1.03    22___14:37:26   118     59    59    4.37    ---   0     
1.15    22___14:37:39   119     60    59    4.35    ---   -1    
1.62    22___14:37:54   120     61    59    4.32    ---   -2    
1.41    22___14:38:9    121     62    59    4.3     ---   -3    
1.46    22___14:38:24   122     63    59    4.28    ---   -4    
1.58    22___14:38:39   123     64    59    4.25    ---   -5    
1       22___14:38:50   124     65    59    4.23    ---   -6    
1.61    22___14:39:5    125     66    59    4.21    ---   -7    
6.22    22___14:39:31   126     66    60    4.22    +++   -6    
1.65    22___14:39:46   127     67    60    4.2     ---   -7    
1.11    22___14:39:58   128     68    60    4.18    ---   -8    
1.88    22___14:40:15   129     69    60    4.16    ---   -9    
1.54    22___14:40:30   130     70    60    4.14    ---   -10   
1.38    22___14:40:44   131     71    60    4.12    ---   -11   
3.8     22___14:41:6    132     71    61    4.12    +++   -10   
2.66    22___14:41:24   133     71    62    4.11    +++   -9    
1.66    22___14:41:40   134     72    62    4.09    ---   -10   
1.35    22___14:41:54   135     73    62    4.07    ---   -11   
1.71    22___14:42:11   136     74    62    4.05    ---   -12   
3.31    22___14:42:30   137     74    63    4.04    +++   -11   
3.02    22___14:42:50   138     74    64    4.04    +++   -10   
1.18    22___14:43:3    139     75    64    4.02    ---   -11   
1.99    22___14:43:21   140     76    64    4       ---   -12   
3.65    22___14:43:41   141     76    65    4       +++   -11   
1.28    22___14:43:55   142     77    65    3.98    ---   -12   
2.04    22___14:44:12   143     77    66    3.97    +++   -11   
1.38    22___14:44:26   144     78    66    3.95    ---   -12   
1.32    22___14:44:40   145     79    66    3.93    ---   -13   
2.29    22___14:44:58   146     79    67    3.92    +++   -12   
5.3     22___14:45:22   147     79    68    3.93    +++   -11   
22.97   22___14:46:2    148     79    69    4.06    +++   -10   
1.47    22___14:46:17   149     80    69    4.04    ---   -11   
1.6     22___14:46:32   150     81    69    4.02    ---   -12   
7.83    22___14:46:59   151     81    70    4.05    +++   -11   
2.51    22___14:47:17   152     81    71    4.04    +++   -10   
1       22___14:47:29   153     82    71    4.02    ---   -11   
13.58   22___14:48:1    154     82    72    4.08    +++   -10   
7.63    22___14:48:28   155     82    73    4.1     +++   -9    
20.05   22___14:49:6    156     82    74    4.21    +++   -8    
5.94    22___14:49:31   157     82    75    4.22    +++   -7    
16.35   22___14:50:7    158     82    76    4.29    +++   -6    
2.53    22___14:50:29   159     82    77    4.28    +++   -5    
1.81    22___14:50:41   160     83    77    4.27    ---   -6    
1.1     22___14:50:53   161     84    77    4.25    ---   -7    
3.66    22___14:51:14   162     84    78    4.24    +++   -6    
25.2    22___14:51:56   163     84    79    4.37    +++   -5    
1.57    22___14:52:11   164     85    79    4.35    ---   -6    
1.45    22___14:52:26   165     86    79    4.34    ---   -7    
21.92   22___14:53:5    166     86    80    4.44    +++   -6    
1.17    22___14:53:18   167     87    80    4.42    ---   -7    
1.88    22___14:53:35   168     88    80    4.41    ---   -8    
1       22___14:53:45   169     89    80    4.39    ---   -9    
1.42    22___14:54:0    170     90    80    4.37    ---   -10   
4.16    22___14:54:22   171     90    81    4.37    +++   -9    
7.64    22___14:54:49   172     90    82    4.39    +++   -8    
6.04    22___14:55:13   173     90    83    4.4     +++   -7    
1       22___14:55:24   174     91    83    4.38    ---   -8    
2.88    22___14:55:43   175     91    84    4.37    +++   -7    
1.13    22___14:55:56   176     92    84    4.35    ---   -8    
1.24    22___14:56:10   177     93    84    4.33    ---   -9    
1.72    22___14:56:26   178     94    84    4.32    ---   -10   
7.12    22___14:56:52   179     94    85    4.33    +++   -9    
6.28    22___14:57:17   180     94    86    4.35    +++   -8    
4.27    22___14:57:39   181     94    87    4.34    +++   -7    
1.02    22___14:57:50   182     95    87    4.33    ---   -8    
10.8    22___14:58:21   183     95    88    4.36    +++   -7    
1.05    22___14:58:33   184     96    88    4.34    ---   -8    
1.09    22___14:58:45   185     97    88    4.33    ---   -9    
1.61    22___14:59:1    186     98    88    4.31    ---   -10   
1.47    22___14:59:16   187     99    88    4.3     ---   -11   
7.55    22___14:59:42   188     99    89    4.31    +++   -10   
1.62    22___14:59:58   189     100   89    4.3     ---   -11   
