11.04   22___12:0:23    1       0     1     11.04   +++   1     
4.69    22___12:0:45    2       0     2     7.86    +++   2     
1.75    22___12:1:1     3       1     2     5.82    ---   1     
1.03    22___12:1:13    4       2     2     4.62    ---   0     
1.79    22___12:1:29    5       3     2     4.06    ---   -1    
1.13    22___12:1:42    6       4     2     3.57    ---   -2    
2.9     22___12:2:1     7       4     3     3.47    +++   -1    
1.95    22___12:2:18    8       5     3     3.28    ---   -2    
1.34    22___12:2:32    9       6     3     3.06    ---   -3    
2.3     22___12:2:50    10      6     4     2.99    +++   -2    
5.46    22___12:3:14    11      6     5     3.21    +++   -1    
2.07    22___12:3:31    12      6     6     3.12    +++   0     
2.05    22___12:3:48    13      6     7     3.03    +++   1     
1.53    22___12:4:3     14      7     7     2.93    ---   0     
1.05    22___12:4:15    15      8     7     2.8     ---   -1    
2.36    22___12:4:33    16      8     8     2.77    +++   0     
1.17    22___12:4:46    17      9     8     2.68    ---   -1    
5.42    22___12:5:10    18      9     9     2.83    +++   0     
2.14    22___12:5:27    19      9     10    2.79    +++   1     
1.58    22___12:5:43    20      10    10    2.73    ---   0     
1.12    22___12:5:55    21      11    10    2.66    ---   -1    
5.4     22___12:6:19    22      11    11    2.78    +++   0     
8.22    22___12:6:47    23      11    12    3.02    +++   1     
1.71    22___12:7:2     24      12    12    2.96    ---   0     
2.71    22___12:7:21    25      12    13    2.95    +++   1     
1.01    22___12:7:32    26      13    13    2.88    ---   0     
1.28    22___12:7:46    27      14    13    2.82    ---   -1    
2.29    22___12:8:4     28      14    14    2.8     +++   0     
1.77    22___12:8:20    29      15    14    2.76    ---   -1    
1.4     22___12:8:35    30      16    14    2.72    ---   -2    
1.45    22___12:8:50    31      17    14    2.68    ---   -3    
23.69   22___12:9:30    32      17    15    3.33    +++   -2    
1.48    22___12:9:45    33      18    15    3.28    ---   -3    
5.11    22___12:10:8    34      18    16    3.33    +++   -2    
1.33    22___12:10:23   35      19    16    3.27    ---   -3    
2.06    22___12:10:40   36      19    17    3.24    +++   -2    
1.68    22___12:10:55   37      20    17    3.2     ---   -3    
6.93    22___12:11:21   38      20    18    3.29    +++   -2    
2.55    22___12:11:40   39      20    19    3.28    +++   -1    
9.06    22___12:12:8    40      20    20    3.42    +++   0     
1.03    22___12:12:20   41      21    20    3.36    ---   -1    
1       22___12:12:30   42      22    20    3.31    ---   -2    
1.15    22___12:12:43   43      23    20    3.26    ---   -3    
1.24    22___12:12:57   44      24    20    3.21    ---   -4    
6.55    22___12:13:23   45      24    21    3.28    +++   -3    
3.52    22___12:13:43   46      24    22    3.29    +++   -2    
1.02    22___12:13:55   47      25    22    3.24    ---   -3    
1.49    22___12:14:9    48      26    22    3.2     ---   -4    
5.09    22___12:14:33   49      26    23    3.24    +++   -3    
1.69    22___12:14:49   50      27    23    3.21    ---   -4    
1.14    22___12:15:2    51      28    23    3.17    ---   -5    
1.13    22___12:15:14   52      29    23    3.13    ---   -6    
1.49    22___12:15:29   53      30    23    3.1     ---   -7    
3.65    22___12:15:50   54      30    24    3.11    +++   -6    
1.04    22___12:16:2    55      31    24    3.07    ---   -7    
1.11    22___12:16:15   56      32    24    3.04    ---   -8    
1.27    22___12:16:28   57      33    24    3.01    ---   -9    
1.69    22___12:16:44   58      34    24    2.98    ---   -10   
2.14    22___12:17:1    59      34    25    2.97    +++   -9    
5.57    22___12:17:26   60      34    26    3.01    +++   -8    
3.8     22___12:17:47   61      34    27    3.02    +++   -7    
1.65    22___12:18:2    62      35    27    3       ---   -8    
3.57    22___12:18:23   63      35    28    3.01    +++   -7    
1.56    22___12:18:38   64      36    28    2.99    ---   -8    
1.61    22___12:18:54   65      37    28    2.97    ---   -9    
1.12    22___12:19:6    66      38    28    2.94    ---   -10   
1.21    22___12:19:20   67      39    28    2.91    ---   -11   
3.87    22___12:19:41   68      39    29    2.93    +++   -10   
1.15    22___12:19:54   69      40    29    2.9     ---   -11   
2.19    22___12:20:12   70      40    30    2.89    +++   -10   
1.16    22___12:20:25   71      41    30    2.87    ---   -11   
2.02    22___12:20:42   72      41    31    2.86    +++   -10   
3.88    22___12:21:3    73      41    32    2.87    +++   -9    
4.2     22___12:21:25   74      41    33    2.89    +++   -8    
2.72    22___12:21:44   75      41    34    2.88    +++   -7    
1.62    22___12:21:59   76      42    34    2.87    ---   -8    
1.13    22___12:22:12   77      43    34    2.85    ---   -9    
3.26    22___12:22:32   78      43    35    2.85    +++   -8    
2.37    22___12:22:50   79      43    36    2.84    +++   -7    
1.02    22___12:23:1    80      44    36    2.82    ---   -8    
2.32    22___12:23:20   81      44    37    2.82    +++   -7    
6.46    22___12:23:45   82      44    38    2.86    +++   -6    
2.59    22___12:24:3    83      44    39    2.86    +++   -5    
4.65    22___12:24:26   84      44    40    2.88    +++   -4    
28.42   22___12:25:10   85      44    41    3.18    +++   -3    
1.19    22___12:25:23   86      45    41    3.15    ---   -4    
9.92    22___12:25:52   87      45    42    3.23    +++   -3    
1.13    22___12:26:5    88      46    42    3.21    ---   -4    
4.05    22___12:26:27   89      46    43    3.22    +++   -3    
5.4     22___12:26:50   90      46    44    3.24    +++   -2    
28.91   22___12:27:34   91      46    45    3.52    +++   -1    
3.26    22___12:27:54   92      46    46    3.52    +++   0     
1.61    22___12:28:10   93      47    46    3.5     ---   -1    
1.47    22___12:28:25   94      48    46    3.48    ---   -2    
3.47    22___12:28:45   95      48    47    3.48    +++   -1    
1.1     22___12:28:58   96      49    47    3.45    ---   -2    
1.02    22___12:29:9    97      50    47    3.43    ---   -3    
1.97    22___12:29:26   98      51    47    3.41    ---   -4    
2.48    22___12:29:44   99      51    48    3.4     +++   -3    
5.31    22___12:30:8    100     51    49    3.42    +++   -2    
5.45    22___12:30:32   101     51    50    3.44    +++   -1    
1.54    22___12:30:47   102     52    50    3.42    ---   -2    
13.84   22___12:31:20   103     52    51    3.53    +++   -1    
3.93    22___12:31:42   104     52    52    3.53    +++   0     
1.3     22___12:31:56   105     53    52    3.51    ---   -1    
2.47    22___12:32:14   106     53    53    3.5     +++   0     
1.55    22___12:32:29   107     54    53    3.48    ---   -1    
3.37    22___12:32:49   108     54    54    3.48    +++   0     
1.92    22___12:33:6    109     55    54    3.46    ---   -1    
3.62    22___12:33:27   110     55    55    3.47    +++   0     
3.43    22___12:33:47   111     55    56    3.47    +++   1     
1.23    22___12:34:1    112     56    56    3.45    ---   0     
1.02    22___12:34:12   113     57    56    3.42    ---   -1    
1.18    22___12:34:25   114     58    56    3.4     ---   -2    
2.45    22___12:34:43   115     58    57    3.4     +++   -1    
2.09    22___12:35:1    116     58    58    3.39    +++   0     
2.69    22___12:35:19   117     58    59    3.38    +++   1     
4.49    22___12:35:42   118     58    60    3.39    +++   2     
1.07    22___12:35:54   119     59    60    3.37    ---   1     
1       22___12:36:5    120     60    60    3.35    ---   0     
4.47    22___12:36:27   121     60    61    3.36    +++   1     
1.25    22___12:36:41   122     61    61    3.34    ---   0     
1.4     22___12:36:55   123     62    61    3.33    ---   -1    
3.87    22___12:37:16   124     62    62    3.33    +++   0     
2.1     22___12:37:34   125     62    63    3.32    +++   1     
2       22___12:37:50   126     62    64    3.31    +++   2     
2.26    22___12:38:8    127     62    65    3.3     +++   3     
2.35    22___12:38:26   128     62    66    3.29    +++   4     
1.27    22___12:38:40   129     63    66    3.28    ---   3     
4.99    22___12:39:3    130     63    67    3.29    +++   4     
1.92    22___12:39:20   131     64    67    3.28    ---   3     
1.98    22___12:39:36   132     65    67    3.27    ---   2     
1.53    22___12:39:51   133     66    67    3.26    ---   1     
3.78    22___12:40:13   134     66    68    3.26    +++   2     
11.92   22___12:40:44   135     66    69    3.33    +++   3     
4.49    22___12:41:6    136     66    70    3.33    +++   4     
1.27    22___12:41:20   137     67    70    3.32    ---   3     
2.55    22___12:41:39   138     67    71    3.31    +++   4     
2.53    22___12:41:57   139     67    72    3.31    +++   5     
31.55   22___12:42:42   140     67    73    3.51    +++   6     
5.34    22___12:43:6    141     67    74    3.52    +++   7     
1.63    22___12:43:22   142     68    74    3.51    ---   6     
4.02    22___12:43:43   143     68    75    3.51    +++   7     
1.05    22___12:43:55   144     69    75    3.5     ---   6     
1.63    22___12:44:11   145     70    75    3.48    ---   5     
1.97    22___12:44:28   146     71    75    3.47    ---   4     
1.21    22___12:44:41   147     72    75    3.46    ---   3     
1.47    22___12:44:56   148     73    75    3.44    ---   2     
3.02    22___12:45:15   149     73    76    3.44    +++   3     
1.21    22___12:45:29   150     74    76    3.43    ---   2     
1.01    22___12:45:40   151     75    76    3.41    ---   1     
1.01    22___12:45:51   152     76    76    3.39    ---   0     
1.4     22___12:46:6    153     77    76    3.38    ---   -1    
3.31    22___12:46:26   154     77    77    3.38    +++   0     
1.84    22___12:46:42   155     78    77    3.37    ---   -1    
1       22___12:46:53   156     79    77    3.35    ---   -2    
4.56    22___12:47:15   157     79    78    3.36    +++   -1    
4.23    22___12:47:37   158     79    79    3.37    +++   0     
1.09    22___12:47:50   159     80    79    3.35    ---   -1    
1.02    22___12:48:1    160     81    79    3.34    ---   -2    
1.28    22___12:48:15   161     82    79    3.33    ---   -3    
30.11   22___12:49:0    162     82    80    3.49    +++   -2    
4.88    22___12:49:23   163     82    81    3.5     +++   -1    
2.45    22___12:49:41   164     82    82    3.49    +++   0     
1.09    22___12:49:53   165     83    82    3.48    ---   -1    
1.5     22___12:50:8    166     84    82    3.47    ---   -2    
9.65    22___12:50:37   167     84    83    3.5     +++   -1    
22.24   22___12:51:17   168     84    84    3.62    +++   0     
1.49    22___12:51:32   169     85    84    3.6     ---   -1    
2.31    22___12:51:50   170     85    85    3.59    +++   0     
1.5     22___12:52:5    171     86    85    3.58    ---   -1    
2.7     22___12:52:24   172     86    86    3.58    +++   0     
2.52    22___12:52:42   173     86    87    3.57    +++   1     
6.48    22___12:53:7    174     86    88    3.59    +++   2     
2.08    22___12:53:24   175     86    89    3.58    +++   3     
3.34    22___12:53:45   176     86    90    3.58    +++   4     
1       22___12:53:55   177     87    90    3.56    ---   3     
4.22    22___12:54:17   178     87    91    3.57    +++   4     
9.25    22___12:54:46   179     87    92    3.6     +++   5     
1.25    22___12:54:59   180     88    92    3.59    ---   4     
1.52    22___12:55:15   181     89    92    3.57    ---   3     
20.68   22___12:55:53   182     89    93    3.67    +++   4     
1.29    22___12:56:7    183     90    93    3.66    ---   3     
1.46    22___12:56:22   184     91    93    3.64    ---   2     
1.02    22___12:56:33   185     92    93    3.63    ---   1     
1.09    22___12:56:46   186     93    93    3.62    ---   0     
27.41   22___12:57:29   187     93    94    3.74    +++   1     
2.85    22___12:57:48   188     93    95    3.74    +++   2     
1       22___12:57:59   189     94    95    3.72    ---   1     
1.1     22___12:58:11   190     95    95    3.71    ---   0     
3.24    22___12:58:31   191     95    96    3.71    +++   1     
3.66    22___12:58:52   192     95    97    3.71    +++   2     
5.85    22___12:59:16   193     95    98    3.72    +++   3     
1.12    22___12:59:29   194     96    98    3.7     ---   2     
