1.86    22___9:53:0     1       1     0     1.86    ---   -1    
3.24    22___9:53:20    2       1     1     2.55    +++   0     
9.33    22___9:53:48    3       1     2     4.8     +++   1     
2.37    22___9:54:6     4       1     3     4.2     +++   2     
2.06    22___9:54:23    5       1     4     3.77    +++   3     
6.17    22___9:54:48    6       1     5     4.17    +++   4     
7.59    22___9:55:15    7       1     6     4.66    +++   5     
3.4     22___9:55:35    8       1     7     4.5     +++   6     
5.37    22___9:55:59    9       1     8     4.59    +++   7     
1.48    22___9:56:14    10      2     8     4.28    ---   6     
1.48    22___9:56:29    11      3     8     4.03    ---   5     
1.03    22___9:56:41    12      4     8     3.78    ---   4     
3.71    22___9:57:2     13      4     9     3.77    +++   5     
1.89    22___9:57:18    14      5     9     3.64    ---   4     
1.89    22___9:57:35    15      6     9     3.52    ---   3     
1.65    22___9:57:50    16      7     9     3.4     ---   2     
1.07    22___9:58:2     17      8     9     3.26    ---   1     
1.39    22___9:58:17    18      9     9     3.16    ---   0     
1.25    22___9:58:31    19      10    9     3.06    ---   -1    
2.8     22___9:58:50    20      10    10    3.05    +++   0     
4.09    22___9:59:11    21      10    11    3.1     +++   1     
5.41    22___9:59:35    22      10    12    3.2     +++   2     
1.97    22___9:59:52    23      11    12    3.15    ---   1     
